3410	0.009456571439680466
822	0.0010508754719708911
519	0.0012345118084259544
21	0.23814906175982278
1793	0.0
189	0.07235364684668506
3194	0.00017951304340791912
157	0.0030672659037779917
548	0.0005129712442479637
314	0.0009076675982788229
1844	2.228896249533564e-05
1680	0.0004790777252595759
112	0.013735485244479194
3150	0.000385312934398208
1424	3.971636459993333e-06
1248	0.0008368168244216427
2972	7.030151897016829e-05
1586	0.0007386868150372599
201	0.00224668365707485
481	0.00010743232853631512
403	0.00023959450755577143
1383	0.0
69	0.058483838663825075
43	0.0002753138442718352
600	6.505142555997393e-06
629	0.0004384737188525149
63	0.07206216718939443
113	0.0015747009970394845
3409	0.0002279131194103128
119	0.0006968579478711193
23	0.0004009961916474898
150	0.0
388	0.0002559827644091076
2491	0.0
3005	0.0010130198274438307
507	0.00019869514773709007
904	7.228623224058e-05
325	0.00019086069830584975
123	0.002822465873104574
1325	5.99322933215545e-05
869	3.5757709323592054e-05
3411	0.004409565165124475
34	0.0026733281534512135
231	1.964389947699023e-05
575	0.00029954387351621107
2635	0.0
963	0.0
3002	0.0
1175	0.0
3412	0.054788826853492
1857	0.0
2198	0.00027277775048215367
1407	0.0027633944666169137
1408	0.0
1621	0.00016753006422314616
2502	0.0
863	0.00037156805770972303
577	4.220339156813617e-05
2054	0.00015856740687474172
1577	0.00041538820175576557
3300	0.00040458942441412603
442	0.0008879947318065684
503	0.003677348382634781
3270	0.0
2949	0.000598324207334156
1583	0.0
468	0.00031729766182348845
2980	0.0
1931	0.00011267154609475659
620	0.0008264908771066904
2522	0.0
1782	0.0
1191	0.0
264	0.0005725422615616473
2022	0.0009992328716000958
358	0.0
2090	0.0
3314	0.0012905075630494488
913	0.00025277759311871574
1180	0.0002915944335068907
475	0.0003897884724722547
815	2.84937351296765e-05
404	0.00029210219781831926
3099	0.0
2162	0.000718386942612306
3384	0.0
2278	0.0011723501322474163
3116	4.299425667337286e-05
794	0.00014508650819013594
254	0.0012712635904177144
1219	0.0
1741	0.0
710	0.000141897112791305
2443	0.00022816064338991126
1188	5.570883085472313e-05
511	0.0006621704924486909
160	1.936065414615544e-05
1810	0.0
2398	0.0
1367	0.00012286017557515806
1348	5.3594046314862206e-05
3364	0.0006377981328456713
3071	0.003135262563829701
1882	0.0
3247	0.00026344380280374403
3403	4.7199622088686086e-05
93	0.0
2115	0.00037005213950149017
2196	0.0006375410153681337
964	9.804775029104727e-05
1104	0.0
3120	0.0
3241	0.0
3100	0.0005652224800539795
1614	0.0
819	0.0014173179950780835
270	0.0006246233467536769
2124	0.0
1203	0.00045314822755233283
153	0.0
1901	0.000328209107998726
1170	0.0
948	0.00020993078751450884
1005	0.00037664021027428347
87	0.0
1106	0.00016213619463758595
1940	0.0002619540301454733
3086	0.0
1599	0.0029517080769735702
1125	0.000703221355141116
855	0.00025818576320706474
3047	0.0005012497990370596
1765	0.0
2910	0.0
675	0.00038604968493695184
2112	3.597590436339084e-05
3056	0.0
1932	0.0
1429	0.0022433645949375496
3291	0.0
2225	0.0
2962	0.0002668854890565846
256	9.004221971380828e-05
295	0.0010688924805179665
1591	0.0
2744	0.0003015252835705085
3413	0.0037111999247666913
3414	0.003342003124720583
1790	0.00014170896148977622
1984	1.8992502814115262e-05
731	0.000822676046231249
3248	9.132407594878284e-06
392	0.0010320804836748594
3	3.6878151807781076e-05
1280	4.25342470208358e-05
2200	3.6878151807781076e-05
3313	0.0008355187932584212
18	0.0
2628	4.25342470208358e-05
2074	0.00023634169762703708
732	6.751911308710549e-05
1942	6.751911308710549e-05
709	0.000624997326269437
352	3.969419505631126e-05
1890	6.751911308710549e-05
2564	0.00044216458802415686
282	0.0007321054553105697
1352	0.0
2009	1.8992502814115262e-05
1930	0.0
2534	1.8992502814115262e-05
719	0.0
1900	0.0002850120976785906
2490	0.00017732673918301986
387	0.002772851954751658
1237	0.0002908614474157202
1986	0.0
955	6.962258890087824e-05
1471	8.335196399236159e-06
3066	0.0
3415	0.0019595794330982
3416	0.0007129431734255094
215	7.879774581345644e-05
601	0.00023441842378913984
791	1.976347430581845e-05
3276	0.0008112722601107011
391	0.00040307159999954
330	0.0001313881268068793
3362	0.00012535574339268124
1399	0.00012630959709362106
1732	0.0
882	0.0001886152264944556
739	0.0001325128810119628
9	0.003004023903194255
1660	5.521979838022788e-06
109	9.224108350862678e-05
708	0.0008258168033742565
95	0.0002768088461761434
1694	0.00043607351816740437
2072	3.7662417325211395e-05
281	0.0005948315384300421
3417	0.0056053226126906676
55	0.0
1398	0.0
16	0.0001563436402506182
173	0.00018505602364044744
874	0.0007779218101331757
1755	0.0001792654741718879
103	0.0001570895473014128
566	0.0005356491422332414
818	1.1123812955474426e-05
1157	1.000052347983494e-05
3195	2.732651541470175e-06
3418	0.0011162126133816247
513	0.0016586801964607637
1379	0.0006840357065345899
2344	0.0
749	0.0017486196605008856
796	0.0011952354528155398
3419	0.00014284780599472488
1045	0.0011286484367215037
3420	0.008490526417062692
1774	0.0006072246680100592
3121	0.0
1643	0.0
106	0.03757175771277674
1116	0.0003031251973731533
75	0.007376493751463422
996	2.5583957848018853e-05
151	0.0022842592370060535
3281	0.0
1775	0.0
1613	2.4965032840356654e-06
2175	0.0
406	0.00032271675205196597
40	0.04720240299047205
3280	0.0
969	0.0
252	0.005805375718693808
2919	0.0
3421	0.007815017433544135
1447	7.881306336376827e-05
3054	0.0028055491107201705
426	0.0006983858117928769
559	0.004824736823333001
1207	8.888325170070671e-06
2161	2.135838884873185e-05
617	0.0010666688433472826
366	0.0007897194171947911
1222	0.0010723738860155456
691	0.00042964428106274287
569	0.0013091024653628198
1148	0.00024177596097820314
1113	3.5777767173655494e-05
502	3.8655144093008726e-05
1700	0.00011573823002776891
61	0.003162549052429507
1531	7.05465726975971e-05
134	0.0009592503713396595
401	1.3495879615702993e-05
494	0.0001268942343737365
644	0.0009076464436727093
1684	0.00011722683716193424
3422	0.005117112655778793
1251	6.202114156427951e-05
1478	0.0
509	0.0012546772150327072
705	4.833636033048662e-05
70	0.00019838808367567004
274	0.0020095615291532316
3228	0.0
980	0.0007122243228063471
2526	0.0
2866	0.0
3423	0.004821929663528279
3424	0.003336909696538842
592	0.0040398441101678366
1848	0.0
94	0.05126786152963653
1270	0.0011287001161109243
2893	1.3694852588448905e-05
191	0.0018681484930767888
3268	0.0
3374	5.092340416493061e-05
3031	1.6228966390480925e-05
2433	5.518146257321971e-05
2085	0.0
1400	0.0015884933961735146
1899	8.227106797046136e-06
1201	0.00015578968678014703
3179	0.00029330674166540174
2994	0.0
245	0.0
376	9.35931114254187e-05
174	0.00023232017936139385
1887	4.5046241606719544e-05
862	0.0007354923247241053
1032	0.0
3425	0.008098641729943774
3426	0.006342225695283984
1948	0.0005087796278958733
340	0.0006657005976015395
1423	0.0004953306751273636
3305	0.0009551587364388006
921	0.00010231265551695108
677	0.0005848398434471297
1502	1.9110312724717644e-05
108	1.2200265498866194e-05
1776	0.0
320	0.0005688512529064455
185	1.4242849689532462e-05
19	0.0010433312343789245
1619	1.9474927694866886e-05
3387	0.0
3019	0.0008692937859709367
3308	0.0002721625006190959
531	0.0
2601	3.7812952793144624e-05
1010	0.0005107048725582611
1484	0.0005699466975293364
17	2.9913893910985503e-05
1308	0.0004870585083468504
1261	2.3278231814956197e-05
3231	7.801701570852095e-05
78	0.0011977711830783333
797	0.0005304527822376456
3024	7.533331070003548e-06
2082	3.438730029851796e-05
238	0.00022977045924835844
1037	0.00020815113687471968
2740	6.917240660922521e-06
885	0.0
1564	0.0009606844141009747
2809	0.0002700812109750791
3427	0.0026564394445936198
2108	1.5576972126268533e-06
232	0.00023308479840508482
2419	0.0
889	0.00012000064856187352
434	0.0007357786142422057
48	0.0011687567247982806
1012	1.3433431598009595e-05
3428	0.0012516860845591714
3187	0.0
1168	0.00010324693930608694
2582	0.0002263358037470698
2621	0.0001491343075513323
1812	8.3928335112003e-05
887	0.0004481791753370343
258	0.00015431590400007914
3307	0.00010324693930608694
3028	0.00027614075427046994
3429	0.0032893243645369433
1983	0.0007184800157200573
672	2.80562172340273e-06
146	3.1087674987961685e-05
671	1.3740627727044895e-05
2425	2.0025610258693888e-06
211	0.0003309502798817851
299	0.0003898657892954025
2285	7.51438798761255e-06
362	1.446261126008282e-05
3430	9.652455685527059e-06
3431	0.0021232443110366928
3432	0.0007082900223332815
175	3.325844667544599e-06
892	0.000388077055280116
1584	2.0157976537447115e-05
606	0.0003633905263703438
380	9.605224495660676e-07
344	0.00041141716311367276
699	0.0
316	9.517347499268871e-05
3433	0.00881442663141182
322	0.0021441158407163904
65	0.0011623771660893866
2131	0.0
864	8.998115734861373e-05
3042	0.0
3256	0.00038656344398086144
1783	0.0005031747305879843
1626	0.0
3434	0.0007500302369990553
88	0.005490789921100675
26	1.765752922955657e-05
138	0.0004101668333018121
206	0.00034709136053309627
2943	0.00019107845693785928
3435	0.0005583048883999264
1334	1.0165045799546754e-05
126	0.0009927872189117114
2298	4.434496239192388e-05
3436	0.0011670113802478388
1073	0.0
525	0.00033578155176822324
2206	0.00018644895070970207
2995	0.00033679146179924454
1239	0.0003771161859796768
35	0.0002632045109061466
27	0.00022067285149609167
1978	0.0002386047516639949
3437	0.00207786714698076
2378	6.822362087303914e-05
2412	2.757390556518074e-07
615	0.0004598688068659554
101	0.005638612378342016
3032	3.9187875990806446e-05
2697	0.00012232984215996287
3438	0.0008083805252696723
104	0.000568945459109995
645	0.0
3439	0.003128102701598358
3440	0.00203772315824447
1006	0.0005741229744404917
2618	0.0
1286	0.00011882317387496656
1029	6.426471714646421e-05
3404	9.859690363389566e-06
235	8.124542752099412e-05
3441	5.160988343373677e-07
3442	0.0005212187233364883
3443	0.0013631174738131507
1346	7.048434183989584e-06
3369	0.0
3444	0.003281555922104905
3445	0.002625538556489561
1548	3.419921085824925e-05
275	0.00018966513578086224
3165	0.0006914449462615844
82	0.00010428401427338364
2983	0.0004773354131252039
99	0.0004739393160002808
4	0.005070213798227739
961	1.156086964265882e-05
1016	3.929483435258996e-06
1017	3.256726313915629e-06
136	1.5689319203898507e-05
389	8.531806914482416e-06
46	9.661627354246221e-05
658	4.341076015879163e-05
730	0.0004706977396164662
693	0.0
45	8.066638251256127e-06
2075	0.0
1164	9.907731934507662e-08
1834	8.644815039731642e-05
156	3.682993319772183e-05
1159	0.00014045753586044288
636	3.821177866734334e-05
327	7.390660270312697e-05
384	0.005541792143666971
849	7.334356626922467e-05
350	0.00010264696213393004
1023	0.0009787327331499996
305	0.0005145902219468769
1611	1.3801150994826234e-06
1975	0.0
402	8.622920365780064e-05
1642	3.597902453228006e-05
1200	7.830340028099548e-05
1377	5.329980424623645e-05
3446	0.0005618571970111276
3447	0.0003151192743440099
1567	0.00015218373824925311
1433	5.2945519341322756e-05
28	2.6303217521978296e-05
2156	0.00038154545309245056
3258	0.0002139814047653626
1336	9.652065411918276e-06
121	0.00018742917260021358
3448	0.002508367870743536
2615	0.0
1508	9.407095221454302e-07
338	0.0025680970708465874
1526	0.0006072024390132014
2292	7.717014249624013e-05
2788	9.407095221454302e-07
1155	0.0
828	4.357951692977074e-07
3081	0.0
2438	0.0006636965995832013
2066	5.049143528477227e-07
2646	4.357951692977074e-07
1696	5.049143528477227e-07
1544	5.049143528477227e-07
3449	0.01172694058129593
3450	0.02181495610380357
2	0.00025025721437549363
224	0.00020852656629587573
427	0.0
200	4.797816625719922e-05
440	2.4226412807571822e-05
2132	6.208753084415428e-05
3207	3.363650821960705e-06
3317	0.00028886930190051867
3253	0.0
2315	1.6347939731919052e-05
394	0.00029513231566623656
3251	0.0
284	0.0005963904519524221
3036	0.0004673929822948181
1426	0.0005854833362092299
1576	7.072731573935371e-06
3402	0.00026761711733177564
3011	1.0660466644083878e-05
2087	0.0
772	0.000559050503659703
3087	0.0005278843770704623
3264	0.00012493848647298654
326	0.00012326687718304817
5	2.4490646681038882e-05
2964	0.0014523384270160341
72	0.0005336875535429996
1124	0.003962480431177569
3339	0.0
838	0.0003062808227365162
1145	3.363650821960705e-06
1173	0.00015592379905826967
98	0.00040893273210652756
1161	9.747614377868164e-05
1153	0.000413702554412845
22	0.00010771027694097717
1063	5.9385678358384454e-05
3332	0.00018141570679410294
405	0.0001558801904154116
1859	6.491292963912582e-06
3072	3.1528607762637054e-06
33	0.00017984504603871511
3084	0.00030686285320655367
3249	0.000386648537212593
1723	0.0001516302942235201
3115	3.363650821960705e-06
473	0.0004417557509131851
396	0.001699298653306676
1147	6.491292963912582e-06
1632	0.00011240722988901408
3356	0.0007286886601968819
1031	0.00013768884015721432
3175	0.00023521439037765547
1417	8.760663426513631e-06
1573	0.001400110581045157
2971	3.771439563004325e-06
1884	8.760663426513631e-06
3073	1.0632641247695596e-05
1736	0.0
447	0.00027183834326775124
3396	0.0010982779722054183
1103	0.0003404323865952477
226	0.00010456259426539628
715	0.00015150050408468892
810	0.0003365004448577036
824	0.00020459313591578526
354	1.2963023829005436e-05
848	6.491292963912582e-06
953	0.0003044321184882205
3451	0.004124971442204877
3452	0.007412349926038439
2503	0.0003726500081890395
537	6.87525060574865e-05
768	1.2602685173446436e-05
431	3.938435610471461e-05
2046	8.350873477233065e-05
319	3.707210149560115e-06
1826	0.0
1213	0.0002772634817493921
649	0.0038629328108689214
1982	0.0
117	0.0009297233521201143
1366	4.51090901731255e-05
657	0.0016450959909400762
2428	3.755129468015251e-05
2987	8.350873477233065e-05
757	3.707210149560115e-06
2366	1.2602685173446436e-05
339	0.00033374348712192657
1009	3.938435610471461e-05
60	1.2602685173446436e-05
550	0.00010194439295221952
521	0.0002944959262436482
2043	0.0
1568	1.2602685173446436e-05
39	0.0
3453	0.0021294481264879385
3454	0.0011889662868101423
2042	0.0
1123	0.0004171426747000741
1033	6.874709834431123e-05
2979	0.0003484611967214423
713	7.529156705749408e-05
903	0.0001190044714828803
278	0.0012512777213754406
1357	4.1771171564782465e-05
2439	6.958316392817294e-06
1020	2.4075728651916825e-05
1944	7.679923918203698e-06
893	0.00016434895838778063
292	0.0016773433697203819
1259	0.0008750135840896281
928	0.0006169384083153017
159	0.00011833837839028833
335	0.0007195766390529931
3455	0.002065726680355388
556	1.735544137585128e-05
3176	1.0380720577985678e-05
858	0.0007576848695339468
1370	0.0
177	0.0001502689469904965
2550	0.0
176	4.8025836319421093e-05
1176	0.00030059950382087816
3279	3.0744705217816137e-06
272	0.0013799795100038225
883	6.251942972157334e-05
3208	3.189895620110241e-05
3456	0.004932274821170153
3457	0.018776925854603055
1517	0.0
1223	0.0
2006	0.0
268	5.6741936298345026e-05
1277	0.0
3201	2.5100702302967206e-05
377	2.9469200452582388e-05
985	0.0003862091455953962
687	0.0002839334034761379
1218	0.0
1154	0.00033673970204665016
1264	0.0
3344	1.7320797677184817e-05
1001	4.4398767930359407e-07
2012	0.0001341177674089749
277	7.268120303371283e-07
1964	0.0
1430	0.0
1452	0.0
42	2.060050024552174e-05
1977	0.00013802559578904135
1206	0.00012593973553181765
701	0.0
514	0.0
2291	0.0
1220	7.162441982342952e-05
3021	0.001030236283320916
1086	0.0
1704	0.0
290	0.00016500498430673015
38	0.0008011099797476994
3285	0.0
3246	0.0
872	0.0005798863469920155
3122	0.00014597148690647556
2347	0.0
704	9.59329328241859e-07
857	0.00022491331319908497
496	5.067751881557763e-05
3303	0.00024422974493454
2067	0.0
279	1.1707997096407224e-06
1027	0.0
909	2.0871889843973497e-05
1254	1.5007907846524243e-05
510	0.0003338067271484538
409	0.0019345673153476411
726	8.046375434128102e-06
1217	0.00026808134670820233
400	0.003702632978593149
1670	7.331581299455752e-05
3180	0.0003251951467246904
169	0.0007553999649552743
3278	0.0006537291639982822
167	0.00021750430318411197
3343	0.00019491932560519176
706	0.0
1841	0.00022762366207697157
269	0.000901697347283586
3014	0.0
3458	0.009723896641242024
3015	0.00030086687928546736
2662	0.0
222	0.0
2970	0.00023174553450698373
3261	0.00030086687928546736
1143	0.0
2144	0.0
1602	4.612778065640466e-06
76	0.0
459	4.612778065640466e-06
975	0.0
2441	0.0
3114	0.00030086687928546736
2145	0.00030086687928546736
734	1.2113641958473912e-05
3008	0.00021623310850536824
1048	0.000517380342175643
851	0.0
1934	0.00018817353001648066
1050	0.0
625	0.00013889857663137504
1372	4.612778065640466e-06
775	0.0
1449	0.00015959395515614098
3459	0.0032239868925249137
1705	2.855437654985832e-06
1360	0.00012419538899040243
987	0.0
3460	0.004461313794312063
309	0.00020339979751520914
2372	1.1168035123173113e-05
2226	0.0
1092	0.0
689	5.676045917775841e-06
446	7.565048850338066e-05
3461	0.004973247775370793
3462	0.0035717346708699148
357	0.007958445109456445
84	0.0
3233	0.00011130178241814455
3271	6.8340909380988075e-06
2403	0.0002888870711143148
3033	0.0002090737825633285
992	0.0
386	0.0004736871701935074
1380	2.1876920181077394e-05
3383	0.0005412350157524205
3331	2.1446302920245143e-05
686	0.0003533699033753862
1214	0.0
1343	4.725262075723188e-05
546	3.71909091052342e-05
1571	1.472892865844477e-05
1192	7.054168153080639e-05
3027	0.0
2240	3.191078493353258e-06
1303	2.830608242045433e-05
999	0.00032806278739508
737	0.00010094727584691627
128	0.002046752907702279
2452	2.954038098331125e-05
3463	0.005673654420222819
1345	0.0
79	0.0003585281103688953
236	3.731780181114962e-06
3295	0.0
876	0.00013707276728909716
716	0.002151251615401523
3065	2.170790258286201e-05
3464	0.0008272972140676547
3465	0.00017947961636252037
3466	0.0037159621784908516
831	1.0172153581393393e-05
246	5.169071052006459e-06
3112	2.261769503347116e-06
3212	0.0002722029045092242
2434	0.0
349	6.4011359744542e-05
2392	0.0
3467	7.961689193369489e-06
416	0.0002765033642127707
2925	0.0
3468	0.004431184434224084
183	0.0
3156	0.0
3045	0.0
3361	0.0
2181	0.0
2940	0.0
3089	0.0
2455	0.0001420273666720556
3046	0.0001420273666720556
184	0.0001420273666720556
1385	0.0
3350	0.0
1960	0.0008264960871284011
3469	0.00777275149679738
1405	9.646058755418519e-05
1840	0.0001420617658066111
273	0.0001148795151419458
1788	0.00012796137166821476
1387	0.00012175425896065424
506	0.0
910	0.0
499	0.0004110550986625569
595	0.0008522298105368396
3012	0.000511116886993832
20	0.00014029442326900498
884	7.302847266210755e-06
2396	0.0004254099210789411
702	0.00011861081790531668
53	0.0006124340074186945
1327	5.519802278491843e-05
12	0.0
967	0.0
3382	0.0002886300481867697
845	2.408791541230227e-05
188	6.506755372941755e-05
1397	0.0
532	0.0
1885	0.0
3470	0.0013747550505220424
3471	0.004344189841107749
374	0.0
1362	0.0
2738	0.0
536	0.00012091649259968917
2462	4.422757718338767e-05
3472	0.0008499729039807344
3473	0.0005241885483356536
25	0.0005859879968230022
3222	0.0
187	0.0002138208254279065
2959	0.0005285301060630714
1692	1.3036543125328527e-05
3474	0.00478614982655231
347	6.415020143859928e-05
3001	1.84453327466107e-05
1127	1.4375308851803722e-06
1809	0.0
1734	2.428927802230602e-05
3475	0.0014901778916540666
125	1.2408571931573152e-05
1604	0.000799561763621572
2700	0.00045478246068209207
3476	0.0044476602967612995
1013	0.0
1749	0.0002958008551341661
179	0.0003287905408534812
1139	0.0008140629815342351
1415	4.741460666992191e-06
1547	2.7577871219779652e-05
3477	4.570090983810029e-05
3478	0.003795231118260748
3118	0.0009587957597887073
2841	0.0
3479	0.0010851349288149381
3480	0.0018982152260192658
1018	6.50387960048775e-05
2070	0.0012224993823296486
3205	0.0005711710519537013
2217	1.3175820303912214e-05
1991	0.0003776238788394912
217	0.0030378619334142528
544	4.622371659416804e-05
68	6.871787016775491e-05
2450	2.4750728941981658e-05
3408	3.789444152829377e-05
1300	1.0634187666291607e-05
1328	7.068845143967522e-05
3481	0.002676354050793881
3482	0.0010071117308880697
1878	0.00036768156424990257
2158	4.716319800183506e-06
3109	0.0
2099	3.794140127839923e-05
83	0.0
676	0.0
3483	0.019743072046946242
199	4.226285695063465e-06
1630	0.0001517756932838393
2932	0.00021445233834702427
861	0.0
983	1.3406955783128905e-05
2041	0.0
717	1.7069258765545045e-05
1312	0.0
3484	0.0
3485	0.0020369329130311567
1698	0.0001707010878188012
490	0.00024255486513715402
3353	0.0003611914689116409
3486	0.0016730516061955068
3487	0.023433844377137077
2303	0.0
3151	2.4153282254002766e-06
1297	0.0
659	6.262826375337484e-05
44	6.656930301502065e-06
1606	6.656930301502065e-06
3152	0.0
2982	0.0004519698930015155
111	0.00033971702455772577
2033	1.9180378167868712e-06
3067	0.0012838362153606356
1802	0.00019702051983738818
1803	0.00024501125047272313
585	0.00010095318674135604
181	0.0
8	0.000301178224000667
3397	4.009567408699369e-05
1618	0.0
1588	1.9406773242374674e-05
1856	0.0
242	0.0
682	2.7455967114899557e-06
248	9.957633066323995e-05
3259	7.856481410229914e-05
820	0.003860262981642279
3216	0.0003072338790434122
1918	2.7455967114899557e-06
11	7.76096931080836e-05
547	3.770720875957198e-05
3126	0.00028605526494943626
1507	2.7455967114899557e-06
650	0.00010377267106019733
3488	0.0016397870137276425
2506	0.0
2164	0.0
3489	8.727577746014812e-05
2395	1.2310676454903716e-05
2761	1.2310676454903716e-05
1333	0.0026008980509496437
3490	0.005489926601567503
2961	0.0
1084	2.4215794056767274e-05
331	0.0
988	6.70817100668095e-05
854	0.0004948942321374045
951	0.00026166940774947055
1985	0.0002630665618844112
1572	0.0
3085	0.00014118073544745473
647	1.688438742457544e-05
3124	0.00015250213142563293
792	0.0001843500339562288
3217	0.0011154751906168711
3365	0.0006748442445277164
237	0.00039406413385668465
3491	0.0008198346309774069
2138	0.0012408707390064622
1771	0.0
3492	0.0010839962972247826
2296	1.9047680299062613e-05
1115	0.0002886095986295032
2659	0.0
2927	6.674413415762168e-05
3493	0.002102001923898922
1488	0.001279653630266122
2103	2.0137759765252475e-05
1365	0.0
233	0.0
3494	0.0012076210710175637
533	7.210238569433981e-05
367	1.514202221276656e-05
3495	0.008538083691022526
3496	0.002269714071279034
968	9.161580232241578e-06
1922	1.9490675970416226e-05
3351	0.0
703	9.54319366577086e-05
487	5.888367319356501e-05
1879	0.0
3497	0.00686865999986603
539	4.8704100364096794e-05
371	0.0007227864556757504
1515	0.0
1867	1.1417382332486611e-05
2581	0.0
722	8.171555713545778e-05
562	0.00013002412279054608
538	0.00025983008108233145
3498	0.001030375424457559
1853	0.00011873200336083087
3147	0.00019429377028411238
2467	4.224914407869533e-06
3499	0.004248882851123047
3500	0.008174225460729762
1808	0.00016225248480046414
516	0.0
607	1.933503635455656e-05
1833	0.0
257	1.5303433646453814e-05
1395	5.366529622380248e-05
3145	0.0
564	0.0003743693513019866
2119	0.00016128601834763606
2602	0.0002249957288157567
2180	0.00012967954840291442
981	0.0
563	0.0
3347	0.0013590362853643343
485	0.00013397019621747453
3501	2.889685365664032e-05
3502	0.0013494906001729403
3302	8.536985072914853e-05
1915	0.0002421792392176806
2923	0.0
764	0.0003856219689288384
3503	0.0007302400781859674
229	7.645642356322188e-07
1114	2.370451435580863e-06
651	2.7394561554169537e-05
3504	0.0013880531818680078
2314	9.096028039358508e-05
1444	2.6949724562632317e-05
3029	1.0567473002407465e-06
3505	0.003132901911884622
1609	0.0
936	7.968657527297231e-05
285	0.0020978139154563887
3506	0.0011641932834974623
2627	0.0
3184	4.713125220091454e-05
3284	0.00016076867398851763
842	0.0
3507	0.010655922875551626
1697	1.4218327651717953e-06
3174	0.0
1997	0.0
97	0.00010341761741937805
3508	0.010730168636315022
821	0.0007142933632771361
508	0.0008421544659789206
3051	3.314672595179354e-05
1862	0.0002939849550612602
811	0.00018853261353370856
1364	8.800871005561649e-05
1454	1.6752784613074142e-05
2309	0.00015974771263382325
3509	0.0037252431004516865
3510	0.0017395734040417908
1178	0.0
2421	0.0
767	0.0
1673	0.0
998	8.34268078679598e-06
3511	0.0026185165033935074
2969	0.0003578824095835125
2916	0.0
1021	0.0014187876561598594
2367	2.3884195431546794e-05
976	0.001159357829847541
454	8.851984822758313e-06
477	0.0
263	0.00219743868487309
3512	0.003168644336965271
3513	0.0007469415736438799
2165	0.0
1204	7.914763764517846e-05
1593	2.6136545272952396e-05
132	0.00018159031378397228
133	0.00010991888314307627
3135	9.65973182766555e-05
3514	0.0017460520634003647
154	0.00021347633113322564
3515	0.008703538161296091
286	5.861832772489257e-06
605	0.00010564873341620846
1659	0.00011547337832174253
202	9.599709488452019e-05
2498	7.633131757973153e-06
1039	0.0
530	0.00015706291527341361
1249	0.00022714025907027394
142	0.0001348369933402138
1850	7.633131757973153e-06
317	4.412256258591864e-05
604	5.861832772489257e-06
3185	8.235818483856295e-05
6	0.0006354108396747133
483	0.0009326204585994959
630	0.0
1111	0.0
1617	0.0
73	0.0
141	0.0
1672	1.3079168379363122e-05
1499	0.00068164627552448
1717	3.721869249740682e-05
758	4.9843552202066866e-05
3516	0.005511790370182959
3023	4.114871449884171e-05
14	5.8417435527767105e-06
1015	0.0
1445	2.232974571304299e-05
3517	0.0007894908943069368
3518	0.00013635255508082135
1224	0.0018320313542325014
1330	4.771189748651357e-05
3519	0.0010559324610926752
3520	0.0015991952384273016
460	1.009726931484182e-05
135	6.415189614183722e-07
3521	0.0010537718755706895
3522	0.0009232009230044303
90	0.00016125781080163028
2538	0.0
3523	0.0015840598303634749
3190	0.0
321	7.269506099416666e-06
3524	0.0016516828414223814
3525	0.004095565451119792
1087	0.0
457	0.0
2312	7.478080737478804e-05
2010	0.0
2258	2.3287975391400104e-05
1244	0.0011662724645761372
1519	0.00013384076881683895
1088	0.0
3526	0.0015493150826127607
3527	0.0008355720320129906
654	3.156043073183519e-05
3528	0.0016634431480119526
2153	1.8586389987305019e-06
2016	2.298876892723487e-05
911	6.389774292786603e-06
3377	0.0
1043	0.0009588833305661778
3529	0.008489964986713122
2516	0.0
2179	5.14166688992928e-05
2039	0.0
1907	0.0
74	0.0003422442853774821
1877	0.0005738571456908551
1795	0.0
3354	2.0566184617862518e-05
2052	5.14166688992928e-05
1240	0.00016096191713077575
3255	2.0566184617862518e-05
1151	9.144007939615407e-06
2317	4.859080716730982e-06
1479	0.0
3530	0.00032964797076027454
3398	1.5792576864794574e-05
1718	7.731536610952392e-07
3531	0.005286887756671165
3532	0.004771170742920616
946	0.00025281593272095227
1830	0.00026913022015352136
2057	6.0576568640655265e-05
2465	0.0
908	3.9017856207932315e-06
603	4.60829576323923e-06
753	7.730276288286578e-06
958	4.322404432417047e-06
759	5.855106445813557e-05
1748	1.4145760826442999e-06
3053	0.00023862996886187581
67	9.533386034895749e-05
3533	0.004336439562945659
3534	0.0011524721020071541
1052	0.0
7	0.0
2430	0.0
1028	0.001293828441867209
29	0.00019996085527048218
2420	0.0
3141	2.866416235870558e-05
836	0.0002846546661261319
1529	0.00010622715095635317
3535	0.0015164303843759788
2978	0.0
3536	0.0043949078575767015
1186	0.00011148843270196305
3206	0.00010409725392215396
1894	0.0
1359	0.00040115560469747497
3537	0.0014914539565732466
3538	0.030750921644323418
1315	3.581251716670194e-05
2402	0.0015335107109430667
2114	0.0
1390	0.0
3235	0.00011684061825188831
574	6.327508594705522e-05
1822	0.0
804	6.327508594705522e-05
622	0.0
2266	0.0
1135	6.327508594705522e-05
1814	0.0
639	0.0
1880	0.000917369065477867
3358	0.0001216238029482952
365	0.0001995294692650517
1773	0.0012582102444551118
2117	6.857677052128638e-05
2068	0.0
425	6.327508594705522e-05
1766	0.0
2134	0.0001698911763030834
655	2.6165282112611505e-05
712	0.0
2051	0.0
57	0.0
3197	0.0
3244	0.000827247300380423
1351	0.0
312	0.0
700	0.0
2965	2.3024208979128444e-05
480	0.0
1506	0.00015520784470857225
1846	2.9339644957589324e-05
1119	0.0
2609	0.00025148976777760384
2308	2.6165282112611505e-05
1022	0.0
2389	0.00012509968874637505
866	6.327508594705522e-05
2755	4.820763830855106e-05
1842	0.0
3088	6.327508594705522e-05
3539	0.0029090382005509162
3143	0.0
1489	0.00016597811829740136
1551	0.0
107	4.350042171742299e-05
3020	0.0005420422557337267
3540	0.0015133246953743672
3218	0.0
925	1.1835969541597025e-05
940	0.0
3541	0.0019431236329569748
3542	0.00485068676370439
3543	0.0008747820436789231
239	1.3754723659859145e-07
2474	0.0
455	1.438753985200242e-07
922	0.0
3544	0.014842049276626435
3545	0.0023733715551302386
203	0.0005612661041124838
2349	2.1654641674629294e-05
2237	3.969417272423611e-06
444	0.0001784927411413788
1535	0.00015238836844132532
2479	0.0
2763	0.0
2624	0.0
1030	8.105709478901574e-05
2019	2.309210329925611e-05
2578	0.0
3191	0.0
3546	0.003641056189577431
1578	8.270658435511997e-05
3016	0.0006213498827822071
2508	0.0001990461147614401
1910	0.00012471082342200768
294	3.254998815055243e-05
950	1.7601909281766038e-05
1140	1.1539245415323886e-05
957	0.0
3547	0.0035605904068310296
1781	0.0
3548	0.012061372762978442
3041	0.00032586929975604974
492	9.423717557646033e-05
1798	1.985123375637148e-06
2558	0.0
648	0.0
1637	1.001178118913632e-05
1743	0.0
3549	0.0005928599932182729
462	5.661982165332116e-05
3550	0.003138844269436485
3293	1.5408863020726604e-05
249	4.129237323550514e-05
463	5.613765258659631e-05
3292	0.00011765256382965749
667	0.00017381140134016613
1079	0.0
3287	0.0
2989	8.77180678870793e-05
3286	1.5408863020726604e-05
1112	5.613765258659631e-05
3551	0.001720207324534858
3552	0.0009297396324654579
3376	0.0007755933220269413
1522	0.002672579189398185
2656	0.0
3375	0.0
2695	0.0001224878833130453
610	0.0020859426086831776
3553	0.003342387602266397
3554	0.0046864075249486836
3555	0.01383351481147684
2489	1.620274004244321e-05
1967	1.3738395471744895e-06
1358	0.0
2190	0.0
638	2.0660336403905687e-05
1847	1.3771732873337427e-05
1871	0.0
495	9.655709515455355e-06
891	0.00031976347868884614
2098	2.046706988046543e-06
2432	0.0
2807	0.0
2268	0.0
1100	0.00020068856710222876
1053	1.3367701529828431e-05
3556	0.003437056581184428
576	6.479344792654115e-06
1677	3.907082936189813e-06
2173	1.1794304938971597e-05
553	0.0002000079265120905
3557	0.00046016839291569244
3558	0.003013540906448136
1187	1.6615250217235392e-05
2024	4.553165696766049e-05
470	6.957908993122411e-05
1638	9.323623727649135e-06
2570	2.1318082954650254e-05
2605	3.970132647502974e-06
3559	0.0008340472841855673
3560	0.001592413556273818
3561	0.0026828511532470153
2343	0.0
1108	4.299548658891048e-05
1625	9.618410346951312e-05
3004	1.3529589206604209e-05
3562	0.001522683146038215
2286	5.947693278446926e-06
1872	0.0
583	6.348315759170108e-06
3563	0.0011824166361323982
2523	0.0
2188	1.1868533818402094e-05
3564	0.009769598873823669
554	0.0
766	3.292846442810987e-05
2470	0.0
2537	1.4586576385838437e-05
612	9.253740900161282e-06
241	0.0
661	6.712110365011614e-05
3565	0.011183143640746466
2192	0.0003999624652075761
3074	3.616831823067022e-06
1482	0.0
436	0.00014882998730008802
1953	0.0
2912	0.0
3566	0.0016756872042437813
3567	0.0010795744033964918
2246	0.0
435	0.0001309816467440048
741	2.3431593684248595e-05
3568	0.002325739072252548
782	3.1092080598098216e-05
193	8.435903486732014e-06
192	8.768530466472604e-05
3569	0.002945791574694356
1130	0.0
1418	0.0003416141293318813
424	0.0009619780375039531
3570	0.008299323754975808
2973	0.00014578055544894381
1083	0.0
170	0.00014578055544894381
2111	0.0
1510	9.09663813899695e-05
3306	0.0
3571	0.00039070291590496655
1933	2.1884478602766352e-05
2677	2.8878434746675848e-05
2800	0.0
3572	0.0009924411904620452
1386	0.0010698905310501275
3090	0.0001420273666720556
2182	0.0001420273666720556
3573	0.0024290120629981947
534	0.0
814	0.0022342837493574646
3007	0.0
3574	0.0008372542601090081
3575	0.008925556849676853
1149	1.4536298432856826e-05
1474	8.340110597066e-06
1744	4.424166401322527e-05
471	2.830910943402282e-05
678	0.00012238465729968588
3576	6.051500495126049e-06
3577	0.003243339637857825
2143	1.7135994445162516e-05
1485	3.619717792828337e-05
383	2.8576840314705388e-05
2966	1.7135994445162516e-05
3578	0.00045923286807960696
3579	0.04028280145977229
3580	0.004180181181503036
3000	0.0
149	0.0005930951210621445
1326	0.0007789847410174245
1436	3.8381182141542216e-05
1928	9.132407594878284e-06
1236	0.00013059345891754465
262	0.0004550176960256229
602	1.2371513705339213e-05
417	0.0003944093781977837
3322	1.6610985317377627e-05
1889	9.686339173574431e-06
1558	0.0
303	0.00017264457604754295
2703	1.998365486444544e-05
1693	0.0
2382	9.132407594878284e-06
2544	0.0
1538	1.2371513705339213e-05
2608	9.132407594878284e-06
720	0.0
1767	3.8381182141542216e-05
1861	0.000271568416462293
1968	0.0
2302	9.132407594878284e-06
3371	9.132407594878284e-06
653	0.0
2032	0.0003007128627310725
2154	0.0
696	6.348293319431745e-05
3239	0.0
1341	1.6610985317377627e-05
1733	1.998365486444544e-05
2021	1.2371513705339213e-05
415	0.0
1828	9.132407594878284e-06
1490	9.132407594878284e-06
1042	1.6610985317377627e-05
754	0.00045678839917949633
253	5.707193019190568e-05
1036	0.000137699108365052
2361	3.8381182141542216e-05
3240	0.0001077899971639557
2665	0.0
3380	1.2371513705339213e-05
208	3.8381182141542216e-05
3581	0.004632095314281719
853	0.0
2752	0.0
3582	0.0017456536367985408
2105	0.0
1467	4.021798052186237e-05
3583	0.0005467292199291212
3584	0.0007217500062058741
2642	9.694021432600114e-07
3585	0.011364709343815041
1003	0.0
1941	3.6801004261249166e-05
1669	0.00015379131404645078
2203	0.0
744	0.0
520	0.0
2492	0.0
1046	0.0
2661	0.0
2167	1.0296992968827121e-05
2509	0.0
825	0.00013952694080564168
1179	3.938282879612078e-05
418	1.958092357100632e-05
1347	4.231880611967075e-05
3586	0.0032464945827679003
3587	0.0016989655568558266
381	0.0
1735	1.564668935099802e-05
727	0.00016369616117111667
64	9.439308498491268e-06
1713	0.0
451	0.0
1714	2.1838412206297805e-05
443	2.7765485807833463e-06
3588	0.001478802846047932
2625	0.0
472	7.682331632005662e-06
3589	0.0035230969386818075
1797	1.5982983954181795e-05
3590	0.003793434561970233
283	0.00019166055438745708
3591	0.006265639314158321
3592	0.0020683458945767834
2957	0.0
989	0.00013545374230070016
2253	0.0
1525	0.0
2095	2.356553035286781e-05
3593	0.0006685315137648473
3594	0.006319395510879022
3137	0.0
545	0.0
1373	0.0
3595	0.0029658781345549587
3596	0.005954570342845926
2373	0.0004298808004345331
1974	0.0
2363	0.00021363952164294312
432	0.0
1913	0.0
145	0.0
3193	0.0
1460	0.00017475237741329435
817	9.814300338532987e-05
3282	0.0
3597	0.00896304306246479
1532	6.044809320114941e-06
943	5.354296491016065e-05
3277	0.0002133126673940409
721	0.0
3130	0.0
3297	3.750661987534122e-05
3357	8.7514589254466e-05
1635	0.0
91	0.0
2279	0.002416939957115419
1553	8.187889512402773e-05
1757	0.0
3395	0.0001385416154568781
3598	0.0012472894499967833
2211	0.0
579	3.2284593308757255e-06
3599	0.00023468849351009614
3600	0.002977580379467917
787	1.9704086342703135e-05
2002	0.0
2076	5.313854565833229e-06
360	6.483146980972413e-05
3601	0.0045455005568721
1487	0.0
1589	0.0
952	6.190534167980314e-06
368	0.0005081045880413446
3602	0.004317631902205322
2451	2.8868195648146767e-05
2078	2.6395010710808705e-06
194	2.6395010710808705e-06
105	0.0
2113	0.0
3603	0.0016776512960960338
3064	0.0
3604	0.006598008192559952
1169	0.0
1969	0.0
542	0.0
1355	0.0
947	0.0
587	3.992946947763883e-05
3605	0.01518165331061226
3606	0.0012408425845421634
1247	0.0
3252	0.0003885336976228068
1472	0.00016660260980545541
3391	0.0
3189	0.0
1410	0.0
568	4.310331090388688e-06
1290	0.0
1283	4.310331090388688e-06
2590	0.0
3607	0.0034877920529084025
1189	6.904222960567577e-06
255	0.00014722045373406257
1663	0.0
3608	5.160988343373677e-07
3609	0.001016464306360567
3610	0.0007868051488874877
2529	0.0
293	0.0005023043201636588
3611	0.002927141186424782
1729	0.0
2137	2.3581120421001794e-05
2913	0.0001378725795769736
3612	0.007378193067038678
1644	1.0310707569719553e-05
1228	3.726996623050125e-05
3192	2.8564708096898837e-05
1970	0.0
2151	0.0001425563444127441
560	0.0
307	0.0
3133	0.0
3613	0.003645543496344786
3614	0.0024658358617182874
1491	0.0
2616	0.0
1054	0.0
1821	0.0
3615	0.001575303123939222
635	0.0
2701	0.0
3616	0.004307410536032672
220	0.0
1245	0.0
2345	0.0
3617	0.0077951481425013016
2998	1.2921775732322452e-05
3618	0.002391824807298519
423	1.2921775732322452e-05
1198	0.0
1232	0.00018451360894783202
1688	0.0007452373833039558
2643	7.24740310217702e-05
1451	0.0
3619	0.00201008916600412
31	0.0
3620	0.0013563609849878532
1892	8.820880236828434e-06
3621	0.00013752478400271714
1056	1.0839798254508725e-05
3622	0.005932545426339563
2926	0.0002516909799040703
2521	2.3447942391272383e-06
3623	0.0007821267528751953
3624	0.0023764503124029013
640	0.0
3625	0.00059141808472647
3626	0.004289272095293691
2936	0.0
3627	0.0029626383054331415
535	0.0
1957	4.170391975643938e-05
1903	0.0
2048	0.0
3628	7.843603372989211e-05
3629	0.0010278341771610244
608	0.0
3630	0.0008662230059346943
680	1.1174250235369828e-05
2079	2.3480274662964538e-05
3631	9.187861713240344e-05
3632	0.0012790391688670404
1858	0.0
3633	0.010641381793076972
296	4.072826892873932e-05
1679	6.42890849217851e-05
289	0.00021425240648332013
1319	0.00014123852891582758
954	3.096892898632615e-05
1374	5.844712717317034e-05
966	0.0
2517	5.844712717317034e-05
1595	0.0001480357005596172
1226	0.0
1382	0.0
110	2.3569018736495405e-05
738	2.3569018736495405e-05
2250	8.239568703263842e-05
1860	0.00046805204527124595
898	8.94824887967754e-05
1439	2.3569018736495405e-05
1098	5.786564388438439e-05
171	0.0
3298	0.0
3634	0.004373189484787466
3635	0.010950345603420954
2668	0.0
2767	0.0
3368	0.0
2118	0.0
1068	0.0
3183	0.0
2171	0.0
2249	0.0
1389	0.0
1818	2.0605499458701445e-05
2808	0.0
1285	0.0
1463	0.0
1514	0.0
2922	0.0
3636	0.003944142946289032
631	0.0
3637	0.0022883312807961916
3638	6.358908533109567e-05
2804	0.0
2354	0.0
3639	0.001426260652860911
2891	0.0
3640	0.0012159224214703475
3641	0.005384427519247691
2028	4.900199293844995e-05
1505	0.0
2929	0.0
3390	6.41019459704035e-06
3202	0.0
2721	0.0
3379	0.0
2928	5.9069336998822545e-05
3642	0.005172518801843257
668	0.0
2221	0.0
3643	0.006551556275692388
1137	0.0
781	0.0
662	0.0
1265	0.0
1230	1.699905681682446e-05
3644	0.0011432100826557227
3645	0.0020213427044463153
3646	0.0007803348301444749
582	2.361100552953792e-05
1160	0.00010824289817085996
1523	0.0
3647	0.01528866758740065
3648	0.012554016154397782
2798	0.0
3649	0.0020454452068935465
1406	8.6274946754428e-05
618	0.00011094153984345849
2759	2.5557792805301994e-06
3650	0.003995465929195719
2408	2.7901579911594954e-05
479	0.0
1128	8.121446005808368e-05
1126	0.0
1446	0.0
2186	0.00020199108229179168
3037	0.0
3651	0.0049185793150115665
1117	0.0
3352	0.00019463731242383992
2274	0.0
3316	0.0
3652	0.002119282147009746
306	0.0001939593223009041
3653	0.0033641706950077806
3654	0.001215166115546873
2773	0.0
879	0.0
3655	0.0012215425590202248
1716	0.0
3096	1.2895445892965932e-06
3656	0.002794428809207238
3657	0.0036495975834190462
3389	0.0
1216	0.0
86	0.0
2029	1.6462254104642756e-05
2229	0.0
3658	0.002595255213434334
2728	0.0
3659	1.1315515710362353e-05
3660	0.004523820252511178
3661	0.005184918973685592
1929	6.207493481840701e-05
3009	0.0
1500	0.0
1768	0.0
3662	0.006102574828717823
3663	0.0023338143004457516
2429	0.0
50	6.414788389096477e-05
669	2.094697271777661e-06
2275	0.0
1815	8.13776894298411e-05
2222	7.968656218684905e-07
2985	0.0001114714036760827
802	0.0
2652	5.264248039995745e-06
3082	4.680440629708374e-05
3664	0.002546891797291622
318	6.4222983063177745e-06
3665	0.00011727250701506098
3154	3.5606533255381825e-05
3666	0.002920600658888977
561	0.0
565	0.00018145015968184697
3223	0.0
2946	0.0
1238	0.0
3667	0.00984681341425626
498	2.3890645622486276e-05
1431	0.0
1307	9.72839169702259e-05
1486	2.1505352696065545e-05
250	9.127518333769919e-06
2320	1.0326277580211047e-05
743	4.971451166116849e-06
3668	0.0005906885963069753
3669	0.006072680656472273
3670	0.00241457771826934
3323	0.00016764900950029678
2468	0.0
1868	0.0
1080	4.1129744650311796e-05
379	2.3411944488268923e-05
2272	0.0
1391	3.059984595043371e-05
2935	4.377557922815818e-05
1107	0.00020945664516799917
3078	1.6330864980859892e-05
2756	0.0
3671	0.03263895290921349
2061	0.0
1579	0.00010991337985607386
486	1.623259741393897e-05
588	0.0
2130	0.0
3672	0.00185806332504663
1344	0.0
1590	4.428944361340598e-05
3673	0.008122854418593293
1279	0.0
71	4.25816777166684e-05
1255	4.25816777166684e-05
695	0.0
291	9.706117479843588e-05
789	5.157471889333729e-05
3301	0.0
3674	0.0018712422661569827
690	3.849618474062653e-07
3675	0.002103818681568935
3676	0.0029207192558100723
1253	0.0
3677	0.00836516218432977
3678	0.00579261801053952
3406	7.684965574463662e-05
3153	2.399305704717223e-05
1158	0.0
895	8.667306216608416e-06
1314	0.0
762	0.00012909812812099904
809	0.0
2466	0.0
2679	8.374900067509158e-06
2447	0.0
806	0.0
1708	1.1691752737110479e-05
990	0.0
3679	0.0026747803836259534
3680	0.003974936624239023
3226	0.0
3321	0.0
3010	0.0
1699	0.0
3681	0.005494167389601981
805	0.0
1129	0.0
856	0.0
3682	0.0017150343654393453
3683	0.002403816162689809
3684	0.005763676297134356
218	0.0
414	0.00017090787132187756
311	0.0
155	0.0
1504	0.0
3685	0.0018497247618461455
3686	1.298365666325421e-05
1394	0.0
1215	0.0
3687	0.005938284724296673
3688	0.0015716035022281924
2918	6.321404901434903e-07
1475	1.8764030517683028e-05
2880	0.0
2241	6.321404901434903e-07
3405	0.00016837350554026341
3128	1.0170863682163712e-05
1652	3.5463859840211966e-05
3689	0.0
3690	0.005745323361156108
3691	0.0037569500919594225
2567	1.4071786262369846e-05
1645	0.0
1891	0.0
3692	0.013370755345381546
3693	0.0009861350907616928
32	1.740037990011287e-06
2031	0.0
3694	0.002888108787275289
3695	0.0009722587455199085
3696	0.0022051933778810995
3697	0.0034810256164547067
1820	5.406372194294982e-06
2025	6.754607643152767e-06
2472	0.0
2909	1.0852513280777538e-05
3698	0.0021399059330718373
3699	0.012689834216896718
1469	0.0
2147	0.0
522	0.0
3232	7.928847787152061e-05
120	0.0
2751	5.8585902690937145e-05
385	0.00036445602433701323
2001	0.0
2401	2.4369987375089987e-05
3700	0.0029277445423742513
793	0.0
907	0.0
3701	0.0032448193140646713
2257	0.0
186	0.0
3702	0.0
3703	0.00814497916193737
3704	0.0006641804556468525
894	0.00015108451130418213
765	0.0
557	1.177314478807188e-06
1664	0.0
733	0.0
3101	0.0
302	0.0
1195	0.0
3705	0.0010199966205233439
3706	0.0018448088840282476
3707	0.0036480811466110454
2194	0.0
3708	0.004735115461917569
3709	0.003785666415164252
1152	0.0
315	0.0
1242	5.410953136663995e-05
803	0.0
972	0.0
1545	0.0
2823	0.0
2619	0.0001203254806057542
3710	0.0024271371279086856
685	8.736878223776634e-06
2362	0.0
3711	0.0022763774776848817
3712	0.004500462300011537
3178	3.475975759064117e-05
2500	0.0
1448	0.00024017693134227493
1549	0.0
1146	0.0
2350	0.00023028644838458536
3224	0.0
329	0.0
3713	0.00701534313865566
3381	0.0
919	0.0
2543	0.0
1465	0.0
3714	0.0013222734700662582
2477	7.517262072155339e-06
2387	7.517262072155339e-06
1559	0.0
902	4.510303406838194e-05
3715	0.003943123928329493
742	0.0
1695	2.1575337856368776e-05
474	0.0
3716	1.3269453549770192e-06
3717	0.002237518386556735
2261	0.0
1320	4.788113881936111e-05
3718	2.2689819317156277e-05
3719	0.0005036097679135877
3131	1.3536972812071597e-06
3720	0.005948292029533022
3721	0.003674909933790811
3722	0.0014274434056726316
1105	6.984198935411773e-05
1916	0.0
1615	0.0
3025	7.3158954359598876e-06
3723	0.0014449937789879847
3026	0.0
3724	0.002778289929905775
2092	4.274143194170311e-06
3146	2.6573825430511002e-05
3725	0.0027420393376744764
3726	0.001017564771765415
3324	0.0
3727	0.0025164672577168232
3728	0.001345905236661493
886	3.836397059858213e-06
3729	0.00028888072651881455
2644	1.0991325670167488e-05
3730	0.001092688117305853
3731	0.011445814223922874
783	0.0
3242	7.341127202820323e-05
1459	3.539892406558847e-05
912	0.0
1896	0.0
3732	0.0015511832491665466
3733	0.0020037607580894014
2604	0.0
3734	1.4337661069894573e-06
3735	0.003308102642181299
1055	0.0
3392	0.0
3736	0.0007803348301444747
3737	0.0
1897	0.0
3738	0.0019640457892759447
1461	0.0
725	7.688006013291829e-06
3739	0.0006400591772446447
3740	0.005144300731782823
3741	0.01929576073622081
3038	0.0
1979	0.0
1212	8.354013615391626e-06
1509	3.336371046256213e-05
3148	0.00010424468221861667
3742	0.0021137165328938925
3743	0.007048615273686093
632	6.590632615297327e-05
3744	0.021777643366305877
2952	0.0
3159	8.430380826037284e-06
2963	8.430380826037284e-06
2235	0.0
1199	0.0
2283	0.0
1902	0.0
1520	2.1494722030932094e-05
3745	0.0009107798528342705
1676	5.5913882028889045e-05
1780	4.0408523634747525e-06
3746	0.0036563278920094078
896	0.0
129	0.0
2518	4.482723044167488e-06
3747	0.004048949163766739
1252	5.447949708176748e-05
2030	0.0
1076	0.0
1221	0.0
2049	2.9562708592470062e-05
3748	0.004297687814625631
3749	0.004348570611685762
3102	0.00021241518079745657
2191	0.0
746	0.0
2097	0.0
2890	0.0
2513	0.0
2107	0.0
2205	0.0
3750	0.0009561855056473539
3751	0.0024751551309735876
3059	0.0
3752	0.0032167927888910003
3753	0.00484979063300881
450	6.992283269677726e-06
1919	5.955013427718475e-06
1662	0.0
724	0.0
2981	0.0
2830	0.0
2917	0.0
47	0.00043869819077571777
2806	1.3978897301078035e-05
2208	0.0
3754	0.0015760236570087933
1524	1.329865083691669e-06
3755	0.0016829518798821051
1258	9.730788525876803e-06
1278	0.0
3756	0.006056741299081201
2483	0.0
2611	4.119611556068456e-05
2593	0.0
3757	0.0013148965014010234
3758	0.004596135272804087
2379	0.0
2166	0.0
2140	0.0
2968	0.0
2967	0.0
1234	0.0
2385	0.00010954912438340629
3759	0.0027613963325788995
393	0.0
180	5.36862330944697e-06
3760	0.0016675728185439646
3761	3.1287858308553353e-08
3762	0.0021666162650894973
81	0.0
3763	0.0009131770228856566
221	0.0
589	0.0
3764	0.0011671337340158057
2356	4.646264833558722e-05
1753	5.596372946334679e-05
3243	0.0002536268445444988
613	1.8618093289686262e-05
3765	0.0021912376799705837
439	9.179476664974869e-05
251	0.0
2826	0.0
3766	0.0016106259817635655
3767	0.0018422253652417549
2984	2.938534349146315e-06
3110	0.0
3768	0.0034299449549055508
552	7.878299002579875e-05
3769	0.0029352138167533914
1996	2.0693633484210724e-06
3770	0.004671499655220776
207	0.0
2626	0.0
3771	0.0029991562612858916
1596	0.0
2596	0.0
2256	0.0
3772	5.160988343373677e-07
3773	0.0007945087995815063
1458	0.0
3774	0.0014941053766019275
3775	0.001941084380059858
355	5.539718214842933e-05
3080	0.0
3776	0.006675144414169199
3777	0.0050993235211587475
1806	0.0
3290	1.3268018248771976e-05
1719	4.5817224978605995e-05
3394	0.0
1182	0.0
2607	0.0
3778	0.0023519658196687037
3779	0.0008352242737650676
1185	0.0
3780	0.0021976563984169666
341	0.00019766279311378833
3781	0.00565044317968254
3782	0.03482321789314045
1428	1.9932957732252373e-06
599	0.0
197	0.0
2921	0.0
3022	0.0
1070	8.38219300347503e-05
1241	8.38219300347503e-05
3783	0.0051691432136959405
2696	0.0
1943	0.0
1550	0.0
3784	0.0007950501503662875
2629	0.0
3785	0.001413785612381083
1886	0.0001136846217461347
2511	0.0
3786	0.0005122631113810389
3787	0.003968844803838445
1562	0.0
867	5.1883604354340225e-05
3788	0.000194700915985344
3789	0.0033750985448197375
3790	0.03130229010761051
915	0.0
2081	1.6877260841324693e-05
1574	0.0
973	0.0
390	0.0
1193	0.0
1381	0.0
313	0.0
2300	0.0007818713668128326
3299	6.831593188917146e-05
1438	0.0
1041	0.0
1785	0.0
2271	0.0
3791	0.002589674091677281
3792	0.017233710213453345
1310	0.0
1498	3.9135145767728905e-05
890	0.0
0	3.172100812639834e-06
467	0.00019265600839362955
1457	0.0
412	0.0
833	1.1470010573915257e-05
1322	0.0
1640	1.9822476202236848e-05
1724	3.2864690134697764e-05
1004	0.0
297	0.0
3793	0.00021451101175955548
3794	0.00059404783598247
3795	0.0009190067290193073
3796	0.006820743596845937
3797	0.0022762146695535276
1496	8.40431592059486e-06
2996	0.0
2840	0.0
2242	0.0
3798	0.00839853666676901
3799	0.002197189454438292
1363	1.4273376456641737e-05
464	0.0
3098	1.4273376456641737e-05
2914	1.4273376456641737e-05
2515	1.4273376456641737e-05
939	0.0
3068	2.3731068209430675e-05
1376	0.0
932	0.0
140	0.000222902010356082
1	1.4273376456641737e-05
3800	0.0005289481822771979
3801	0.003723571705159484
3802	0.007096549292057066
1990	0.0
1425	0.0
670	3.6329118640740174e-05
3304	0.0
3803	1.5467930404694587e-07
3804	0.0039023804386481486
3805	0.00394428874460414
3094	0.0
1706	0.0
3386	0.0
3806	1.2708167941922218e-05
3807	0.008750344601660728
3125	0.0
334	0.0
24	3.158018819762677e-05
2310	0.0
2260	0.0
3340	4.8003030561956436e-05
353	0.0
2947	0.0
3808	0.0008447820912664138
2316	0.0
3809	0.0032290749169195743
3810	0.0014817192353504662
2729	0.0
3811	0.005273531732675877
3812	0.001088663344814631
115	0.0
3813	0.0013219443146721876
3814	0.00021682426604814145
3254	0.0
3263	0.0
3815	0.006371162923917052
3816	0.006491312409948068
2290	0.0
808	0.0
152	0.0
62	0.0
1281	0.0
1651	0.0
96	0.000263504443299507
3817	0.0036986397924076556
310	0.0
3818	0.0017485081769306192
3819	0.002714570799484577
3057	3.0470727789460678e-06
1051	0.0
807	3.7198481490284764e-06
3820	0.0012782697024355354
2706	0.0
3821	0.001463001987163117
3822	0.0035066788101741583
3035	0.0
3823	0.0009885027451619851
3824	0.000930215092280098
1513	0.0
3825	0.002106285838680004
397	0.0
2805	0.0
3826	0.012876914342878657
491	0.0
3827	0.005619211091153968
3828	0.0028769883663596982
859	0.0
1099	0.0
3829	0.0013470449621377416
3830	0.00036678042649227025
3831	0.0022251805584694332
1273	0.0
497	0.0
504	1.9877417510350273e-06
3832	0.0016548735828903823
3833	0.0
3834	0.003398785472244167
3105	0.0
3835	0.003461694791667916
694	8.231802978348394e-06
1002	0.0
960	0.0
3836	0.0021904146878184588
3837	0.0015333576693121538
3838	0.006111479522166851
182	0.0
3839	0.0010982180460122734
3840	0.004714583012511371
3841	0.0004998384246561109
2561	0.0
826	0.0
1302	0.0
1994	0.0
761	0.0
729	2.0509618528776242e-05
3842	0.006927314824932637
1060	0.0
30	1.420671836677433e-05
1740	0.0
905	0.0
2311	0.0
3843	0.0024914541166365595
3844	0.0009248540086829182
3845	0.004082949725524678
1293	0.0
2170	0.0
3181	3.05413233257046e-05
337	3.05413233257046e-05
1354	0.0
1494	3.05413233257046e-05
3846	0.003156691037911439
2273	0.0
458	0.0
3847	0.0017571036225798257
1811	0.0
3848	0.0017963274147114725
3849	0.020745411445592447
1575	0.0
2386	0.0
906	0.00010752591475584368
1481	0.0
198	0.0
986	0.0
837	0.0
1350	0.00010752591475584368
3850	0.0
3851	0.007569795736178411
2160	0.0
2034	0.0
2036	0.0
977	0.0004393422868222551
328	2.674849255430122e-05
3852	0.06143896856856046
3238	0.0
1800	0.0
1162	0.0
1720	0.0
230	0.0
1069	0.0
3136	5.318039168153697e-05
3373	0.0
58	0.0
2044	0.0
2942	0.0
760	0.0
1118	0.00036779254001686497
621	0.00151882530124915
3104	0.0
935	0.0
3052	0.0
266	0.0
476	0.0
1721	0.0
2008	0.0
2535	0.0
1299	0.0
2431	0.0
1165	0.0
56	0.0
66	0.0
1047	0.0
2265	0.0
1912	0.0
2209	0.0
1799	0.0
3097	0.0
971	0.0
1411	0.0
3164	0.0
1622	0.0
3043	0.0
3363	0.0
3853	0.0027979965871101613
3854	0.0037408924787170864
346	0.0
1256	0.0006383830719144894
1791	6.462624427991492e-06
3855	9.883386437960853e-06
3856	0.0006223840393217579
3857	0.0035950572131597316
348	0.0
85	0.0
2369	0.0
1211	0.0
3858	0.005012048461671295
2456	0.0
1701	0.0
3859	0.007486431593743563
3860	0.00706300774196616
3861	0.0011896062590511405
1095	0.0
1657	0.0
634	0.0
1141	0.0
3862	0.0003336026829716642
3863	0.0008476427495547793
3864	0.010602649092102637
3865	0.006038836508422667
333	0.0
1905	0.0
788	0.0
223	9.883749375773568e-05
3866	0.0026126865257152486
3867	0.027850780109445358
244	0.0
2482	0.0
1062	1.0560795482746135e-05
243	0.0
1534	0.0
594	0.0
1876	0.0
2446	0.0
3868	0.001244169789737585
2083	0.0
3869	0.0005387594614917667
3870	0.0026015176881927287
3871	0.0018461297464046028
3407	0.0
3872	0.011072700595683055
3873	0.04440043240358099
2282	0.0002108152565741623
2284	0.0
1090	4.287001246557768e-05
1563	0.0
332	0.0
801	0.0
728	0.0
2992	0.0
37	0.0
2954	0.0
852	0.0
1335	0.0
1945	0.0002738918630072741
2945	0.0
3289	0.0
1150	0.0
1528	0.0
2384	0.0
3018	0.0
2584	9.287504232211365e-05
2416	0.0
2201	0.0
1541	0.0
830	0.0
1235	0.0
2339	0.0
166	0.0
875	0.0
2955	0.0
1954	0.0
1231	0.0
1269	0.0
1634	0.0
3874	0.0011988762197885
2555	0.0
3875	0.0027120836665405807
3876	0.002266084727311996
1422	0.0
1202	0.0
3877	0.005235535267130402
3878	0.0010322292128250577
3879	0.0017563531826435505
3880	0.0009970526446853164
1539	0.0
3881	0.00317140550834948
1666	0.0
3882	0.001726037464849227
3883	0.0015680207182772838
466	0.0
2864	0.0
1792	0.0
3884	0.020035805786350315
3220	0.0
2376	0.0
2125	0.0
776	0.0
1437	0.0
3030	0.0
3885	0.019723277924786384
870	0.0
2999	0.0
2915	0.0
2270	0.0
1543	0.0
2504	0.0
1419	0.0
3213	0.0
216	0.0
1639	0.0
1938	0.0
280	0.0
2648	0.0
168	0.0
2687	0.0
2655	0.0
2545	0.0
924	0.0
100	0.0
571	0.0
1784	0.0
3886	0.012333266311715363
1296	0.0
735	0.0
493	0.0
1404	0.0
3887	0.002604755139082338
420	0.0
3172	0.0
3888	0.0013818387747380966
784	0.00011004230931775316
2990	0.0
3889	0.002673090806378463
102	0.0
2005	0.0
2400	0.0
3890	0.004220416406102452
2702	0.0
3891	0.0015492892395269256
3892	0.009754708328586381
3893	0.007696704497634529
1282	0.0
3355	9.627446157266925e-05
3296	0.0
1556	0.0
2088	0.0
2671	0.0
1501	0.0
3173	0.0
1855	0.0
3123	0.0
3894	0.01041613040374569
3895	0.00011787008268524588
2176	0.0
1371	0.0
2202	0.0
3896	0.0019282945017246886
3897	0.000899870477044443
637	0.0
1875	0.0
3898	0.0027345061490509576
2380	0.0
3899	0.011641903314956603
3900	0.005707497066370936
3083	0.0
3161	0.0
2911	0.0
1689	0.0
288	0.0
3901	0.0019647603964191617
2933	0.0
3093	0.0
3902	0.012941621842512026
3903	0.0017834728697623155
2394	0.0
2784	0.0
3904	0.0030302935155887586
934	0.0
3905	0.001369961071698389
3906	0.006573442580283049
2216	0.0
2183	0.0
2649	0.0
2684	0.0
3907	0.003400739081162488
399	0.0
1794	0.0
1393	0.0
3908	0.00190639485642528
3909	0.0042345245084852426
1825	0.0
1378	0.0
3225	0.0
2410	0.0
