3410	0.01679031628270207
822	0.011323701679031628
519	0.010542756735650137
21	0.07575165950800469
1793	0.0003904724716907458
189	0.0417805544709098
3194	0.0007809449433814916
157	0.011714174150722375
548	0.008980866848887154
314	0.0031237797735259665
1844	0.002342834830144475
1680	0.00468566966028895
112	0.018352206169465052
3150	0.003514252245216712
1424	0.0011714174150722375
1248	0.004295197188598204
2972	0.003904724716907458
1586	0.006638032018742679
201	0.008199921905505662
481	0.001952362358453729
403	0.00741897696212417
1383	0.0003904724716907458
69	0.035142522452167126
43	0.007028504490433424
600	0.0007809449433814916
629	0.008199921905505662
63	0.03553299492385787
113	0.009761811792268645
3409	0.005857087075361187
119	0.007809449433814916
23	0.008980866848887154
150	0.0003904724716907458
388	0.007028504490433424
2491	0.0003904724716907458
3005	0.008590394377196407
507	0.0015618898867629833
904	0.0015618898867629833
325	0.00468566966028895
123	0.009761811792268645
1325	0.001952362358453729
869	0.0011714174150722375
3411	0.005076142131979696
34	0.012495119094103866
231	0.0011714174150722375
575	0.0011714174150722375
2635	0.0003904724716907458
963	0.0003904724716907458
3002	0.0003904724716907458
1175	0.0003904724716907458
3412	0.049199531433033974
1857	0.0003904724716907458
2198	0.0011714174150722375
1407	0.001952362358453729
1408	0.0003904724716907458
1621	0.0011714174150722375
2502	0.0003904724716907458
863	0.0011714174150722375
577	0.0007809449433814916
2054	0.0007809449433814916
1577	0.0007809449433814916
3300	0.0007809449433814916
442	0.002342834830144475
503	0.002342834830144475
3270	0.0015618898867629833
2949	0.0007809449433814916
1583	0.0003904724716907458
468	0.001952362358453729
2980	0.0007809449433814916
1931	0.0011714174150722375
620	0.0011714174150722375
2522	0.0003904724716907458
1782	0.0015618898867629833
1191	0.0003904724716907458
264	0.0015618898867629833
2022	0.0015618898867629833
358	0.0003904724716907458
2090	0.0003904724716907458
3314	0.002342834830144475
913	0.0007809449433814916
1180	0.0011714174150722375
475	0.0011714174150722375
815	0.0007809449433814916
404	0.0015618898867629833
3099	0.0003904724716907458
2162	0.0015618898867629833
3384	0.0003904724716907458
2278	0.0015618898867629833
3116	0.0007809449433814916
794	0.0007809449433814916
254	0.002342834830144475
1219	0.0003904724716907458
1741	0.0003904724716907458
710	0.0011714174150722375
2443	0.0007809449433814916
1188	0.0007809449433814916
511	0.001952362358453729
160	0.0007809449433814916
1810	0.0007809449433814916
2398	0.0003904724716907458
1367	0.0007809449433814916
1348	0.0007809449433814916
3364	0.0007809449433814916
3071	0.001952362358453729
1882	0.0003904724716907458
3247	0.0011714174150722375
3403	0.0007809449433814916
93	0.0003904724716907458
2115	0.0007809449433814916
2196	0.0011714174150722375
964	0.0007809449433814916
1104	0.0003904724716907458
3120	0.0003904724716907458
3241	0.0003904724716907458
3100	0.001952362358453729
1614	0.0003904724716907458
819	0.0015618898867629833
270	0.001952362358453729
2124	0.0015618898867629833
1203	0.0011714174150722375
153	0.0003904724716907458
1901	0.0007809449433814916
1170	0.0003904724716907458
948	0.0007809449433814916
1005	0.002733307301835221
87	0.0003904724716907458
1106	0.001952362358453729
1940	0.0011714174150722375
3086	0.0003904724716907458
1599	0.001952362358453729
1125	0.0011714174150722375
855	0.0007809449433814916
3047	0.0007809449433814916
1765	0.0003904724716907458
2910	0.0003904724716907458
675	0.0007809449433814916
2112	0.0011714174150722375
3056	0.0007809449433814916
1932	0.0003904724716907458
1429	0.002342834830144475
3291	0.0003904724716907458
2225	0.0003904724716907458
2962	0.0011714174150722375
256	0.0011714174150722375
295	0.0015618898867629833
1591	0.0003904724716907458
2744	0.0007809449433814916
3413	0.0093713393205779
3414	0.006247559547051933
1790	0.002733307301835221
1984	0.0011714174150722375
731	0.003514252245216712
3248	0.0011714174150722375
392	0.007028504490433424
3	0.0011714174150722375
1280	0.0011714174150722375
2200	0.0011714174150722375
3313	0.001952362358453729
18	0.0003904724716907458
2628	0.0011714174150722375
2074	0.0007809449433814916
732	0.0015618898867629833
1942	0.0015618898867629833
709	0.002342834830144475
352	0.0007809449433814916
1890	0.0015618898867629833
2564	0.0015618898867629833
282	0.004295197188598204
1352	0.0003904724716907458
2009	0.0011714174150722375
1930	0.0003904724716907458
2534	0.0011714174150722375
719	0.0003904724716907458
1900	0.0015618898867629833
2490	0.0015618898867629833
387	0.0011714174150722375
1237	0.0031237797735259665
1986	0.0003904724716907458
955	0.0015618898867629833
1471	0.0007809449433814916
3066	0.0003904724716907458
3415	0.00741897696212417
3416	0.005857087075361187
215	0.002733307301835221
601	0.00468566966028895
791	0.0015618898867629833
3276	0.005857087075361187
391	0.005076142131979696
330	0.001952362358453729
3362	0.001952362358453729
1399	0.001952362358453729
1732	0.0003904724716907458
882	0.002733307301835221
739	0.0011714174150722375
9	0.01483795392424834
1660	0.0007809449433814916
109	0.001952362358453729
708	0.003904724716907458
95	0.0031237797735259665
1694	0.0015618898867629833
2072	0.0015618898867629833
281	0.002342834830144475
3417	0.008590394377196407
55	0.0007809449433814916
1398	0.0003904724716907458
16	0.002342834830144475
173	0.001952362358453729
874	0.001952362358453729
1755	0.0011714174150722375
103	0.001952362358453729
566	0.004295197188598204
818	0.0011714174150722375
1157	0.0011714174150722375
3195	0.0007809449433814916
3418	0.002342834830144475
513	0.005076142131979696
1379	0.003514252245216712
2344	0.0003904724716907458
749	0.005466614603670442
796	0.00468566966028895
3419	0.001952362358453729
1045	0.004295197188598204
3420	0.007809449433814916
1774	0.0015618898867629833
3121	0.0003904724716907458
1643	0.0003904724716907458
106	0.03162827020695041
1116	0.001952362358453729
75	0.010152284263959392
996	0.0007809449433814916
151	0.006638032018742679
3281	0.0003904724716907458
1775	0.0003904724716907458
1613	0.0007809449433814916
2175	0.0003904724716907458
406	0.003514252245216712
40	0.035142522452167126
3280	0.0003904724716907458
969	0.0003904724716907458
252	0.012495119094103866
2919	0.0003904724716907458
3421	0.017571261226083563
1447	0.003904724716907458
3054	0.006638032018742679
426	0.010152284263959392
559	0.004295197188598204
1207	0.001952362358453729
2161	0.0011714174150722375
617	0.003904724716907458
366	0.007809449433814916
1222	0.010152284263959392
691	0.008199921905505662
569	0.003904724716907458
1148	0.00468566966028895
1113	0.003904724716907458
502	0.002342834830144475
1700	0.0015618898867629833
61	0.010542756735650137
1531	0.0007809449433814916
134	0.010152284263959392
401	0.001952362358453729
494	0.00468566966028895
644	0.003904724716907458
1684	0.003904724716907458
3422	0.005857087075361187
1251	0.0011714174150722375
1478	0.0003904724716907458
509	0.006247559547051933
705	0.001952362358453729
70	0.002733307301835221
274	0.007809449433814916
3228	0.0003904724716907458
980	0.005466614603670442
2526	0.0003904724716907458
2866	0.0003904724716907458
3423	0.006638032018742679
3424	0.006247559547051933
592	0.007809449433814916
1848	0.0003904724716907458
94	0.03201874267864116
1270	0.00468566966028895
2893	0.0007809449433814916
191	0.005076142131979696
3268	0.0003904724716907458
3374	0.0007809449433814916
3031	0.002342834830144475
2433	0.0007809449433814916
2085	0.0003904724716907458
1400	0.002342834830144475
1899	0.0007809449433814916
1201	0.001952362358453729
3179	0.0015618898867629833
2994	0.0003904724716907458
245	0.0003904724716907458
376	0.0011714174150722375
174	0.0011714174150722375
1887	0.0015618898867629833
862	0.00468566966028895
1032	0.0003904724716907458
3425	0.013666536509176104
3426	0.00741897696212417
1948	0.003514252245216712
340	0.002342834830144475
1423	0.001952362358453729
3305	0.002342834830144475
921	0.0015618898867629833
677	0.002733307301835221
1502	0.0007809449433814916
108	0.0011714174150722375
1776	0.0003904724716907458
320	0.002733307301835221
185	0.0011714174150722375
19	0.0011714174150722375
1619	0.0007809449433814916
3387	0.0003904724716907458
3019	0.0031237797735259665
3308	0.0011714174150722375
531	0.0003904724716907458
2601	0.0007809449433814916
1010	0.001952362358453729
1484	0.0015618898867629833
17	0.0007809449433814916
1308	0.001952362358453729
1261	0.0007809449433814916
3231	0.0007809449433814916
78	0.001952362358453729
797	0.002342834830144475
3024	0.0007809449433814916
2082	0.0011714174150722375
238	0.002342834830144475
1037	0.0011714174150722375
2740	0.0007809449433814916
885	0.0003904724716907458
1564	0.002342834830144475
2809	0.0015618898867629833
3427	0.005466614603670442
2108	0.0007809449433814916
232	0.00468566966028895
2419	0.0003904724716907458
889	0.002733307301835221
434	0.003514252245216712
48	0.008980866848887154
1012	0.0007809449433814916
3428	0.005466614603670442
3187	0.0003904724716907458
1168	0.0011714174150722375
2582	0.0015618898867629833
2621	0.0011714174150722375
1812	0.0007809449433814916
887	0.002342834830144475
258	0.0015618898867629833
3307	0.0011714174150722375
3028	0.001952362358453729
3429	0.007028504490433424
1983	0.001952362358453729
672	0.0007809449433814916
146	0.001952362358453729
671	0.0015618898867629833
2425	0.0007809449433814916
211	0.005076142131979696
299	0.006247559547051933
2285	0.0007809449433814916
362	0.0015618898867629833
3430	0.0015618898867629833
3431	0.003904724716907458
3432	0.002342834830144475
175	0.0007809449433814916
892	0.0015618898867629833
1584	0.0015618898867629833
606	0.003514252245216712
380	0.0007809449433814916
344	0.002733307301835221
699	0.0003904724716907458
316	0.002733307301835221
3433	0.008980866848887154
322	0.00741897696212417
65	0.0015618898867629833
2131	0.0003904724716907458
864	0.0011714174150722375
3042	0.0003904724716907458
3256	0.0011714174150722375
1783	0.004295197188598204
1626	0.0003904724716907458
3434	0.0031237797735259665
88	0.012885591565794613
26	0.0011714174150722375
138	0.005076142131979696
206	0.0011714174150722375
2943	0.0011714174150722375
3435	0.0031237797735259665
1334	0.0011714174150722375
126	0.002342834830144475
2298	0.0011714174150722375
3436	0.003904724716907458
1073	0.0003904724716907458
525	0.0011714174150722375
2206	0.0011714174150722375
2995	0.0011714174150722375
1239	0.001952362358453729
35	0.0015618898867629833
27	0.0011714174150722375
1978	0.0011714174150722375
3437	0.004295197188598204
2378	0.002342834830144475
2412	0.001952362358453729
615	0.0007809449433814916
101	0.010542756735650137
3032	0.002342834830144475
2697	0.0007809449433814916
3438	0.0015618898867629833
104	0.0015618898867629833
645	0.0003904724716907458
3439	0.005076142131979696
3440	0.002733307301835221
1006	0.006638032018742679
2618	0.0003904724716907458
1286	0.002733307301835221
1029	0.0007809449433814916
3404	0.0015618898867629833
235	0.0007809449433814916
3441	0.0015618898867629833
3442	0.0015618898867629833
3443	0.002342834830144475
1346	0.0011714174150722375
3369	0.0007809449433814916
3444	0.015228426395939087
3445	0.013666536509176104
1548	0.002342834830144475
275	0.006247559547051933
3165	0.002342834830144475
82	0.00468566966028895
2983	0.002733307301835221
99	0.006638032018742679
4	0.007028504490433424
961	0.002342834830144475
1016	0.0015618898867629833
1017	0.0011714174150722375
136	0.002342834830144475
389	0.001952362358453729
46	0.00468566966028895
658	0.003904724716907458
730	0.00741897696212417
693	0.0007809449433814916
45	0.002342834830144475
2075	0.0003904724716907458
1164	0.0011714174150722375
1834	0.003904724716907458
156	0.0011714174150722375
1159	0.0015618898867629833
636	0.003904724716907458
327	0.003514252245216712
384	0.011714174150722375
849	0.002342834830144475
350	0.0031237797735259665
1023	0.005466614603670442
305	0.0031237797735259665
1611	0.0011714174150722375
1975	0.0003904724716907458
402	0.002733307301835221
1642	0.002733307301835221
1200	0.002733307301835221
1377	0.002733307301835221
3446	0.002342834830144475
3447	0.003514252245216712
1567	0.001952362358453729
1433	0.002342834830144475
28	0.002342834830144475
2156	0.001952362358453729
3258	0.002733307301835221
1336	0.0011714174150722375
121	0.0015618898867629833
3448	0.008199921905505662
2615	0.0007809449433814916
1508	0.0015618898867629833
338	0.005076142131979696
1526	0.002342834830144475
2292	0.0015618898867629833
2788	0.0015618898867629833
1155	0.0007809449433814916
828	0.0007809449433814916
3081	0.0003904724716907458
2438	0.002733307301835221
2066	0.0011714174150722375
2646	0.0011714174150722375
1696	0.0011714174150722375
1544	0.0007809449433814916
3449	0.01600937133932058
3450	0.035923467395548615
2	0.0031237797735259665
224	0.00468566966028895
427	0.0003904724716907458
200	0.0011714174150722375
440	0.0007809449433814916
2132	0.0011714174150722375
3207	0.0007809449433814916
3317	0.001952362358453729
3253	0.0003904724716907458
2315	0.0007809449433814916
394	0.00468566966028895
3251	0.0003904724716907458
284	0.002733307301835221
3036	0.002733307301835221
1426	0.002733307301835221
1576	0.0015618898867629833
3402	0.002342834830144475
3011	0.0015618898867629833
2087	0.0003904724716907458
772	0.0015618898867629833
3087	0.002342834830144475
3264	0.0011714174150722375
326	0.0011714174150722375
5	0.002733307301835221
2964	0.002733307301835221
72	0.0015618898867629833
1124	0.004295197188598204
3339	0.0003904724716907458
838	0.002342834830144475
1145	0.0007809449433814916
1173	0.0011714174150722375
98	0.00741897696212417
1161	0.0011714174150722375
1153	0.005857087075361187
22	0.001952362358453729
1063	0.0015618898867629833
3332	0.0015618898867629833
405	0.0011714174150722375
1859	0.0007809449433814916
3072	0.0011714174150722375
33	0.006247559547051933
3084	0.005076142131979696
3249	0.001952362358453729
1723	0.0011714174150722375
3115	0.0007809449433814916
473	0.002342834830144475
396	0.002733307301835221
1147	0.0007809449433814916
1632	0.0011714174150722375
3356	0.001952362358453729
1031	0.002733307301835221
3175	0.0011714174150722375
1417	0.0011714174150722375
1573	0.0015618898867629833
2971	0.0007809449433814916
1884	0.0011714174150722375
3073	0.001952362358453729
1736	0.0003904724716907458
447	0.003904724716907458
3396	0.002733307301835221
1103	0.005076142131979696
226	0.002342834830144475
715	0.0015618898867629833
810	0.001952362358453729
824	0.001952362358453729
354	0.0011714174150722375
848	0.0007809449433814916
953	0.001952362358453729
3451	0.005076142131979696
3452	0.01483795392424834
2503	0.001952362358453729
537	0.0011714174150722375
768	0.0007809449433814916
431	0.0011714174150722375
2046	0.0015618898867629833
319	0.0007809449433814916
1826	0.0003904724716907458
1213	0.002342834830144475
649	0.013666536509176104
1982	0.0003904724716907458
117	0.006638032018742679
1366	0.0011714174150722375
657	0.008590394377196407
2428	0.0011714174150722375
2987	0.0015618898867629833
757	0.0007809449433814916
2366	0.0007809449433814916
339	0.002733307301835221
1009	0.0011714174150722375
60	0.0007809449433814916
550	0.0015618898867629833
521	0.0011714174150722375
2043	0.0003904724716907458
1568	0.0007809449433814916
39	0.0003904724716907458
3453	0.00468566966028895
3454	0.006247559547051933
2042	0.0003904724716907458
1123	0.003904724716907458
1033	0.001952362358453729
2979	0.003904724716907458
713	0.002342834830144475
903	0.002733307301835221
278	0.00741897696212417
1357	0.0015618898867629833
2439	0.0015618898867629833
1020	0.0015618898867629833
1944	0.0007809449433814916
893	0.001952362358453729
292	0.00741897696212417
1259	0.005076142131979696
928	0.005466614603670442
159	0.001952362358453729
335	0.005466614603670442
3455	0.008590394377196407
556	0.0007809449433814916
3176	0.002733307301835221
858	0.006638032018742679
1370	0.0003904724716907458
177	0.001952362358453729
2550	0.0007809449433814916
176	0.0011714174150722375
1176	0.004295197188598204
3279	0.0015618898867629833
272	0.007028504490433424
883	0.0015618898867629833
3208	0.002733307301835221
3456	0.006638032018742679
3457	0.03201874267864116
1517	0.0003904724716907458
1223	0.0003904724716907458
2006	0.0003904724716907458
268	0.0031237797735259665
1277	0.0007809449433814916
3201	0.001952362358453729
377	0.002733307301835221
985	0.0031237797735259665
687	0.002733307301835221
1218	0.0007809449433814916
1154	0.0015618898867629833
1264	0.0003904724716907458
3344	0.0011714174150722375
1001	0.0015618898867629833
2012	0.0015618898867629833
277	0.001952362358453729
1964	0.0007809449433814916
1430	0.0007809449433814916
1452	0.0003904724716907458
42	0.002733307301835221
1977	0.0015618898867629833
1206	0.003514252245216712
701	0.0015618898867629833
514	0.0011714174150722375
2291	0.0007809449433814916
1220	0.0007809449433814916
3021	0.003514252245216712
1086	0.0007809449433814916
1704	0.0007809449433814916
290	0.003514252245216712
38	0.005466614603670442
3285	0.0007809449433814916
3246	0.0015618898867629833
872	0.004295197188598204
3122	0.0011714174150722375
2347	0.0007809449433814916
704	0.002342834830144475
857	0.003904724716907458
496	0.001952362358453729
3303	0.003514252245216712
2067	0.0007809449433814916
279	0.002342834830144475
1027	0.0003904724716907458
909	0.002342834830144475
1254	0.001952362358453729
510	0.003904724716907458
409	0.005466614603670442
726	0.0011714174150722375
1217	0.0011714174150722375
400	0.0093713393205779
1670	0.001952362358453729
3180	0.0015618898867629833
169	0.005076142131979696
3278	0.001952362358453729
167	0.0015618898867629833
3343	0.0007809449433814916
706	0.0011714174150722375
1841	0.0011714174150722375
269	0.00468566966028895
3014	0.0011714174150722375
3458	0.011323701679031628
3015	0.0015618898867629833
2662	0.0003904724716907458
222	0.0003904724716907458
2970	0.0011714174150722375
3261	0.0015618898867629833
1143	0.0007809449433814916
2144	0.0011714174150722375
1602	0.0007809449433814916
76	0.0003904724716907458
459	0.0007809449433814916
975	0.0007809449433814916
2441	0.0003904724716907458
3114	0.0015618898867629833
2145	0.0015618898867629833
734	0.0011714174150722375
3008	0.0011714174150722375
1048	0.0015618898867629833
851	0.0003904724716907458
1934	0.0015618898867629833
1050	0.0003904724716907458
625	0.0011714174150722375
1372	0.0007809449433814916
775	0.0003904724716907458
1449	0.0007809449433814916
3459	0.004295197188598204
1705	0.0007809449433814916
1360	0.0015618898867629833
987	0.0003904724716907458
3460	0.015618898867629832
309	0.004295197188598204
2372	0.0011714174150722375
2226	0.0003904724716907458
1092	0.0003904724716907458
689	0.0007809449433814916
446	0.003514252245216712
3461	0.010542756735650137
3462	0.005076142131979696
357	0.010933229207340883
84	0.0003904724716907458
3233	0.001952362358453729
3271	0.0011714174150722375
2403	0.0015618898867629833
3033	0.001952362358453729
992	0.0003904724716907458
386	0.003904724716907458
1380	0.0011714174150722375
3383	0.001952362358453729
3331	0.0011714174150722375
686	0.005857087075361187
1214	0.0003904724716907458
1343	0.0015618898867629833
546	0.0007809449433814916
1571	0.0007809449433814916
1192	0.0007809449433814916
3027	0.0003904724716907458
2240	0.0007809449433814916
1303	0.0007809449433814916
999	0.002733307301835221
737	0.002342834830144475
128	0.003514252245216712
2452	0.0011714174150722375
3463	0.008980866848887154
1345	0.0003904724716907458
79	0.004295197188598204
236	0.0007809449433814916
3295	0.0003904724716907458
876	0.003514252245216712
716	0.006638032018742679
3065	0.001952362358453729
3464	0.001952362358453729
3465	0.001952362358453729
3466	0.005466614603670442
831	0.0011714174150722375
246	0.0007809449433814916
3112	0.0007809449433814916
3212	0.0015618898867629833
2434	0.0003904724716907458
349	0.0015618898867629833
2392	0.0003904724716907458
3467	0.0011714174150722375
416	0.004295197188598204
2925	0.0007809449433814916
3468	0.00741897696212417
183	0.0007809449433814916
3156	0.0007809449433814916
3045	0.0003904724716907458
3361	0.0007809449433814916
2181	0.0007809449433814916
2940	0.0007809449433814916
3089	0.0007809449433814916
2455	0.002342834830144475
3046	0.002342834830144475
184	0.002342834830144475
1385	0.0007809449433814916
3350	0.0007809449433814916
1960	0.0007809449433814916
3469	0.011714174150722375
1405	0.0011714174150722375
1840	0.0015618898867629833
273	0.0007809449433814916
1788	0.0011714174150722375
1387	0.0007809449433814916
506	0.0003904724716907458
910	0.0003904724716907458
499	0.0015618898867629833
595	0.003514252245216712
3012	0.0015618898867629833
20	0.0011714174150722375
884	0.0007809449433814916
2396	0.0011714174150722375
702	0.0007809449433814916
53	0.002733307301835221
1327	0.0011714174150722375
12	0.0003904724716907458
967	0.0003904724716907458
3382	0.002342834830144475
845	0.0011714174150722375
188	0.0011714174150722375
1397	0.0007809449433814916
532	0.0007809449433814916
1885	0.0003904724716907458
3470	0.0031237797735259665
3471	0.006638032018742679
374	0.0003904724716907458
1362	0.0003904724716907458
2738	0.0003904724716907458
536	0.001952362358453729
2462	0.0007809449433814916
3472	0.003904724716907458
3473	0.0031237797735259665
25	0.003514252245216712
3222	0.0011714174150722375
187	0.0011714174150722375
2959	0.001952362358453729
1692	0.0011714174150722375
3474	0.012885591565794613
347	0.0011714174150722375
3001	0.0007809449433814916
1127	0.0007809449433814916
1809	0.0003904724716907458
1734	0.0015618898867629833
3475	0.002733307301835221
125	0.0011714174150722375
1604	0.0015618898867629833
2700	0.0011714174150722375
3476	0.007028504490433424
1013	0.0003904724716907458
1749	0.002342834830144475
179	0.005857087075361187
1139	0.002342834830144475
1415	0.0007809449433814916
1547	0.0007809449433814916
3477	0.0011714174150722375
3478	0.005466614603670442
3118	0.0007809449433814916
2841	0.0003904724716907458
3479	0.00741897696212417
3480	0.00741897696212417
1018	0.0011714174150722375
2070	0.0011714174150722375
3205	0.0015618898867629833
2217	0.0007809449433814916
1991	0.0011714174150722375
217	0.004295197188598204
544	0.0007809449433814916
68	0.0007809449433814916
2450	0.0007809449433814916
3408	0.0011714174150722375
1300	0.0007809449433814916
1328	0.0011714174150722375
3481	0.003514252245216712
3482	0.002342834830144475
1878	0.0031237797735259665
2158	0.0007809449433814916
3109	0.0003904724716907458
2099	0.0011714174150722375
83	0.0003904724716907458
676	0.0003904724716907458
3483	0.021475985942991018
199	0.0011714174150722375
1630	0.0015618898867629833
2932	0.002342834830144475
861	0.0003904724716907458
983	0.0011714174150722375
2041	0.0003904724716907458
717	0.0015618898867629833
1312	0.0003904724716907458
3484	0.0003904724716907458
3485	0.005466614603670442
1698	0.002342834830144475
490	0.001952362358453729
3353	0.0015618898867629833
3486	0.010152284263959392
3487	0.03709488481062085
2303	0.0003904724716907458
3151	0.0011714174150722375
1297	0.0003904724716907458
659	0.002342834830144475
44	0.0011714174150722375
1606	0.0011714174150722375
3152	0.0003904724716907458
2982	0.0007809449433814916
111	0.005466614603670442
2033	0.0007809449433814916
3067	0.001952362358453729
1802	0.0015618898867629833
1803	0.0015618898867629833
585	0.003514252245216712
181	0.0003904724716907458
8	0.0015618898867629833
3397	0.0011714174150722375
1618	0.0003904724716907458
1588	0.0015618898867629833
1856	0.0003904724716907458
242	0.0003904724716907458
682	0.0007809449433814916
248	0.0011714174150722375
3259	0.0007809449433814916
820	0.004295197188598204
3216	0.0011714174150722375
1918	0.0007809449433814916
11	0.0011714174150722375
547	0.0011714174150722375
3126	0.0015618898867629833
1507	0.0007809449433814916
650	0.003904724716907458
3488	0.002342834830144475
2506	0.0003904724716907458
2164	0.0003904724716907458
3489	0.0011714174150722375
2395	0.0007809449433814916
2761	0.0007809449433814916
1333	0.0031237797735259665
3490	0.012885591565794613
2961	0.0003904724716907458
1084	0.0007809449433814916
331	0.0003904724716907458
988	0.0007809449433814916
854	0.001952362358453729
951	0.0015618898867629833
1985	0.0011714174150722375
1572	0.0003904724716907458
3085	0.0011714174150722375
647	0.0007809449433814916
3124	0.0011714174150722375
792	0.0011714174150722375
3217	0.002342834830144475
3365	0.0015618898867629833
237	0.0011714174150722375
3491	0.0015618898867629833
2138	0.002733307301835221
1771	0.0003904724716907458
3492	0.003514252245216712
2296	0.0011714174150722375
1115	0.001952362358453729
2659	0.0003904724716907458
2927	0.001952362358453729
3493	0.003514252245216712
1488	0.002733307301835221
2103	0.0011714174150722375
1365	0.0003904724716907458
233	0.0003904724716907458
3494	0.002733307301835221
533	0.0007809449433814916
367	0.0011714174150722375
3495	0.01210464662241312
3496	0.003514252245216712
968	0.0007809449433814916
1922	0.0011714174150722375
3351	0.0003904724716907458
703	0.0015618898867629833
487	0.0007809449433814916
1879	0.0003904724716907458
3497	0.008980866848887154
539	0.0011714174150722375
371	0.003514252245216712
1515	0.0003904724716907458
1867	0.0007809449433814916
2581	0.0003904724716907458
722	0.0007809449433814916
562	0.002342834830144475
538	0.0011714174150722375
3498	0.0031237797735259665
1853	0.001952362358453729
3147	0.0011714174150722375
2467	0.0007809449433814916
3499	0.00468566966028895
3500	0.004295197188598204
1808	0.0015618898867629833
516	0.0003904724716907458
607	0.0007809449433814916
1833	0.0003904724716907458
257	0.0007809449433814916
1395	0.001952362358453729
3145	0.0003904724716907458
564	0.001952362358453729
2119	0.0015618898867629833
2602	0.0011714174150722375
2180	0.002342834830144475
981	0.0003904724716907458
563	0.0003904724716907458
3347	0.0011714174150722375
485	0.001952362358453729
3501	0.0011714174150722375
3502	0.003514252245216712
3302	0.0007809449433814916
1915	0.0007809449433814916
2923	0.0003904724716907458
764	0.002733307301835221
3503	0.0093713393205779
229	0.0011714174150722375
1114	0.002342834830144475
651	0.003514252245216712
3504	0.002733307301835221
2314	0.0007809449433814916
1444	0.0011714174150722375
3029	0.0007809449433814916
3505	0.00741897696212417
1609	0.0007809449433814916
936	0.0011714174150722375
285	0.00468566966028895
3506	0.003514252245216712
2627	0.0003904724716907458
3184	0.001952362358453729
3284	0.0015618898867629833
842	0.0003904724716907458
3507	0.007028504490433424
1697	0.0007809449433814916
3174	0.0003904724716907458
1997	0.0003904724716907458
97	0.0011714174150722375
3508	0.011323701679031628
821	0.001952362358453729
508	0.006638032018742679
3051	0.0015618898867629833
1862	0.0015618898867629833
811	0.001952362358453729
1364	0.0007809449433814916
1454	0.0011714174150722375
2309	0.0011714174150722375
3509	0.006247559547051933
3510	0.0031237797735259665
1178	0.0003904724716907458
2421	0.0003904724716907458
767	0.0003904724716907458
1673	0.0003904724716907458
998	0.0007809449433814916
3511	0.006638032018742679
2969	0.0015618898867629833
2916	0.0003904724716907458
1021	0.0011714174150722375
2367	0.001952362358453729
976	0.002342834830144475
454	0.0015618898867629833
477	0.0003904724716907458
263	0.001952362358453729
3512	0.007809449433814916
3513	0.002733307301835221
2165	0.0003904724716907458
1204	0.001952362358453729
1593	0.0011714174150722375
132	0.003904724716907458
133	0.0007809449433814916
3135	0.001952362358453729
3514	0.003514252245216712
154	0.001952362358453729
3515	0.013666536509176104
286	0.0011714174150722375
605	0.001952362358453729
1659	0.0015618898867629833
202	0.0007809449433814916
2498	0.0007809449433814916
1039	0.0003904724716907458
530	0.0015618898867629833
1249	0.0011714174150722375
142	0.001952362358453729
1850	0.0007809449433814916
317	0.0015618898867629833
604	0.0011714174150722375
3185	0.0011714174150722375
6	0.001952362358453729
483	0.002733307301835221
630	0.0003904724716907458
1111	0.0003904724716907458
1617	0.0007809449433814916
73	0.0003904724716907458
141	0.0003904724716907458
1672	0.0007809449433814916
1499	0.0015618898867629833
1717	0.0007809449433814916
758	0.0011714174150722375
3516	0.007809449433814916
3023	0.0015618898867629833
14	0.0007809449433814916
1015	0.0003904724716907458
1445	0.001952362358453729
3517	0.003514252245216712
3518	0.002342834830144475
1224	0.0031237797735259665
1330	0.0015618898867629833
3519	0.010542756735650137
3520	0.011714174150722375
460	0.0015618898867629833
135	0.0011714174150722375
3521	0.001952362358453729
3522	0.002733307301835221
90	0.001952362358453729
2538	0.0003904724716907458
3523	0.002733307301835221
3190	0.0003904724716907458
321	0.0007809449433814916
3524	0.002733307301835221
3525	0.005076142131979696
1087	0.0003904724716907458
457	0.0003904724716907458
2312	0.0011714174150722375
2010	0.0003904724716907458
2258	0.0011714174150722375
1244	0.0015618898867629833
1519	0.002342834830144475
1088	0.0003904724716907458
3526	0.00468566966028895
3527	0.003904724716907458
654	0.0011714174150722375
3528	0.004295197188598204
2153	0.0007809449433814916
2016	0.001952362358453729
911	0.0007809449433814916
3377	0.0003904724716907458
1043	0.002342834830144475
3529	0.0093713393205779
2516	0.0003904724716907458
2179	0.0007809449433814916
2039	0.0003904724716907458
1907	0.0003904724716907458
74	0.0015618898867629833
1877	0.001952362358453729
1795	0.0003904724716907458
3354	0.0007809449433814916
2052	0.0007809449433814916
1240	0.0015618898867629833
3255	0.0007809449433814916
1151	0.0011714174150722375
2317	0.0007809449433814916
1479	0.0003904724716907458
3530	0.009761811792268645
3398	0.0007809449433814916
1718	0.0015618898867629833
3531	0.015618898867629832
3532	0.015228426395939087
946	0.0015618898867629833
1830	0.001952362358453729
2057	0.0007809449433814916
2465	0.0003904724716907458
908	0.0007809449433814916
603	0.0007809449433814916
753	0.0011714174150722375
958	0.0007809449433814916
759	0.002733307301835221
1748	0.0007809449433814916
3053	0.001952362358453729
67	0.0031237797735259665
3533	0.005857087075361187
3534	0.003514252245216712
1052	0.0003904724716907458
7	0.0003904724716907458
2430	0.0003904724716907458
1028	0.0011714174150722375
29	0.0015618898867629833
2420	0.0003904724716907458
3141	0.0007809449433814916
836	0.0011714174150722375
1529	0.0031237797735259665
3535	0.004295197188598204
2978	0.0003904724716907458
3536	0.005466614603670442
1186	0.0011714174150722375
3206	0.0011714174150722375
1894	0.0003904724716907458
1359	0.002733307301835221
3537	0.004295197188598204
3538	0.03475204998047638
1315	0.0011714174150722375
2402	0.0011714174150722375
2114	0.0003904724716907458
1390	0.0003904724716907458
3235	0.0011714174150722375
574	0.0007809449433814916
1822	0.0003904724716907458
804	0.0007809449433814916
622	0.0003904724716907458
2266	0.0003904724716907458
1135	0.0007809449433814916
1814	0.0003904724716907458
639	0.0003904724716907458
1880	0.001952362358453729
3358	0.0007809449433814916
365	0.0011714174150722375
1773	0.001952362358453729
2117	0.0007809449433814916
2068	0.0003904724716907458
425	0.0007809449433814916
1766	0.0003904724716907458
2134	0.0007809449433814916
655	0.0007809449433814916
712	0.0003904724716907458
2051	0.0003904724716907458
57	0.0003904724716907458
3197	0.0003904724716907458
3244	0.001952362358453729
1351	0.0003904724716907458
312	0.0003904724716907458
700	0.0003904724716907458
2965	0.0007809449433814916
480	0.0003904724716907458
1506	0.0011714174150722375
1846	0.0007809449433814916
1119	0.0003904724716907458
2609	0.0011714174150722375
2308	0.0007809449433814916
1022	0.0003904724716907458
2389	0.0011714174150722375
866	0.0007809449433814916
2755	0.0007809449433814916
1842	0.0003904724716907458
3088	0.0007809449433814916
3539	0.008590394377196407
3143	0.0003904724716907458
1489	0.0007809449433814916
1551	0.0003904724716907458
107	0.0011714174150722375
3020	0.002342834830144475
3540	0.002342834830144475
3218	0.0003904724716907458
925	0.0007809449433814916
940	0.0003904724716907458
3541	0.00468566966028895
3542	0.013666536509176104
3543	0.005466614603670442
239	0.0007809449433814916
2474	0.0003904724716907458
455	0.0007809449433814916
922	0.0003904724716907458
3544	0.010542756735650137
3545	0.006247559547051933
203	0.0007809449433814916
2349	0.0015618898867629833
2237	0.0011714174150722375
444	0.003514252245216712
1535	0.0011714174150722375
2479	0.0003904724716907458
2763	0.0003904724716907458
2624	0.0003904724716907458
1030	0.0011714174150722375
2019	0.002342834830144475
2578	0.0003904724716907458
3191	0.0003904724716907458
3546	0.005857087075361187
1578	0.0015618898867629833
3016	0.001952362358453729
2508	0.0007809449433814916
1910	0.0015618898867629833
294	0.0011714174150722375
950	0.0011714174150722375
1140	0.0007809449433814916
957	0.0003904724716907458
3547	0.008980866848887154
1781	0.0003904724716907458
3548	0.01600937133932058
3041	0.0011714174150722375
492	0.0007809449433814916
1798	0.0007809449433814916
2558	0.0003904724716907458
648	0.0003904724716907458
1637	0.0007809449433814916
1743	0.0003904724716907458
3549	0.006247559547051933
462	0.0011714174150722375
3550	0.005857087075361187
3293	0.0011714174150722375
249	0.0015618898867629833
463	0.0011714174150722375
3292	0.0011714174150722375
667	0.0015618898867629833
1079	0.0007809449433814916
3287	0.0007809449433814916
2989	0.001952362358453729
3286	0.0011714174150722375
1112	0.0011714174150722375
3551	0.002342834830144475
3552	0.003904724716907458
3376	0.0015618898867629833
1522	0.002733307301835221
2656	0.0003904724716907458
3375	0.0003904724716907458
2695	0.0011714174150722375
610	0.001952362358453729
3553	0.002342834830144475
3554	0.008199921905505662
3555	0.014447481452557595
2489	0.0011714174150722375
1967	0.0011714174150722375
1358	0.0007809449433814916
2190	0.0003904724716907458
638	0.0007809449433814916
1847	0.0007809449433814916
1871	0.0007809449433814916
495	0.0011714174150722375
891	0.002342834830144475
2098	0.0007809449433814916
2432	0.0003904724716907458
2807	0.0007809449433814916
2268	0.0003904724716907458
1100	0.001952362358453729
1053	0.0007809449433814916
3556	0.007809449433814916
576	0.0007809449433814916
1677	0.0007809449433814916
2173	0.0007809449433814916
553	0.001952362358453729
3557	0.004295197188598204
3558	0.006247559547051933
1187	0.0007809449433814916
2024	0.0015618898867629833
470	0.0007809449433814916
1638	0.0011714174150722375
2570	0.0015618898867629833
2605	0.0007809449433814916
3559	0.002342834830144475
3560	0.003904724716907458
3561	0.005466614603670442
2343	0.0003904724716907458
1108	0.0015618898867629833
1625	0.003514252245216712
3004	0.0007809449433814916
3562	0.004295197188598204
2286	0.0007809449433814916
1872	0.0007809449433814916
583	0.0007809449433814916
3563	0.001952362358453729
2523	0.0003904724716907458
2188	0.0011714174150722375
3564	0.008980866848887154
554	0.0007809449433814916
766	0.0011714174150722375
2470	0.0003904724716907458
2537	0.0007809449433814916
612	0.0007809449433814916
241	0.0003904724716907458
661	0.002733307301835221
3565	0.011323701679031628
2192	0.002342834830144475
3074	0.0007809449433814916
1482	0.0003904724716907458
436	0.001952362358453729
1953	0.0007809449433814916
2912	0.0003904724716907458
3566	0.0031237797735259665
3567	0.002733307301835221
2246	0.0003904724716907458
435	0.002342834830144475
741	0.0007809449433814916
3568	0.00468566966028895
782	0.0007809449433814916
193	0.0007809449433814916
192	0.0015618898867629833
3569	0.005466614603670442
1130	0.0007809449433814916
1418	0.0007809449433814916
424	0.001952362358453729
3570	0.010542756735650137
2973	0.0007809449433814916
1083	0.0003904724716907458
170	0.0007809449433814916
2111	0.0003904724716907458
1510	0.0011714174150722375
3306	0.0003904724716907458
3571	0.010933229207340883
1933	0.0015618898867629833
2677	0.0007809449433814916
2800	0.0003904724716907458
3572	0.003904724716907458
1386	0.0015618898867629833
3090	0.001952362358453729
2182	0.001952362358453729
3573	0.006638032018742679
534	0.0003904724716907458
814	0.0031237797735259665
3007	0.0003904724716907458
3574	0.003514252245216712
3575	0.008980866848887154
1149	0.0011714174150722375
1474	0.0007809449433814916
1744	0.0015618898867629833
471	0.0011714174150722375
678	0.0015618898867629833
3576	0.0007809449433814916
3577	0.005076142131979696
2143	0.0007809449433814916
1485	0.0007809449433814916
383	0.0011714174150722375
2966	0.0007809449433814916
3578	0.005076142131979696
3579	0.04529480671612651
3580	0.008199921905505662
3000	0.0003904724716907458
149	0.001952362358453729
1326	0.002342834830144475
1436	0.0011714174150722375
1928	0.0007809449433814916
1236	0.0015618898867629833
262	0.0015618898867629833
602	0.0007809449433814916
417	0.0015618898867629833
3322	0.0007809449433814916
1889	0.0015618898867629833
1558	0.0003904724716907458
303	0.0007809449433814916
2703	0.0007809449433814916
1693	0.0003904724716907458
2382	0.0007809449433814916
2544	0.0003904724716907458
1538	0.0007809449433814916
2608	0.0007809449433814916
720	0.0003904724716907458
1767	0.0011714174150722375
1861	0.0007809449433814916
1968	0.0003904724716907458
2302	0.0007809449433814916
3371	0.0007809449433814916
653	0.0003904724716907458
2032	0.0011714174150722375
2154	0.0003904724716907458
696	0.0007809449433814916
3239	0.0003904724716907458
1341	0.0007809449433814916
1733	0.0007809449433814916
2021	0.0007809449433814916
415	0.0003904724716907458
1828	0.0007809449433814916
1490	0.0007809449433814916
1042	0.0007809449433814916
754	0.0011714174150722375
253	0.0011714174150722375
1036	0.0011714174150722375
2361	0.0011714174150722375
3240	0.0011714174150722375
2665	0.0003904724716907458
3380	0.0007809449433814916
208	0.0011714174150722375
3581	0.006247559547051933
853	0.0003904724716907458
2752	0.0003904724716907458
3582	0.001952362358453729
2105	0.0003904724716907458
1467	0.0015618898867629833
3583	0.0015618898867629833
3584	0.002342834830144475
2642	0.0007809449433814916
3585	0.011323701679031628
1003	0.0003904724716907458
1941	0.0007809449433814916
1669	0.0015618898867629833
2203	0.0003904724716907458
744	0.0003904724716907458
520	0.0003904724716907458
2492	0.0003904724716907458
1046	0.0003904724716907458
2661	0.0003904724716907458
2167	0.0007809449433814916
2509	0.0003904724716907458
825	0.0015618898867629833
1179	0.0011714174150722375
418	0.0011714174150722375
1347	0.0011714174150722375
3586	0.007028504490433424
3587	0.004295197188598204
381	0.0007809449433814916
1735	0.0007809449433814916
727	0.0015618898867629833
64	0.0007809449433814916
1713	0.0007809449433814916
451	0.0003904724716907458
1714	0.0011714174150722375
443	0.0007809449433814916
3588	0.003514252245216712
2625	0.0003904724716907458
472	0.0011714174150722375
3589	0.006247559547051933
1797	0.0007809449433814916
3590	0.005857087075361187
283	0.0015618898867629833
3591	0.010152284263959392
3592	0.006247559547051933
2957	0.0007809449433814916
989	0.001952362358453729
2253	0.0003904724716907458
1525	0.0003904724716907458
2095	0.0011714174150722375
3593	0.0015618898867629833
3594	0.010933229207340883
3137	0.0003904724716907458
545	0.0003904724716907458
1373	0.0003904724716907458
3595	0.005466614603670442
3596	0.008590394377196407
2373	0.0011714174150722375
1974	0.0003904724716907458
2363	0.0015618898867629833
432	0.0003904724716907458
1913	0.0003904724716907458
145	0.0003904724716907458
3193	0.0003904724716907458
1460	0.0011714174150722375
817	0.0007809449433814916
3282	0.0003904724716907458
3597	0.014447481452557595
1532	0.0007809449433814916
943	0.0007809449433814916
3277	0.0011714174150722375
721	0.0003904724716907458
3130	0.0003904724716907458
3297	0.0011714174150722375
3357	0.0011714174150722375
1635	0.0003904724716907458
91	0.0003904724716907458
2279	0.002342834830144475
1553	0.0011714174150722375
1757	0.0003904724716907458
3395	0.0011714174150722375
3598	0.002342834830144475
2211	0.0003904724716907458
579	0.0007809449433814916
3599	0.0031237797735259665
3600	0.007028504490433424
787	0.0011714174150722375
2002	0.0003904724716907458
2076	0.0007809449433814916
360	0.0007809449433814916
3601	0.007809449433814916
1487	0.0003904724716907458
1589	0.0003904724716907458
952	0.0007809449433814916
368	0.0015618898867629833
3602	0.005466614603670442
2451	0.0011714174150722375
2078	0.0007809449433814916
194	0.0007809449433814916
105	0.0003904724716907458
2113	0.0003904724716907458
3603	0.001952362358453729
3064	0.0003904724716907458
3604	0.02069504099960953
1169	0.0007809449433814916
1969	0.0003904724716907458
542	0.0003904724716907458
1355	0.0003904724716907458
947	0.0003904724716907458
587	0.0011714174150722375
3605	0.012885591565794613
3606	0.0031237797735259665
1247	0.0007809449433814916
3252	0.0007809449433814916
1472	0.0011714174150722375
3391	0.0003904724716907458
3189	0.0003904724716907458
1410	0.0003904724716907458
568	0.0007809449433814916
1290	0.0003904724716907458
1283	0.0007809449433814916
2590	0.0003904724716907458
3607	0.005076142131979696
1189	0.0007809449433814916
255	0.001952362358453729
1663	0.0003904724716907458
3608	0.0015618898867629833
3609	0.0031237797735259665
3610	0.0011714174150722375
2529	0.0003904724716907458
293	0.0011714174150722375
3611	0.008980866848887154
1729	0.0003904724716907458
2137	0.0007809449433814916
2913	0.0011714174150722375
3612	0.010152284263959392
1644	0.0007809449433814916
1228	0.0007809449433814916
3192	0.0011714174150722375
1970	0.0003904724716907458
2151	0.0007809449433814916
560	0.0003904724716907458
307	0.0003904724716907458
3133	0.0003904724716907458
3613	0.005466614603670442
3614	0.004295197188598204
1491	0.0003904724716907458
2616	0.0003904724716907458
1054	0.0003904724716907458
1821	0.0003904724716907458
3615	0.0015618898867629833
635	0.0003904724716907458
2701	0.0003904724716907458
3616	0.005857087075361187
220	0.0003904724716907458
1245	0.0003904724716907458
2345	0.0003904724716907458
3617	0.0093713393205779
2998	0.0007809449433814916
3618	0.003904724716907458
423	0.0007809449433814916
1198	0.0003904724716907458
1232	0.0007809449433814916
1688	0.0015618898867629833
2643	0.0011714174150722375
1451	0.0003904724716907458
3619	0.005466614603670442
31	0.0003904724716907458
3620	0.003514252245216712
1892	0.0015618898867629833
3621	0.0007809449433814916
1056	0.0007809449433814916
3622	0.013666536509176104
2926	0.0007809449433814916
2521	0.0007809449433814916
3623	0.002733307301835221
3624	0.004295197188598204
640	0.0003904724716907458
3625	0.003514252245216712
3626	0.005857087075361187
2936	0.0003904724716907458
3627	0.003514252245216712
535	0.0003904724716907458
1957	0.0007809449433814916
1903	0.0003904724716907458
2048	0.0003904724716907458
3628	0.0015618898867629833
3629	0.004295197188598204
608	0.0003904724716907458
3630	0.001952362358453729
680	0.0011714174150722375
2079	0.0007809449433814916
3631	0.001952362358453729
3632	0.0031237797735259665
1858	0.0003904724716907458
3633	0.018352206169465052
296	0.0007809449433814916
1679	0.0007809449433814916
289	0.0011714174150722375
1319	0.0015618898867629833
954	0.0007809449433814916
1374	0.0007809449433814916
966	0.0003904724716907458
2517	0.0007809449433814916
1595	0.0011714174150722375
1226	0.0003904724716907458
1382	0.0003904724716907458
110	0.0007809449433814916
738	0.0007809449433814916
2250	0.0011714174150722375
1860	0.0015618898867629833
898	0.0007809449433814916
1439	0.0007809449433814916
1098	0.0007809449433814916
171	0.0003904724716907458
3298	0.0003904724716907458
3634	0.002342834830144475
3635	0.007028504490433424
2668	0.0003904724716907458
2767	0.0003904724716907458
3368	0.0003904724716907458
2118	0.0003904724716907458
1068	0.0003904724716907458
3183	0.0003904724716907458
2171	0.0003904724716907458
2249	0.0003904724716907458
1389	0.0003904724716907458
1818	0.0007809449433814916
2808	0.0003904724716907458
1285	0.0003904724716907458
1463	0.0003904724716907458
1514	0.0003904724716907458
2922	0.0003904724716907458
3636	0.006247559547051933
631	0.0003904724716907458
3637	0.003904724716907458
3638	0.0011714174150722375
2804	0.0003904724716907458
2354	0.0003904724716907458
3639	0.007028504490433424
2891	0.0003904724716907458
3640	0.002342834830144475
3641	0.006247559547051933
2028	0.0015618898867629833
1505	0.0007809449433814916
2929	0.0007809449433814916
3390	0.0007809449433814916
3202	0.0007809449433814916
2721	0.0003904724716907458
3379	0.0007809449433814916
2928	0.0015618898867629833
3642	0.008199921905505662
668	0.0003904724716907458
2221	0.0003904724716907458
3643	0.007809449433814916
1137	0.0003904724716907458
781	0.0003904724716907458
662	0.0003904724716907458
1265	0.0003904724716907458
1230	0.0007809449433814916
3644	0.006638032018742679
3645	0.002733307301835221
3646	0.0015618898867629833
582	0.0011714174150722375
1160	0.0011714174150722375
1523	0.0003904724716907458
3647	0.002342834830144475
3648	0.003514252245216712
2798	0.0003904724716907458
3649	0.005857087075361187
1406	0.0007809449433814916
618	0.0015618898867629833
2759	0.0007809449433814916
3650	0.01679031628270207
2408	0.0007809449433814916
479	0.0003904724716907458
1128	0.0007809449433814916
1126	0.0003904724716907458
1446	0.0003904724716907458
2186	0.0011714174150722375
3037	0.0003904724716907458
3651	0.006638032018742679
1117	0.0003904724716907458
3352	0.0007809449433814916
2274	0.0003904724716907458
3316	0.0003904724716907458
3652	0.003514252245216712
306	0.0015618898867629833
3653	0.001952362358453729
3654	0.002342834830144475
2773	0.0003904724716907458
879	0.0003904724716907458
3655	0.0031237797735259665
1716	0.0003904724716907458
3096	0.0007809449433814916
3656	0.005466614603670442
3657	0.005857087075361187
3389	0.0003904724716907458
1216	0.0003904724716907458
86	0.0003904724716907458
2029	0.0011714174150722375
2229	0.0003904724716907458
3658	0.004295197188598204
2728	0.0003904724716907458
3659	0.0007809449433814916
3660	0.005857087075361187
3661	0.00741897696212417
1929	0.0007809449433814916
3009	0.0003904724716907458
1500	0.0003904724716907458
1768	0.0003904724716907458
3662	0.013276064037485357
3663	0.005076142131979696
2429	0.0003904724716907458
50	0.0007809449433814916
669	0.0007809449433814916
2275	0.0003904724716907458
1815	0.0007809449433814916
2222	0.0007809449433814916
2985	0.0007809449433814916
802	0.0003904724716907458
2652	0.0007809449433814916
3082	0.0015618898867629833
3664	0.008590394377196407
318	0.0007809449433814916
3665	0.001952362358453729
3154	0.0007809449433814916
3666	0.0031237797735259665
561	0.0003904724716907458
565	0.0007809449433814916
3223	0.0003904724716907458
2946	0.0003904724716907458
1238	0.0003904724716907458
3667	0.010542756735650137
498	0.0011714174150722375
1431	0.0003904724716907458
1307	0.0011714174150722375
1486	0.0007809449433814916
250	0.0007809449433814916
2320	0.0007809449433814916
743	0.0007809449433814916
3668	0.003904724716907458
3669	0.006247559547051933
3670	0.005857087075361187
3323	0.0015618898867629833
2468	0.0003904724716907458
1868	0.0007809449433814916
1080	0.001952362358453729
379	0.0007809449433814916
2272	0.0003904724716907458
1391	0.0007809449433814916
2935	0.0015618898867629833
1107	0.0007809449433814916
3078	0.0007809449433814916
2756	0.0003904724716907458
3671	0.02069504099960953
2061	0.0003904724716907458
1579	0.0007809449433814916
486	0.0007809449433814916
588	0.0003904724716907458
2130	0.0003904724716907458
3672	0.003904724716907458
1344	0.0003904724716907458
1590	0.0007809449433814916
3673	0.02069504099960953
1279	0.0007809449433814916
71	0.0007809449433814916
1255	0.0007809449433814916
695	0.0007809449433814916
291	0.0011714174150722375
789	0.0011714174150722375
3301	0.0003904724716907458
3674	0.008980866848887154
690	0.0015618898867629833
3675	0.002733307301835221
3676	0.007809449433814916
1253	0.0003904724716907458
3677	0.010933229207340883
3678	0.007809449433814916
3406	0.0011714174150722375
3153	0.0007809449433814916
1158	0.0003904724716907458
895	0.0007809449433814916
1314	0.0003904724716907458
762	0.0015618898867629833
809	0.0007809449433814916
2466	0.0003904724716907458
2679	0.0007809449433814916
2447	0.0003904724716907458
806	0.0003904724716907458
1708	0.0007809449433814916
990	0.0007809449433814916
3679	0.006247559547051933
3680	0.007028504490433424
3226	0.0003904724716907458
3321	0.0003904724716907458
3010	0.0003904724716907458
1699	0.0003904724716907458
3681	0.007028504490433424
805	0.0003904724716907458
1129	0.0003904724716907458
856	0.0003904724716907458
3682	0.003904724716907458
3683	0.002342834830144475
3684	0.007028504490433424
218	0.0003904724716907458
414	0.0007809449433814916
311	0.0003904724716907458
155	0.0003904724716907458
1504	0.0003904724716907458
3685	0.003514252245216712
3686	0.0007809449433814916
1394	0.0003904724716907458
1215	0.0003904724716907458
3687	0.00741897696212417
3688	0.003904724716907458
2918	0.0007809449433814916
1475	0.0015618898867629833
2880	0.0003904724716907458
2241	0.0007809449433814916
3405	0.0015618898867629833
3128	0.0007809449433814916
1652	0.0011714174150722375
3689	0.0003904724716907458
3690	0.004295197188598204
3691	0.008199921905505662
2567	0.0007809449433814916
1645	0.0003904724716907458
1891	0.0003904724716907458
3692	0.015228426395939087
3693	0.00468566966028895
32	0.0007809449433814916
2031	0.0003904724716907458
3694	0.00468566966028895
3695	0.0031237797735259665
3696	0.005076142131979696
3697	0.005466614603670442
1820	0.0011714174150722375
2025	0.0007809449433814916
2472	0.0003904724716907458
2909	0.0007809449433814916
3698	0.00468566966028895
3699	0.010933229207340883
1469	0.0003904724716907458
2147	0.0003904724716907458
522	0.0003904724716907458
3232	0.0007809449433814916
120	0.0003904724716907458
2751	0.0007809449433814916
385	0.0011714174150722375
2001	0.0003904724716907458
2401	0.0007809449433814916
3700	0.005076142131979696
793	0.0003904724716907458
907	0.0003904724716907458
3701	0.00468566966028895
2257	0.0003904724716907458
186	0.0003904724716907458
3702	0.0003904724716907458
3703	0.013666536509176104
3704	0.0031237797735259665
894	0.0011714174150722375
765	0.0003904724716907458
557	0.0007809449433814916
1664	0.0003904724716907458
733	0.0003904724716907458
3101	0.0003904724716907458
302	0.0003904724716907458
1195	0.0003904724716907458
3705	0.004295197188598204
3706	0.005466614603670442
3707	0.0093713393205779
2194	0.0003904724716907458
3708	0.00741897696212417
3709	0.007809449433814916
1152	0.0011714174150722375
315	0.0011714174150722375
1242	0.0011714174150722375
803	0.0003904724716907458
972	0.0003904724716907458
1545	0.0003904724716907458
2823	0.0003904724716907458
2619	0.0011714174150722375
3710	0.0031237797735259665
685	0.0007809449433814916
2362	0.0003904724716907458
3711	0.003514252245216712
3712	0.005076142131979696
3178	0.0007809449433814916
2500	0.0003904724716907458
1448	0.0007809449433814916
1549	0.0003904724716907458
1146	0.0003904724716907458
2350	0.0011714174150722375
3224	0.0003904724716907458
329	0.0003904724716907458
3713	0.006247559547051933
3381	0.0003904724716907458
919	0.0003904724716907458
2543	0.0003904724716907458
1465	0.0003904724716907458
3714	0.007809449433814916
2477	0.0007809449433814916
2387	0.0007809449433814916
1559	0.0003904724716907458
902	0.0007809449433814916
3715	0.00468566966028895
742	0.0003904724716907458
1695	0.0011714174150722375
474	0.0003904724716907458
3716	0.0007809449433814916
3717	0.00468566966028895
2261	0.0003904724716907458
1320	0.0011714174150722375
3718	0.0007809449433814916
3719	0.007809449433814916
3131	0.0007809449433814916
3720	0.008199921905505662
3721	0.005857087075361187
3722	0.00468566966028895
1105	0.0011714174150722375
1916	0.0003904724716907458
1615	0.0003904724716907458
3025	0.0007809449433814916
3723	0.00468566966028895
3026	0.0003904724716907458
3724	0.006247559547051933
2092	0.0007809449433814916
3146	0.0007809449433814916
3725	0.002733307301835221
3726	0.0011714174150722375
3324	0.0003904724716907458
3727	0.007028504490433424
3728	0.004295197188598204
886	0.0007809449433814916
3729	0.001952362358453729
2644	0.0007809449433814916
3730	0.002342834830144475
3731	0.010152284263959392
783	0.0003904724716907458
3242	0.0007809449433814916
1459	0.0011714174150722375
912	0.0003904724716907458
1896	0.0003904724716907458
3732	0.002733307301835221
3733	0.003904724716907458
2604	0.0003904724716907458
3734	0.002342834830144475
3735	0.005857087075361187
1055	0.0003904724716907458
3392	0.0003904724716907458
3736	0.0007809449433814916
3737	0.0003904724716907458
1897	0.0003904724716907458
3738	0.002733307301835221
1461	0.0003904724716907458
725	0.0007809449433814916
3739	0.003514252245216712
3740	0.011714174150722375
3741	0.02420929324482624
3038	0.0003904724716907458
1979	0.0003904724716907458
1212	0.0007809449433814916
1509	0.0007809449433814916
3148	0.0011714174150722375
3742	0.014057008980866849
3743	0.004295197188598204
632	0.0007809449433814916
3744	0.015618898867629832
2952	0.0003904724716907458
3159	0.0007809449433814916
2963	0.0007809449433814916
2235	0.0003904724716907458
1199	0.0003904724716907458
2283	0.0003904724716907458
1902	0.0003904724716907458
1520	0.0007809449433814916
3745	0.003514252245216712
1676	0.0011714174150722375
1780	0.0007809449433814916
3746	0.006638032018742679
896	0.0003904724716907458
129	0.0003904724716907458
2518	0.0007809449433814916
3747	0.017180788754392814
1252	0.0007809449433814916
2030	0.0003904724716907458
1076	0.0003904724716907458
1221	0.0003904724716907458
2049	0.0007809449433814916
3748	0.0093713393205779
3749	0.007809449433814916
3102	0.0015618898867629833
2191	0.0011714174150722375
746	0.0011714174150722375
2097	0.0011714174150722375
2890	0.0003904724716907458
2513	0.0007809449433814916
2107	0.0003904724716907458
2205	0.0003904724716907458
3750	0.005857087075361187
3751	0.00468566966028895
3059	0.0003904724716907458
3752	0.006247559547051933
3753	0.006247559547051933
450	0.0011714174150722375
1919	0.0011714174150722375
1662	0.0007809449433814916
724	0.0007809449433814916
2981	0.0007809449433814916
2830	0.0003904724716907458
2917	0.0007809449433814916
47	0.0007809449433814916
2806	0.0007809449433814916
2208	0.0003904724716907458
3754	0.004295197188598204
1524	0.0007809449433814916
3755	0.003514252245216712
1258	0.0007809449433814916
1278	0.0003904724716907458
3756	0.010152284263959392
2483	0.0003904724716907458
2611	0.0007809449433814916
2593	0.0003904724716907458
3757	0.00468566966028895
3758	0.005076142131979696
2379	0.0007809449433814916
2166	0.0003904724716907458
2140	0.0003904724716907458
2968	0.0007809449433814916
2967	0.0007809449433814916
1234	0.0003904724716907458
2385	0.0011714174150722375
3759	0.010152284263959392
393	0.0003904724716907458
180	0.0011714174150722375
3760	0.004295197188598204
3761	0.0007809449433814916
3762	0.011714174150722375
81	0.0003904724716907458
3763	0.0015618898867629833
221	0.0003904724716907458
589	0.0003904724716907458
3764	0.005076142131979696
2356	0.0007809449433814916
1753	0.0011714174150722375
3243	0.0011714174150722375
613	0.0007809449433814916
3765	0.005466614603670442
439	0.0007809449433814916
251	0.0003904724716907458
2826	0.0003904724716907458
3766	0.017961733697774308
3767	0.006247559547051933
2984	0.0011714174150722375
3110	0.0003904724716907458
3768	0.007809449433814916
552	0.0007809449433814916
3769	0.008199921905505662
1996	0.0007809449433814916
3770	0.007028504490433424
207	0.0003904724716907458
2626	0.0003904724716907458
3771	0.0031237797735259665
1596	0.0003904724716907458
2596	0.0003904724716907458
2256	0.0003904724716907458
3772	0.0015618898867629833
3773	0.0011714174150722375
1458	0.0003904724716907458
3774	0.003904724716907458
3775	0.006638032018742679
355	0.0007809449433814916
3080	0.0003904724716907458
3776	0.005076142131979696
3777	0.009761811792268645
1806	0.0003904724716907458
3290	0.0007809449433814916
1719	0.0007809449433814916
3394	0.0003904724716907458
1182	0.0003904724716907458
2607	0.0003904724716907458
3778	0.005076142131979696
3779	0.002342834830144475
1185	0.0003904724716907458
3780	0.005076142131979696
341	0.0011714174150722375
3781	0.010542756735650137
3782	0.04802811401796173
1428	0.0007809449433814916
599	0.0003904724716907458
197	0.0007809449433814916
2921	0.0003904724716907458
3022	0.0003904724716907458
1070	0.0007809449433814916
1241	0.0007809449433814916
3783	0.006247559547051933
2696	0.0003904724716907458
1943	0.0003904724716907458
1550	0.0003904724716907458
3784	0.0015618898867629833
2629	0.0003904724716907458
3785	0.0031237797735259665
1886	0.0007809449433814916
2511	0.0003904724716907458
3786	0.002733307301835221
3787	0.007028504490433424
1562	0.0003904724716907458
867	0.0007809449433814916
3788	0.0015618898867629833
3789	0.006247559547051933
3790	0.037875829754002346
915	0.0003904724716907458
2081	0.0007809449433814916
1574	0.0003904724716907458
973	0.0003904724716907458
390	0.0003904724716907458
1193	0.0003904724716907458
1381	0.0003904724716907458
313	0.0003904724716907458
2300	0.0007809449433814916
3299	0.0007809449433814916
1438	0.0003904724716907458
1041	0.0003904724716907458
1785	0.0003904724716907458
2271	0.0003904724716907458
3791	0.003904724716907458
3792	0.014447481452557595
1310	0.0003904724716907458
1498	0.0015618898867629833
890	0.0003904724716907458
0	0.0007809449433814916
467	0.0011714174150722375
1457	0.0003904724716907458
412	0.0007809449433814916
833	0.0007809449433814916
1322	0.0003904724716907458
1640	0.0007809449433814916
1724	0.0007809449433814916
1004	0.0003904724716907458
297	0.0003904724716907458
3793	0.001952362358453729
3794	0.006638032018742679
3795	0.0031237797735259665
3796	0.005466614603670442
3797	0.0015618898867629833
1496	0.0007809449433814916
2996	0.0003904724716907458
2840	0.0003904724716907458
2242	0.0003904724716907458
3798	0.01483795392424834
3799	0.004295197188598204
1363	0.0007809449433814916
464	0.0003904724716907458
3098	0.0007809449433814916
2914	0.0007809449433814916
2515	0.0007809449433814916
939	0.0003904724716907458
3068	0.0007809449433814916
1376	0.0003904724716907458
932	0.0003904724716907458
140	0.0015618898867629833
1	0.0007809449433814916
3800	0.0015618898867629833
3801	0.01210464662241312
3802	0.023818820773135494
1990	0.0003904724716907458
1425	0.0003904724716907458
670	0.0007809449433814916
3304	0.0003904724716907458
3803	0.0011714174150722375
3804	0.007809449433814916
3805	0.006638032018742679
3094	0.0003904724716907458
1706	0.0003904724716907458
3386	0.0003904724716907458
3806	0.0011714174150722375
3807	0.009761811792268645
3125	0.0003904724716907458
334	0.0003904724716907458
24	0.0007809449433814916
2310	0.0003904724716907458
2260	0.0003904724716907458
3340	0.0007809449433814916
353	0.0003904724716907458
2947	0.0003904724716907458
3808	0.004295197188598204
2316	0.0003904724716907458
3809	0.004295197188598204
3810	0.002342834830144475
2729	0.0003904724716907458
3811	0.002342834830144475
3812	0.003514252245216712
115	0.0003904724716907458
3813	0.002342834830144475
3814	0.002342834830144475
3254	0.0003904724716907458
3263	0.0003904724716907458
3815	0.005466614603670442
3816	0.006638032018742679
2290	0.0003904724716907458
808	0.0003904724716907458
152	0.0003904724716907458
62	0.0003904724716907458
1281	0.0003904724716907458
1651	0.0003904724716907458
96	0.0011714174150722375
3817	0.014057008980866849
310	0.0003904724716907458
3818	0.004295197188598204
3819	0.006638032018742679
3057	0.0007809449433814916
1051	0.0003904724716907458
807	0.0007809449433814916
3820	0.003904724716907458
2706	0.0003904724716907458
3821	0.002342834830144475
3822	0.006638032018742679
3035	0.0003904724716907458
3823	0.0031237797735259665
3824	0.001952362358453729
1513	0.0003904724716907458
3825	0.00468566966028895
397	0.0003904724716907458
2805	0.0003904724716907458
3826	0.01210464662241312
491	0.0003904724716907458
3827	0.006638032018742679
3828	0.004295197188598204
859	0.0003904724716907458
1099	0.0003904724716907458
3829	0.0031237797735259665
3830	0.003904724716907458
3831	0.003514252245216712
1273	0.0003904724716907458
497	0.0007809449433814916
504	0.0011714174150722375
3832	0.002342834830144475
3833	0.0003904724716907458
3834	0.005076142131979696
3105	0.0003904724716907458
3835	0.00741897696212417
694	0.0007809449433814916
1002	0.0003904724716907458
960	0.0003904724716907458
3836	0.008590394377196407
3837	0.004295197188598204
3838	0.01483795392424834
182	0.0003904724716907458
3839	0.0031237797735259665
3840	0.00468566966028895
3841	0.002733307301835221
2561	0.0007809449433814916
826	0.0007809449433814916
1302	0.0003904724716907458
1994	0.0003904724716907458
761	0.0003904724716907458
729	0.0007809449433814916
3842	0.008199921905505662
1060	0.0003904724716907458
30	0.0007809449433814916
1740	0.0003904724716907458
905	0.0003904724716907458
2311	0.0003904724716907458
3843	0.005466614603670442
3844	0.002733307301835221
3845	0.008199921905505662
1293	0.0003904724716907458
2170	0.0003904724716907458
3181	0.0007809449433814916
337	0.0007809449433814916
1354	0.0003904724716907458
1494	0.0007809449433814916
3846	0.005857087075361187
2273	0.0007809449433814916
458	0.0007809449433814916
3847	0.0031237797735259665
1811	0.0003904724716907458
3848	0.003904724716907458
3849	0.03162827020695041
1575	0.0003904724716907458
2386	0.0003904724716907458
906	0.0007809449433814916
1481	0.0003904724716907458
198	0.0003904724716907458
986	0.0003904724716907458
837	0.0003904724716907458
1350	0.0007809449433814916
3850	0.0007809449433814916
3851	0.008199921905505662
2160	0.0003904724716907458
2034	0.0003904724716907458
2036	0.0003904724716907458
977	0.0007809449433814916
328	0.0007809449433814916
3852	0.05818039828192113
3238	0.0003904724716907458
1800	0.0003904724716907458
1162	0.0003904724716907458
1720	0.0003904724716907458
230	0.0003904724716907458
1069	0.0003904724716907458
3136	0.0007809449433814916
3373	0.0003904724716907458
58	0.0003904724716907458
2044	0.0003904724716907458
2942	0.0003904724716907458
760	0.0003904724716907458
1118	0.0007809449433814916
621	0.0007809449433814916
3104	0.0003904724716907458
935	0.0003904724716907458
3052	0.0003904724716907458
266	0.0003904724716907458
476	0.0003904724716907458
1721	0.0003904724716907458
2008	0.0003904724716907458
2535	0.0003904724716907458
1299	0.0003904724716907458
2431	0.0003904724716907458
1165	0.0003904724716907458
56	0.0003904724716907458
66	0.0003904724716907458
1047	0.0003904724716907458
2265	0.0003904724716907458
1912	0.0003904724716907458
2209	0.0003904724716907458
1799	0.0003904724716907458
3097	0.0003904724716907458
971	0.0003904724716907458
1411	0.0003904724716907458
3164	0.0003904724716907458
1622	0.0003904724716907458
3043	0.0003904724716907458
3363	0.0003904724716907458
3853	0.012495119094103866
3854	0.004295197188598204
346	0.0003904724716907458
1256	0.0015618898867629833
1791	0.0007809449433814916
3855	0.0007809449433814916
3856	0.001952362358453729
3857	0.005076142131979696
348	0.0003904724716907458
85	0.0003904724716907458
2369	0.0003904724716907458
1211	0.0003904724716907458
3858	0.00468566966028895
2456	0.0003904724716907458
1701	0.0003904724716907458
3859	0.010152284263959392
3860	0.0093713393205779
3861	0.00468566966028895
1095	0.0003904724716907458
1657	0.0003904724716907458
634	0.0003904724716907458
1141	0.0003904724716907458
3862	0.001952362358453729
3863	0.005076142131979696
3864	0.007809449433814916
3865	0.007809449433814916
333	0.0003904724716907458
1905	0.0003904724716907458
788	0.0003904724716907458
223	0.0007809449433814916
3866	0.006247559547051933
3867	0.015228426395939087
244	0.0003904724716907458
2482	0.0003904724716907458
1062	0.0007809449433814916
243	0.0003904724716907458
1534	0.0003904724716907458
594	0.0003904724716907458
1876	0.0003904724716907458
2446	0.0003904724716907458
3868	0.006638032018742679
2083	0.0003904724716907458
3869	0.008199921905505662
3870	0.007809449433814916
3871	0.011323701679031628
3407	0.0003904724716907458
3872	0.008980866848887154
3873	0.03553299492385787
2282	0.0007809449433814916
2284	0.0003904724716907458
1090	0.0007809449433814916
1563	0.0003904724716907458
332	0.0003904724716907458
801	0.0003904724716907458
728	0.0003904724716907458
2992	0.0003904724716907458
37	0.0003904724716907458
2954	0.0003904724716907458
852	0.0003904724716907458
1335	0.0003904724716907458
1945	0.0011714174150722375
2945	0.0003904724716907458
3289	0.0003904724716907458
1150	0.0003904724716907458
1528	0.0003904724716907458
2384	0.0003904724716907458
3018	0.0003904724716907458
2584	0.0007809449433814916
2416	0.0003904724716907458
2201	0.0003904724716907458
1541	0.0003904724716907458
830	0.0003904724716907458
1235	0.0003904724716907458
2339	0.0003904724716907458
166	0.0003904724716907458
875	0.0003904724716907458
2955	0.0003904724716907458
1954	0.0003904724716907458
1231	0.0003904724716907458
1269	0.0003904724716907458
1634	0.0003904724716907458
3874	0.002342834830144475
2555	0.0003904724716907458
3875	0.005076142131979696
3876	0.005857087075361187
1422	0.0003904724716907458
1202	0.0003904724716907458
3877	0.014057008980866849
3878	0.00468566966028895
3879	0.003904724716907458
3880	0.00468566966028895
1539	0.0003904724716907458
3881	0.005857087075361187
1666	0.0003904724716907458
3882	0.0015618898867629833
3883	0.0015618898867629833
466	0.0003904724716907458
2864	0.0003904724716907458
1792	0.0003904724716907458
3884	0.012885591565794613
3220	0.0003904724716907458
2376	0.0003904724716907458
2125	0.0003904724716907458
776	0.0003904724716907458
1437	0.0003904724716907458
3030	0.0003904724716907458
3885	0.017180788754392814
870	0.0003904724716907458
2999	0.0003904724716907458
2915	0.0003904724716907458
2270	0.0003904724716907458
1543	0.0003904724716907458
2504	0.0003904724716907458
1419	0.0003904724716907458
3213	0.0003904724716907458
216	0.0003904724716907458
1639	0.0007809449433814916
1938	0.0003904724716907458
280	0.0003904724716907458
2648	0.0003904724716907458
168	0.0003904724716907458
2687	0.0003904724716907458
2655	0.0003904724716907458
2545	0.0003904724716907458
924	0.0003904724716907458
100	0.0003904724716907458
571	0.0003904724716907458
1784	0.0003904724716907458
3886	0.012885591565794613
1296	0.0003904724716907458
735	0.0003904724716907458
493	0.0003904724716907458
1404	0.0003904724716907458
3887	0.004295197188598204
420	0.0003904724716907458
3172	0.0003904724716907458
3888	0.013666536509176104
784	0.0007809449433814916
2990	0.0003904724716907458
3889	0.0031237797735259665
102	0.0003904724716907458
2005	0.0003904724716907458
2400	0.0003904724716907458
3890	0.01483795392424834
2702	0.0003904724716907458
3891	0.003904724716907458
3892	0.012885591565794613
3893	0.010152284263959392
1282	0.0003904724716907458
3355	0.0007809449433814916
3296	0.0003904724716907458
1556	0.0003904724716907458
2088	0.0003904724716907458
2671	0.0003904724716907458
1501	0.0003904724716907458
3173	0.0003904724716907458
1855	0.0003904724716907458
3123	0.0003904724716907458
3894	0.0031237797735259665
3895	0.0011714174150722375
2176	0.0003904724716907458
1371	0.0003904724716907458
2202	0.0003904724716907458
3896	0.002342834830144475
3897	0.0015618898867629833
637	0.0003904724716907458
1875	0.0003904724716907458
3898	0.00468566966028895
2380	0.0003904724716907458
3899	0.010933229207340883
3900	0.0093713393205779
3083	0.0003904724716907458
3161	0.0003904724716907458
2911	0.0003904724716907458
1689	0.0003904724716907458
288	0.0003904724716907458
3901	0.002342834830144475
2933	0.0003904724716907458
3093	0.0003904724716907458
3902	0.01210464662241312
3903	0.002733307301835221
2394	0.0003904724716907458
2784	0.0003904724716907458
3904	0.005857087075361187
934	0.0003904724716907458
3905	0.003514252245216712
3906	0.009761811792268645
2216	0.0003904724716907458
2183	0.0003904724716907458
2649	0.0003904724716907458
2684	0.0003904724716907458
3907	0.004295197188598204
399	0.0003904724716907458
1794	0.0003904724716907458
1393	0.0003904724716907458
3908	0.002733307301835221
3909	0.00741897696212417
1825	0.0003904724716907458
1378	0.0003904724716907458
3225	0.0003904724716907458
2410	0.0003904724716907458
