1259	0.0004245855870698614
4410	0.0026852440230057395
509	0.0035021179900262575
400	0.004463102241525289
3835	1.2721008713393545e-05
588	9.791288748634256e-06
335	0.0005739399214078702
1997	0.0
1702	6.826700017890742e-06
409	0.0011827154666692035
94	0.06430106120313059
252	0.011236684259161174
292	0.0004889393650814434
278	0.0029521460176993378
2526	0.0
1123	0.0001535034670893911
661	0.0001195926439806289
1943	3.448277297287561e-05
4411	0.0014980552441369033
281	0.0
248	0.0
4412	0.00036924830866311706
1045	0.00031069326422616825
63	0.09317005048015957
1887	1.25236833007177e-05
4413	0.0050057423578493
475	9.671210720436757e-06
1624	0.0
1932	0.0
1719	1.2890144190055255e-05
746	0.00016885830754553388
4028	3.4962512234196664e-05
21	0.25950653341054
3290	0.00013676963091963922
2660	0.0
3412	0.0011044314284504283
1625	3.1363665961166236e-05
3128	0.0
101	0.005933481811419058
4335	2.071989911551201e-05
154	7.398877528471094e-06
4414	0.0021937231153504066
4039	0.0002302984876567411
601	0.001189836042182377
220	0.0
1359	0.0027665149826212273
282	0.004404749514334648
2	0.0012737931487786795
889	0.0018849863184709525
1538	0.0
876	0.0009816957214268283
392	0.0008181504430426098
79	0.00015057964287214402
2750	0.0
4415	0.000699193944751093
1330	2.092693149822137e-06
386	0.0009989664033144732
4416	0.0028618957315360905
2307	9.462553134196937e-06
1084	0.0
434	0.00038927609906101626
569	0.003132511507668142
3497	3.3818695185449356e-06
1399	0.00013180575398542805
1237	0.0013610939866286755
87	0.0001132264854904482
3807	6.267480473683745e-05
123	0.0006398809886883231
34	0.008296612549122529
3023	5.2766439067477575e-05
708	0.0011277823097427242
14	4.6764999493944545e-06
3642	0.0
4417	0.0032412796579015437
40	0.06023672397699594
285	0.0026615228331745584
1584	1.591122491375795e-05
269	0.0008662291251040358
2712	0.0
1692	8.252899497958763e-05
4253	0.00040394720390055956
112	0.01847814681978486
904	0.000246684993614381
3699	0.0004514252072448185
3317	0.00025030498132842745
582	0.00010579907699802096
3570	1.4763145249835913e-05
1422	0.0
3156	0.0
4418	0.00235140245884813
3648	0.00018885959056965453
3045	0.0
3922	1.0200185463902093e-05
3361	0.00018885959056965453
2182	4.304244540660247e-05
2455	1.5910413210220708e-05
183	0.0
184	4.304244540660247e-05
4158	0.00018885959056965453
4234	0.0
3837	0.00018885959056965453
3350	0.0
2941	1.185585825004323e-05
4235	4.304244540660247e-05
4157	1.0200185463902093e-05
3089	0.00018885959056965453
3923	0.0
4139	0.0
3734	0.0
3572	0.0
1385	0.0
3625	0.0
2936	0.0
2940	0.0
2925	0.0
4419	0.010558434391534756
264	1.571592271845901e-05
490	0.0004183675380568002
24	0.0004154657006903474
88	0.005217607446159352
688	0.0
255	0.0002840695358484924
1407	0.0
69	0.0444771844828398
3323	2.7334179039603638e-05
353	0.0
763	0.0
3605	0.0006499273437539785
3402	0.00023833375720340628
322	0.0034405466186426506
3125	3.476249297480436e-06
1498	0.00039833869225678996
127	7.020707333805762e-05
308	0.0
1578	0.00010461138658736256
3340	1.3773892643103074e-05
351	7.314598515115672e-05
334	0.0
1364	0.00010486565220386238
318	0.0
4388	0.00022275970487190818
4203	0.0
4420	0.0013767947227419583
67	0.0002715199448996692
3538	0.001277790569929537
4374	0.00022355955102558992
261	1.9285551786995504e-06
4118	9.857018222989543e-06
1586	9.655848329160966e-05
189	0.08807918958725981
1978	0.0001736890407329547
4421	0.006317558375304165
3154	0.00027978444259787
4038	7.014233074236634e-05
3039	1.6865893295495844e-05
1125	0.00014017738499931794
2935	0.00019831511357496921
1854	1.9024496623373894e-05
592	0.0030616069229788896
3271	0.0005998543619925453
2404	0.0
968	0.0003018346615855377
3666	0.0
948	1.657162124619059e-05
3838	0.0004396905183532378
106	0.03513023440756935
1940	0.0
565	6.430223844458456e-06
1314	1.2867512391563251e-05
55	6.981075836239199e-05
561	0.0
326	0.00024090372454120063
294	0.0004297972971886487
3194	0.0
4392	0.0006449313932739534
895	0.0007580687918385095
25	0.0001748743147441054
3841	8.807145609043832e-06
4422	0.0022256813194240347
1302	0.00011258672703319233
3840	4.490611439022987e-06
2561	7.034301439940955e-05
826	1.5341828252955577e-05
761	0.000266769708954628
4349	4.490611439022987e-06
762	6.592420330931815e-05
3339	0.0
138	0.0012619903317528053
1204	6.744090249321664e-05
1374	9.2956485944047e-06
825	2.1231790527032026e-06
4423	0.00551987455590677
3091	0.0
4145	3.4046480554572495e-06
3102	0.0
572	4.0106818886065255e-06
2547	0.0
4242	9.49674457947077e-06
4381	0.00020721012973505976
3057	0.0
1005	7.610904731085667e-05
4424	0.002169100338108925
3708	2.3442132957857577e-05
3448	0.0
4367	2.8720689513127836e-06
3756	1.2226280866268519e-05
2982	0.0
4425	0.01055897742456642
4426	0.009648928874508316
100	0.0
1969	0.0
53	0.0017677539228040634
249	0.0001557108057732518
764	0.00011754832233624744
2979	0.0026150547668877433
1640	0.0001612119692474046
3454	0.0
3902	4.697699942737419e-05
1100	0.00021441158004246622
3791	8.61047056665616e-06
3398	6.78228891614526e-05
980	0.001069305666817876
695	0.0010049695295944517
3301	0.0
436	0.0021683201096721052
70	0.0004966723249998594
1310	1.2177854940697007e-05
553	0.0009428132151250054
713	0.0013080988270131634
1633	9.931100418209019e-05
1327	0.0008137993922250298
3529	6.328388396850965e-05
801	0.00026508985611073643
678	4.070603646139473e-05
884	0.0
268	0.002171787406526071
883	0.00037349278304625827
4183	0.00015232356673658323
2214	8.344379976885244e-05
1697	4.686879918148835e-05
2989	2.6691745778631456e-05
4154	0.0007017516834010524
297	0.00015778405633503753
495	7.469291019342887e-05
1468	6.78228891614526e-05
1043	0.0013731856235201572
2095	8.20137354363568e-06
3926	0.0
4346	9.931100418209019e-05
1115	0.0012875667993735788
3798	2.087427297384439e-05
1033	0.0002614268981947001
1676	1.2177854940697007e-05
2110	0.0
3918	4.159817423559856e-05
1840	0.0005058693277408911
595	0.0008961252543723662
462	0.00026555121313589494
3174	0.0002191020691521299
784	0.00016157858872821248
1651	0.0
188	0.00048703414307119255
794	9.931100418209019e-05
4427	0.0004923653199378142
4428	0.002878467675413623
1923	0.0
1153	0.00018179098402295297
314	0.0020268391582733965
299	0.0013585861486299293
3084	0.0001274431947134282
623	0.0
3380	0.0
1290	0.0
983	0.00014476476387965067
75	0.01433507786129236
357	0.017919036288988936
9	0.009261881501045958
4429	0.004688053485610173
3440	3.5471272122275356e-05
3884	0.00047840539039772955
1023	0.001892257765374927
1179	4.780890380742122e-05
2256	8.21548475616174e-06
814	0.006345537246009176
418	0.0009630457606848342
225	8.21548475616174e-06
4430	0.003573788112841417
3428	5.536450201452499e-05
128	0.0031465214899808573
366	0.0036107486293314307
4387	2.593988507765896e-06
1424	0.0002751259484405002
1222	0.0012099979726410345
232	0.00048827376915139124
2736	2.2075282384133307e-06
1163	0.0
3852	0.0014997784475367512
1296	0.0
4431	0.005017276270110212
4432	0.006315125370295233
842	0.0
687	8.683966211554945e-05
1674	4.288259939402448e-05
4179	0.0
272	0.004677721478804381
727	0.0005284465160216638
1256	0.0004940196094836655
4380	0.00012748414304647245
894	0.0029025272895221365
3792	2.4257979817686803e-05
1027	0.0001684965689545409
2244	0.0
4056	0.0
3394	0.0
151	0.0008414653819111928
1566	0.0
2055	0.0
714	0.0
2339	6.336220972365493e-05
4092	0.0
928	0.001492422301914158
4433	0.0010719247676401317
4434	6.272444843889388e-05
258	0.00014184212922015892
384	0.0024517343608111866
3185	0.0005468095167380332
2024	4.1332096609504776e-05
4435	0.012064770936280571
4041	1.0200185463902093e-05
3626	3.1186587156559216e-05
1030	0.0009871795008536358
3090	3.1186587156559216e-05
1522	0.004821212324246549
3046	3.1186587156559216e-05
3468	3.1186587156559216e-05
610	0.0029316132232490404
4204	1.0200185463902093e-05
4436	0.01085151653532872
4437	0.008630170566473494
76	1.6179368497586874e-05
775	0.0013831758461834193
3014	0.0
1050	0.00011382080849115696
1273	0.002237539615277363
625	0.003135529087909507
2969	1.4291083711493063e-06
3114	1.4291083711493063e-06
4382	0.0009312661090761351
1143	0.0
2916	7.876396623129334e-06
1602	0.0008172204900069916
3015	0.0
497	0.001114860046029505
3511	0.0
4385	0.0
4128	1.4291083711493063e-06
126	0.0014002947335222749
263	0.001582531838763619
734	0.003606114767712734
1934	0.001190004400425272
3458	1.4291083711493063e-06
3008	1.4291083711493063e-06
90	0.00041857737806970266
975	0.0
459	0.0
3385	1.6179368497586874e-05
2145	1.4291083711493063e-06
505	8.551479738600567e-06
1107	0.0012134008163722093
2662	0.00031469565525500063
3573	0.0
4236	0.0
454	8.974730605896385e-06
153	0.0
222	7.876396623129334e-06
424	2.038333986715431e-05
3007	0.0
3894	0.0
477	0.0
851	0.00012391500039233132
504	4.075533507381187e-05
976	0.0020843147155095174
2144	1.4291083711493063e-06
3962	0.0
1021	0.00045717057801760553
2441	0.0
2367	2.2681279203570713e-05
2970	3.0684270656332815e-05
3261	1.4291083711493063e-06
1449	7.876396623129334e-06
4438	0.0014123745078807987
4439	0.003184853717361507
1171	9.422882029640053e-05
1478	6.14867813414769e-05
506	0.0
1528	0.0
704	4.4427841515546116e-05
2898	1.5295113941199773e-05
2654	1.5203922119329812e-05
1339	3.9077233621342004e-05
4440	0.0037561979968701916
179	0.0014931948550456736
3425	6.859675150504719e-05
520	3.9258053012786736e-05
1547	0.0
3680	1.109095184812779e-05
3480	8.209783856734845e-06
350	6.761952708176143e-05
3586	0.00025234155492185565
1092	0.0
1148	0.0005120761016144514
2657	1.652456997832501e-05
19	0.0006145263150636685
1233	0.0
4441	0.0014893845181134663
4442	0.0029754939470168916
48	0.003592261196846645
1503	1.1542886623548514e-05
2799	0.0
1390	4.5456940246362776e-05
3905	0.0003584824004525984
3038	3.480576933442402e-05
2601	0.0
791	4.6340146814351414e-05
3413	0.00017310711559494462
4443	0.002140966546983557
125	0.0
2860	0.0
117	0.00037619001956160563
2700	0.0
4444	0.003236698045056435
72	0.0
1526	0.00012645339584034618
1663	0.0
2467	0.0
3682	0.0
4445	0.0013180548705607371
4446	0.0035881107379006024
115	0.0
4084	0.0
428	1.2694904256147297e-05
1828	0.0002052432349376972
1160	0.0
1014	2.115102286038796e-05
1065	0.0
1055	8.688715351205775e-06
277	0.0
4447	0.01353699627486086
4191	0.0
38	0.0023264506952322033
1964	0.0
706	0.00013662036893527453
909	0.0
510	0.001001857008637373
3457	0.0007202671407497074
2004	0.0
3927	0.0
858	0.0027694603560458257
1176	0.00032696757669511284
290	0.000436946856054319
71	0.00025631807145594756
1206	0.0006917956047313088
377	0.00017452531731788665
1277	0.0003576263833778848
4398	0.0
705	2.0691791992989077e-05
1718	6.353918030861768e-06
985	0.0007317161698523293
3344	0.0
576	0.0
3208	1.0966631065430993e-06
4196	0.00036497523764482143
1427	0.0004568346968263712
1196	0.00011786041334207712
857	2.795288460172487e-06
872	0.00038543820251045956
496	8.199746819405271e-05
3673	0.0
1933	5.00464246445394e-06
1169	1.9148273625683255e-06
2291	5.335753234429251e-05
3571	0.00010130976017525737
542	3.2143718579020066e-06
3176	0.00011366291578933741
3278	0.0003521424937987485
3928	0.0003865574950529791
2030	0.0
1704	0.00015525026774810237
3604	3.891951566715586e-06
587	0.0009537957765706742
3303	4.539846950765584e-05
4229	0.000233345120544853
3650	0.0
3122	0.0003309676676765375
3747	0.00017390598551947969
169	0.0023037509984707547
42	0.0006062964204913374
4448	0.0013397582953136463
207	2.055629108952774e-06
1889	4.6819272343952024e-05
3849	0.0002527790789237215
3579	0.0005731506337211862
2933	7.408489787030002e-06
731	0.000191956969430012
719	7.622872886609883e-06
4449	0.0049102421236148315
274	0.007132512144155356
333	0.0
2254	1.757192241965821e-05
1688	0.0011756258105506275
4450	6.070935712304329e-05
2225	0.0
4451	0.0038969692901608542
1444	0.0009322735968737951
676	6.0395199664279746e-05
131	0.0
238	0.0
2688	0.0
710	3.9958557760710345e-05
4452	0.002880604369565565
519	0.0016760720256961245
3782	0.00023638207551187303
1684	0.00031540115725070674
1650	1.9922387712741927e-05
3054	0.002983379811474827
231	7.937557513447832e-05
23	0.00035581200692118926
1574	1.5444640990613606e-06
822	0.001864393071266431
113	0.0009887107962932283
494	0.0007036043204298964
559	7.687245038714299e-05
451	1.743806122400561e-05
1142	8.652220486002907e-07
16	0.00021167178892800973
4329	0.007818590319782437
1445	0.00014513153799724019
43	0.0008004712213292509
119	0.0007856441467412826
157	0.001063531010596019
98	9.116771037898048e-05
1579	1.0076430868754793e-05
403	0.0005242596175348424
629	0.0008247363662233399
388	0.0006803539356451081
4453	0.0024612644644091634
2019	1.7829055135837632e-05
874	4.370869822041796e-05
707	0.000852806363468981
2128	0.0
4454	0.004513144005572412
640	2.8002210248298614e-06
347	0.00023247561349613906
900	2.140205518321083e-05
121	0.00027215226695957733
1910	4.259940982313758e-05
215	0.000151427099663647
1832	0.0
211	0.0011565769146048208
4455	0.0013649226984517294
4049	0.0
3447	0.00013429455695834384
3879	9.345549041472267e-07
1700	8.970433649690874e-05
1433	0.0006218979046000359
4456	0.004994285482346318
564	0.0026433948950931063
508	0.004819711727624344
2738	0.0
1346	0.0
3610	0.0
1108	8.145695518203273e-05
416	5.41398545158575e-05
3557	0.0
452	9.71678716121135e-05
2310	0.0
4457	0.001868656315467032
547	0.00035951905189999535
3969	0.0
3794	0.0001010172214543294
4458	0.017437603624370274
1270	0.00019313401994339296
3021	0.00031314742127786784
3854	3.1015933815781375e-05
1485	0.00013799866698264676
1474	4.679527059738337e-06
3601	0.0007235318495038234
972	0.0003721867719189068
346	3.221139423770099e-05
3745	9.333709908077863e-06
4459	0.007447475301412408
552	0.003060024446132667
244	1.98431177419441e-05
591	0.0
2686	0.0
1519	0.00021898953753758042
4460	0.0067280862079954805
649	0.0036745359901172916
4138	0.000675349353542538
443	0.0005945509105293643
369	0.0003321320570013867
3925	0.0
1614	1.6268279718007492e-05
191	0.0011249310923545821
132	0.00010263776133267167
2167	1.979942716343414e-05
391	0.00023067777284835613
3790	0.0003571062902002621
792	0.00010725272175264331
2517	6.295198947212189e-05
4102	5.19630465823175e-05
28	0.0007009393597265931
1308	0.002054484159402186
4461	0.008627890899630657
1279	6.6226004460009614e-06
4286	6.6226004460009614e-06
3285	6.542738609218865e-05
701	6.674005314340062e-06
875	0.0
2129	9.990212990699462e-05
1254	1.6700755060540306e-05
279	6.796091189743441e-06
1086	0.0
2892	0.0
570	0.0001859487558190004
1091	0.0
1126	1.9275136252733e-06
3935	1.8325727170694764e-05
3888	3.5365303170230458e-06
4462	0.00279142505767129
4269	0.0
295	2.9798960606686926e-05
466	0.00025552030206184046
283	0.0004751049441715109
27	0.0022343294116595
3449	0.0
1749	0.00022480208842375022
3596	5.760873324383521e-05
882	1.3183736931080251e-05
686	6.15096788335356e-05
146	7.94887587807658e-05
759	0.00016275045555062362
4463	0.006168253297917428
3815	0.0004190527861237448
2192	0.00022888999633463423
2328	0.0
1007	0.0
979	0.0
2050	0.0
1541	0.00016421671266370495
4464	0.004248857247147843
852	0.0
1938	0.0
1218	1.125904790734187e-06
3275	0.0
2516	0.0
1080	0.0
4465	0.010351859392494039
1117	0.0
3568	0.0
3669	0.0
3711	0.0
4024	0.0003047815224651736
3988	0.000241967273014959
4249	3.551886006903256e-05
782	0.0006009606552600465
1448	0.0
1391	0.00010348069491804653
4020	2.0413697595246924e-05
1214	0.00034391949260875266
2044	0.0
193	0.0
3670	2.7846985414041274e-05
4088	0.0
30	0.0002047693470047739
3842	0.00010445367954058304
35	2.0413697595246924e-05
1845	0.0
819	0.0
1868	0.0002655188414479524
3352	0.0002455117328836271
4305	5.446169622451336e-05
3078	2.9147998240264853e-05
951	0.0015223313785542496
774	0.0022730262722094985
4466	0.0027175076032020765
4467	0.04341016887802919
3957	0.00019856829667750536
1037	0.0
66	0.00016116396515344127
3624	0.0
2413	0.0
1063	0.0003020734792990387
3429	0.0
235	0.0
3657	0.0
3115	0.0
2314	0.00020897633960818157
3827	5.540804013658124e-05
1489	0.0002492650699893609
3720	0.0
3164	0.00015219323867273916
4316	0.00191659850733685
1012	0.00035859916688177655
107	0.00019969931484641157
838	8.431850812063568e-05
2621	0.0
1559	1.1462850793568676e-05
1300	0.0
1502	0.0002492650699893609
3235	0.0006372698922674059
3461	0.0
753	0.0008485826924050687
3131	0.00046000046773759433
3649	0.0
1423	0.00019969931484641157
2209	0.00020063488124041066
935	0.0
820	0.0013975625923403287
1135	0.0
3460	0.00010328642432645944
337	0.0
1484	0.00019969931484641157
3531	0.0
1130	0.0
1069	1.7587963556280354e-05
1724	0.000543836887019143
4165	0.0
4294	0.00031754801526443237
2309	0.0
3136	0.0
1299	0.0017432029349924716
2511	0.0
3541	0.0
1812	0.0
3036	0.00074194776212248
3684	0.0
1556	0.00019856829667750536
1165	0.0
4394	0.0
914	0.0
971	0.00017965762442520529
3088	0.0
3028	0.0001436944846868761
3619	0.0
3877	0.0009902727858739776
3304	0.0
887	0.00017856423002491053
4122	0.0
305	7.067215380437104e-05
526	0.0
1351	0.0
3516	0.0
29	0.00015219323867273916
2638	0.0
480	0.0
4100	0.0
603	0.00015219323867273916
1766	0.0
3353	0.0
3226	0.0
2964	0.00010328642432645944
3277	0.0004348572330710502
3231	0.0
58	0.00019856829667750536
3622	0.0
4314	0.0
3187	0.0
3249	7.067215380437104e-05
3590	0.0
4390	0.00020081274108888644
1253	0.0
1075	0.0002254672989456352
4468	9.440173301458304e-05
4469	0.005242201188531698
3365	3.318932293191646e-05
3452	3.057137129685351e-05
2205	7.742151879590426e-05
737	8.906501314509286e-05
2387	3.264183875457956e-05
3993	0.0
3019	0.0
1343	9.559843816696535e-05
1073	3.670546057048049e-05
3490	9.445018443671002e-05
3876	4.565208885730389e-05
3150	6.772330079081598e-05
4470	0.0016677659529274608
3073	2.6195546194133827e-06
3276	0.0021893498195243114
114	2.2310034369154053e-05
61	0.006827821285126992
4471	0.002712262827555521
1641	0.0
95	0.0005010258356534447
694	0.0
4472	0.011839143413928662
4473	0.00021004793911184858
160	0.00010319467724376075
201	0.0010509656469279538
849	7.249702760564255e-05
612	1.8932695360297426e-05
1193	0.0
2226	0.0
987	4.620967220591599e-06
4108	0.000322415297224947
1742	6.973401246897103e-06
2029	9.521431019062744e-06
134	0.004422035465755134
2793	0.0
4097	0.0
199	5.797161357480039e-05
4365	0.00010319467724376075
581	0.0
338	0.0038697798681587145
691	0.0001974230837134472
4474	0.0019171754408034282
4475	0.007387221686947518
1149	1.1222326171277914e-05
641	1.8497982330914192e-05
1537	0.0
341	0.0001353931434184117
371	0.0002840919248121266
2216	0.0
1223	0.0
1517	2.2002955614395104e-05
4476	0.001989715363361905
1613	8.281117570514124e-05
1919	0.0
3839	1.390160540816738e-05
1764	0.0
4477	0.001256979012539052
1851	0.0
867	9.02292196408611e-06
620	4.811279415410596e-06
2425	8.575297497512199e-05
908	1.739551353332666e-05
4478	0.0008375717943858019
3025	0.0
4273	5.203013075319684e-05
2043	0.0
4479	0.002821144835038552
3906	0.0
4480	0.005737682584229034
3005	0.0010044092894251515
103	0.0
108	7.998169462721862e-05
3179	1.2168202358164607e-05
3462	5.243307019200762e-05
4287	0.0
1116	2.5534921564296178e-05
905	0.0
492	0.0
1383	0.0003273735989807795
1408	0.0
4481	0.007231895442644857
3371	1.4026800753498657e-05
387	1.4026800753498657e-05
488	0.0
1890	0.0
3611	0.000810871438520021
2009	1.4026800753498657e-05
1280	1.4026800753498657e-05
3415	1.4026800753498657e-05
1790	0.0
1984	0.00014725106535049502
2241	0.0
3	0.0
2608	1.4026800753498657e-05
4087	1.4026800753498657e-05
1900	1.4026800753498657e-05
2032	0.0
3539	1.4026800753498657e-05
732	1.4026800753498657e-05
4299	1.4026800753498657e-05
2564	1.4026800753498657e-05
1471	6.398165195625383e-05
2534	0.00036864177171142866
4227	0.0
648	0.0
1733	0.0
4482	0.0037535471142142755
1908	0.0
4254	1.0585511668557993e-05
4483	0.0009173342638770294
4484	0.004680494954028291
1031	0.00010100695729483764
2092	1.1678167757244901e-05
330	0.00043050004354979875
4018	2.2322477133243376e-06
309	1.6417279425816333e-05
1562	3.5455735456054452e-06
2131	2.8867727791076682e-05
4485	0.002695899169687012
3831	0.0
4125	0.0
3830	0.0
4486	0.0027741088961825665
730	0.0010348618784199364
828	4.238596398429484e-05
2739	1.4374106604445459e-06
2521	4.830303116893563e-05
3450	0.00042816673389765956
2447	1.7639828037022896e-06
548	0.0002136039235450592
2762	0.0
4487	0.006883634898590868
1734	4.400859404964665e-05
1207	3.678641563754063e-05
3974	0.0004060840743532862
311	0.0
237	0.0003071695776281708
325	0.0005086835440672673
2932	0.00017261544562376606
45	0.0004146313599961123
426	0.0008180347675464237
2984	0.00020865570420935237
3741	0.0011557951811010617
4002	8.589110918031608e-05
1844	7.20042020221263e-05
2944	0.0
3487	0.00018718049736945916
3409	0.0005658422169846864
2566	0.0
1312	4.310135447307069e-06
33	0.00047075451925134574
4488	0.00393434848128941
1178	0.0008267366602290184
4489	0.002307440451877202
4490	0.0035637823814811506
1829	0.0
1716	0.0
3096	0.0
2464	0.0
3006	0.0
1922	1.3291065239374886e-06
3613	0.0
2755	0.0
4491	0.0029539254244863936
3189	0.0
2037	0.0
3546	4.297627242545039e-05
1006	0.00046738262528226267
1659	0.0
4492	0.004543039125763376
555	0.0
4493	0.0017048940701875183
657	0.0017753983825525457
1246	0.0
4129	5.346989938222764e-05
4494	0.002038131689491949
3158	0.0
529	3.036011788062283e-06
3399	0.0
2235	1.5414692343252524e-05
4495	0.0036457714988473483
2285	2.2668646385682813e-06
566	0.000917769296452385
3124	2.2668646385682813e-06
3892	2.2668646385682813e-06
1145	0.00020202541674754063
3893	0.0001169361354106182
3123	5.034574189983252e-05
4496	0.0025476577878438007
3436	5.572547080746266e-05
185	1.6740427104218504e-05
768	9.773337954539282e-07
2986	0.0
1510	8.187930463348671e-05
4497	0.0015621748653149353
4498	0.005992792485500816
2108	0.0
2275	0.0
902	0.0002225969080602723
1660	0.0001326582708195911
3946	0.0
4499	0.001309070639718916
142	0.000578794673128927
1593	9.904675855037061e-06
481	0.0027200833581389598
2465	2.4723011197990716e-05
4500	0.0006211420678466761
749	0.004771493948330769
513	0.0013622313292863655
1379	0.0042624110549997485
3284	0.0018121261023358241
796	0.004293204623792257
4501	0.002940759462572863
3233	1.2091612695184835e-05
155	0.0
362	2.662269385278379e-05
3534	1.6427131022195465e-06
4502	3.2396073681606634e-06
4503	0.0015831072182058406
2611	0.0
1174	1.689994014517397e-05
4504	0.00452573591894505
2965	0.0
3360	3.0500654638330404e-05
3241	0.0
3357	3.5273480722671665e-06
2265	1.4682729521397717e-05
348	3.5273480722671665e-06
2369	0.00017991366833042217
3390	0.0001108789856554491
85	0.0006341040873896409
3393	0.0
1124	0.000893154706871404
3181	2.122300042839808e-05
4505	0.0008133761369960361
4506	0.0005710018757963395
1286	0.00018711259496492815
4507	0.002371047387817801
534	0.0
4508	0.0033234523727024355
1983	7.13552148417296e-05
939	4.6721479969341136e-05
3873	0.000192035692278621
1224	0.00023173714815525137
2146	0.0
3404	0.0
4509	0.005661040766991326
1378	0.0
1652	0.0
3548	0.00031498891968361197
4264	0.0002201095397001127
1806	0.0
2165	0.0
1867	0.00010966466423037162
1961	0.0
4510	0.005283820492547419
487	0.0002910122983784556
3058	0.0
1326	0.0
831	5.004936901788829e-06
4511	0.001953585812198501
4512	0.0046492663665669495
3954	0.0
3977	0.0
986	1.1233152997897623e-06
869	0.0002454375194613681
420	0.0
1094	0.0
4513	0.004393698682428633
1801	0.0
4514	2.0942943176756294e-05
4515	0.0008120098787146291
472	4.631339330495822e-05
4516	0.005653532722808748
306	3.8438871774283086e-05
1953	0.0
3727	9.739440967772945e-05
3298	0.0
613	0.0005066837456620679
663	0.0
3052	8.991416807658467e-06
3192	1.0628479337180632e-05
2022	4.142216990194185e-05
2607	0.0
4517	0.002759468181009313
140	0.00013077291278888913
3858	5.510194900534728e-05
1470	6.0987538619454536e-05
3865	0.00018481724931249146
4317	0.00019229215489638684
467	0.0003665803603634658
949	5.044358462680534e-06
1567	0.00014677068600082568
3237	0.0
4518	0.0021700058998164588
912	6.171966029627351e-06
577	1.3985983480421084e-05
3867	0.00016072518773356767
4232	0.0
2072	7.601531090294019e-06
3744	0.00018137675219731452
644	0.0007313418373507247
4519	0.0007562413517160878
1323	0.0
4520	0.0007957161323551023
4521	0.001636689568883627
1870	0.0
558	0.0
3635	2.185106864830323e-05
3424	7.883513020672912e-06
4522	0.0028205981525664552
2761	0.0
2840	0.0
2303	0.0
2395	0.0
4523	0.0022478066135894616
1892	5.54200047082269e-06
194	7.756736352499534e-06
105	0.000639376270970623
4524	0.0009493620736485801
4525	0.0029850217375249123
1936	0.0
2302	3.287932594712872e-07
3392	0.0
4085	0.0
2082	0.0
4526	0.0011181829425366949
3224	2.6731796508659032e-05
336	1.2229397660851535e-05
3065	8.807366975871432e-05
3331	0.000115631414076259
1708	0.0007172197068202816
4527	0.003016195238012977
4528	0.0010102825237292277
3345	0.0
2664	0.0
744	0.0
359	0.0
1301	9.835024015812615e-06
4529	0.001267023144649936
1783	0.0001930772206999617
109	0.0005847858321555778
4530	0.001243178415733955
4531	0.0014890464298029057
1588	8.064699384482291e-05
3980	8.192817452247264e-06
3272	0.0
145	0.0
535	6.218371221345278e-05
4532	0.000701746558194645
1772	0.0020604347977267092
2294	0.0
4533	0.009547854841453705
1415	7.365594908548696e-05
2620	0.0
758	0.0003956626528223271
1248	7.32957178349065e-05
4534	0.011122154281088259
4535	0.0031391176380721627
3676	0.0
1551	4.219951963222003e-05
3100	1.9776993720373158e-05
618	3.9965297614868786e-05
910	0.0
3597	0.0005644858258775329
2943	0.0
4017	0.0
2195	0.00010372851120537615
821	0.00039491777490855854
4172	1.9435116250532386e-05
1139	1.9874282830917743e-05
173	0.0008809465707838238
3932	0.0
4009	2.3122554978751675e-05
521	0.0
3099	0.0
4016	0.00015112624575667227
3359	0.0
562	0.00038188227019825895
2468	0.0
4536	0.005745712626601861
4537	0.0021185184695417685
1827	0.0
2317	0.00046012419801583427
1598	0.0
726	2.2172747130239268e-05
469	0.0
4538	0.001071934393450358
3312	0.0
583	3.883352271945179e-06
4539	0.002643199734488233
4540	0.0008181003168465135
485	0.00013348924315850446
344	0.00022537685432930514
316	0.0003384784998170758
605	3.975577742117286e-05
1673	3.917511792327658e-05
4541	1.7954675627312232e-05
1955	0.0005980048476278454
4542	0.0035631581693231673
147	0.0
2781	0.0
102	0.0
2716	1.264849744968058e-05
1194	0.0
1099	2.761603150232637e-05
1230	7.650604453950688e-05
435	0.00014079664555650425
4543	0.008074996084646091
446	3.2755134220219785e-05
99	0.00024778887243720964
276	4.4507949986062804e-06
275	0.00011178278572095406
3063	9.246772693591224e-06
2972	7.417542341091076e-05
636	6.803659471538418e-05
3166	2.7898738899006586e-05
608	0.0
927	4.4507949986062804e-06
327	0.00016247088902396857
1447	8.404907348171313e-05
46	6.177427651709337e-05
310	0.0
4222	4.4507949986062804e-06
455	4.4507949986062804e-06
135	4.4507949986062804e-06
3691	1.3193425835041925e-05
1488	9.815888989295547e-05
4544	0.003587010449994606
1034	0.0
3667	0.0
3297	8.169777882680363e-05
1307	0.00014169439958492034
2990	0.0
3778	0.0
3252	0.00015088547855505506
499	0.0004525300157570419
3135	0.0008750659309173963
1600	0.0
4545	0.0021046199761044267
518	0.0
2247	0.0
2159	0.0
1874	0.0
4546	3.2396073681606634e-06
4547	0.003760743318960248
6	0.0001272719997552292
896	0.0
324	0.00015122174544181848
3356	9.052959031774443e-05
4548	0.012762142471389274
4549	0.0042820692131941155
1740	0.0
1048	3.529924094440675e-06
422	0.0
1372	3.529924094440675e-06
4144	0.0
1371	8.420463436055292e-05
1505	8.31917059355305e-05
2292	0.0007331947285015335
3846	0.0
32	0.0
4550	0.005703519055935193
3001	2.9397022098306932e-05
3016	5.796132873200037e-06
1808	0.0001919781873101142
133	0.0
360	1.4029705410583193e-05
2450	0.0
1913	0.0
4551	0.0012042311391551428
1311	6.854501713392165e-06
4552	0.0023955706797804364
4553	0.0012113088030273932
2584	0.0
4301	0.0
2069	5.9317590537803053e-05
1677	7.709494490436941e-05
342	0.0
1058	0.0
1265	0.0001635205322982581
4554	0.011020284415796503
3549	0.0
999	9.372387509550315e-05
4094	4.226891224745829e-05
3308	0.0
172	0.0
3495	7.020218453150455e-06
4243	6.477393957976785e-06
703	1.0429002618414355e-05
989	5.7048397064865294e-05
3020	0.0
3509	0.0020766737940720688
4555	0.00021718784088971727
4556	1.0146500798258975e-07
4557	3.2396073681606634e-06
4558	0.002058914491611787
543	0.0
1529	1.5852422403012877e-05
2454	0.0
4559	0.00262434257753255
3663	6.852648901796635e-06
716	0.0007712568758611225
271	0.0
381	3.6097132182891264e-05
4560	0.006526551521316251
3177	0.0
2033	0.00022690480395070377
1632	0.0
1760	0.0
2071	0.0
3244	0.0
187	2.0999885345903998e-05
150	1.3972224934592565e-05
3086	1.28371151297414e-05
4561	0.00391696014171234
2389	0.00015743387620062354
3822	0.0
1054	5.107330845925636e-05
4345	0.0
539	0.0010315118434077858
4344	8.646112286981577e-06
4562	0.0007675910943963623
3984	0.0
2372	2.1375831243919828e-05
4563	3.2396073681606634e-06
4564	0.0019878929765273184
4565	0.022903643664594714
2865	4.551698534795403e-05
3199	0.0
4022	0.0
1110	5.0546232678809305e-05
2206	8.092508562692687e-05
460	2.272907312287647e-06
1325	1.1624654500946977e-05
2396	2.720851082799947e-06
3633	0.00010066628331234903
401	4.93267647706924e-05
4295	4.271873760195213e-05
3082	0.0001665223691959914
617	0.0009429565258598679
3802	0.00019133980972173696
3247	0.00017051389505125217
1015	1.3238050195954524e-05
3219	0.0
4566	0.00584216568780724
1696	0.0
1242	0.00010303015029636289
2823	0.0
2593	0.0
1155	0.0
2619	0.0
3709	9.367593838140708e-05
1152	0.0
315	0.0
1544	0.0
1251	0.0
2615	0.0
1545	0.00015347830249733775
2646	4.704653501816475e-05
2066	0.00013024058762155642
2438	5.515537130783373e-05
803	0.0
2156	0.0004178856064740416
4265	3.49474219631492e-05
4567	0.0030369754131541497
1787	0.0
3785	3.1400622407261646e-05
1	0.000795588451512277
4568	0.007229171486067184
3555	5.708822120835119e-05
2179	0.0001424326051742779
3171	3.031832138103081e-05
589	0.0
1228	0.0001872519330089467
2143	0.0
1629	0.0
1739	0.0
3354	0.0
4224	3.982085045582286e-05
176	0.00011856123342331742
3826	7.343238097690956e-05
4569	0.0010330892571548869
4570	0.00219926374569963
3306	5.222648988869712e-05
214	1.4529413523167534e-06
3474	0.0
1042	1.4539937965788695e-05
4571	0.0016261079891385674
2713	4.993530350366292e-06
936	1.3633208882561994e-05
1973	0.0
2286	0.0
4572	0.0010788573731399028
2718	4.98272413630156e-05
859	4.068859397314199e-05
4573	0.008225930400918
3769	0.0
4014	8.610174751322028e-05
3891	0.0
594	0.0
4207	2.1058799065021203e-05
3012	0.0
2320	2.875800212500485e-05
0	7.548674085961338e-05
3469	8.42155671218627e-06
4574	0.003827916784829483
1930	0.0
313	0.0
4166	0.0
4575	0.005404831027957476
4576	0.0031912629551685045
413	0.0
1689	2.1496890307194262e-05
3898	3.9134483896211934e-05
3137	9.273970305178376e-06
2137	4.863396746510893e-06
1029	0.0
2987	0.0
2148	0.0
3362	4.406683480154e-05
1341	1.643537416922682e-05
4577	0.001895744847463551
1232	0.00011036649927950415
2323	0.0
4578	0.0023667883814395426
4579	0.0002062440919217249
3496	8.295413366869156e-06
855	1.0164723168177262e-05
3155	1.9130225068310602e-05
1085	0.0
7	4.705397139879502e-05
2278	3.901160451693819e-05
4580	0.004700196478639271
3246	0.0
2541	1.4617777304691386e-05
1320	0.0
468	0.00014802085157897908
4581	0.002511546468071156
632	0.0
2240	0.0
3374	0.0
4582	0.014012687519237534
4583	0.006539157943350267
862	0.00033608492492062664
2460	0.0
1977	1.6541827768530607e-05
959	0.0
177	0.0
554	0.0
766	3.4745185642954747e-06
1847	7.016992784832243e-06
3040	0.0
373	5.9139913338397294e-05
2296	2.842015022944884e-05
3287	3.4745185642954747e-06
2572	0.0
4584	0.006665367683223462
2966	2.8725538790236127e-06
3348	0.0
1211	0.0
209	0.0
1465	0.0
4585	0.0049828937943802555
4211	0.0
3255	0.0
1151	0.0
1363	8.258920840659097e-05
3799	9.084167443408586e-05
1322	0.0
4586	1.6933341188570942e-05
4	0.0008079296007280315
4587	0.0011177686939269947
4189	4.0207197027567685e-05
4588	0.004267659752299862
2181	0.0
4589	0.011545113869368058
3042	0.00029704827036998736
689	3.5740705181514467e-05
609	0.0
816	2.3253363456317657e-05
651	0.00046177039930428426
3532	8.746020626519742e-05
4590	0.00411938297385136
675	0.0
2626	3.804603257668478e-05
3829	1.5539458335666293e-05
4591	0.000911034286692987
4592	0.0023400674766258984
886	6.771031117162202e-06
4593	0.005077992524539992
4594	0.004856238430766772
1020	1.29235799497723e-05
2333	0.0
2098	0.0
3069	6.763278389253253e-06
1238	0.0005980958374568455
1917	0.0
729	0.0
2550	0.0
3554	7.880081903925874e-06
4120	0.0
2439	1.543940254784725e-05
4595	0.004175719376203868
955	4.591466651071609e-05
1732	0.0
3714	0.0
3240	0.0
2357	0.0
4596	0.0019424870031111952
406	9.089966796659726e-05
532	0.00010721670723783137
4597	0.0017072602933835234
2746	0.0
1550	7.61425240031197e-05
4598	0.006818541657553251
4599	0.0034158987927849
2545	0.0002384566586882986
1431	8.2187899399854e-06
4012	0.0
1360	0.0
1240	0.0
1370	9.099074025437878e-06
2270	0.0
3872	0.0001066193384807307
2489	2.9069712914430414e-05
3455	1.5247079133007782e-05
633	0.0
1358	9.099074025437878e-06
1967	3.552311982365581e-05
660	0.0
4600	3.2396073681606634e-06
1855	9.834597787545726e-06
4601	0.0010549952438808905
1213	6.684367383891467e-06
4602	0.000879440637799088
4603	0.004084165710711752
1833	0.0
1744	0.0002223087281927871
383	8.09498190550327e-06
1928	0.0
2111	0.0
2544	0.0
1051	9.124890743654986e-05
4604	0.00654766928755478
3989	1.4158423981812533e-05
1789	0.0
453	0.0
4605	0.011983995001576432
3184	7.614686685533025e-06
1395	1.4465615490573777e-05
1283	2.6613790754458164e-05
3990	0.0
317	2.158136356143519e-05
1535	0.00019578397162802144
3515	3.700470706590418e-05
1472	5.343845961775076e-05
3378	0.0
515	0.0
998	3.7577690278370183e-06
1473	2.804786074906132e-05
1695	1.7369492578458093e-06
1333	0.002673749401447838
1247	1.1080531281344268e-05
4121	5.052267070033616e-05
286	2.1602653823748117e-05
444	0.00048209942250975515
3661	0.0004775462038465732
606	3.656088798113163e-05
3375	0.0002651744285785031
3499	0.0
4606	0.000123744639966322
879	0.0004939512117993301
4607	0.012821282843790492
4608	0.006621999718935265
1102	0.0
1317	5.393175144559396e-06
389	1.2976958780463742e-05
3742	0.0
3870	1.975728748524408e-06
2316	0.0
3519	7.758819500704743e-06
394	0.00010663628450281383
3520	5.3423671519094345e-06
197	2.520547560696451e-05
3186	9.460903762167487e-06
540	0.0
1164	5.3423671519094345e-06
1576	4.348715633907334e-05
5	0.00016066600504289995
4007	5.3423671519094345e-06
3871	2.848592927556476e-06
44	0.0
3674	6.587889626829617e-05
441	0.0
922	0.0
911	0.0
3503	4.3421724396609066e-05
1834	7.814852052114726e-06
1016	0.00012351085084126353
4134	1.975728748524408e-06
3817	2.848592927556476e-06
229	4.783486124934526e-06
4343	5.3423671519094345e-06
502	7.199075035731176e-05
224	2.9476572802865595e-05
3377	1.975728748524408e-06
2093	1.975728748524408e-06
2474	0.0
393	0.0
4059	0.0
3766	0.0
81	1.3097938883097873e-05
4032	0.0
3808	0.0
3528	1.975728748524408e-06
239	1.975728748524408e-06
182	2.9809277201893528e-05
1200	3.23042876489843e-05
1975	2.848592927556476e-06
181	0.0
4609	0.0007189575593885606
4610	0.0019294646151595083
1450	0.0
2327	3.6281066037821464e-06
946	5.4276826206892717e-05
4611	0.01112756997845747
3910	0.0
3764	0.0
2183	0.0
2076	7.922581948445743e-06
4057	7.922581948445743e-06
1902	6.950618958521386e-05
4612	0.0031953278576257625
4613	0.0172440956657879
190	0.0
4090	0.00018798048504544974
4000	0.0
3239	0.0
1735	0.0
3463	0.0
171	0.0
1972	0.0
550	0.00010884323847290637
677	0.000866185881475842
1915	0.0
824	0.00032717425159780705
92	0.0
722	0.0
65	0.0002643914478645027
3678	7.972391844635778e-05
3998	0.00011479979032716546
3332	0.0012645705743790855
797	0.0
3940	0.0
4313	0.0
628	0.0
1236	0.0
2217	9.408062122854335e-05
1985	0.000442970120201168
3004	0.0
4614	0.013035815391071593
62	0.0
1458	0.0
3743	0.0
1435	0.0
1784	0.0
2052	3.575370335996278e-05
924	0.0
1235	0.0
3422	0.0
1090	0.0
464	0.0
3981	4.232668333046515e-05
1949	0.0
743	0.0
4615	0.0015166536940382945
4616	0.004336184072833232
631	0.0
164	0.0
1212	0.0
3595	0.00014056777311001638
1534	0.0
3026	3.7783621882394756e-05
3446	6.305446544795125e-05
4617	0.0022701778211420246
635	0.0
4079	0.0001370131789646085
3475	0.0
2023	0.0
2701	0.00019045909726633217
4618	0.0015627110646596488
2773	0.0
4619	0.0019010228013410498
4620	0.009655887309755161
3217	0.0
990	0.0
2028	2.3180271962168773e-05
3612	0.0
3133	0.0
2466	0.0
2279	0.0
4141	0.0
511	0.000129265333213931
4293	0.0
3153	1.5635021501340908e-05
1644	0.0
3677	1.7653535714550105e-05
159	0.00020432569944696033
3216	0.0
4621	0.003208380049584732
1101	0.0
4622	0.0026553459215837992
1582	0.00010380423540714348
3845	7.987881947898322e-06
1773	4.6368187806845597e-05
4623	0.002294267239444097
321	2.0168713130278836e-06
2765	0.0
1068	0.0
4624	0.003779609788836576
3781	0.0
1475	0.0
873	0.0
1106	0.0
4625	0.0026266741546546487
4626	0.0033707117717609644
3754	3.5374451057799046e-05
2068	0.0
2329	0.0
837	6.831239019836296e-06
1053	9.86276968410837e-06
4389	0.0
4627	0.0020765821922313146
380	0.0
1120	3.101298071541925e-06
2482	4.5961540565334464e-06
4628	0.0053498292957899676
4629	0.0031382047543566773
1013	0.0
818	5.266196149875308e-06
1694	0.0
817	0.0
941	0.0
1516	0.0
4630	0.005824358450701472
1457	0.0
4631	0.002621948291776876
4632	0.002940806283793202
1291	0.0
654	2.2687260865934165e-05
1175	1.4077513490573584e-05
293	1.4077513490573584e-05
2927	3.459552768194407e-05
1863	0.0
3202	8.669684336444066e-06
3328	0.0
4633	0.0034576529651958367
4634	0.018819702415696134
1062	8.494684025769042e-05
3587	0.00024621290699334305
1615	0.00015708466034884452
266	5.7518578124412926e-05
2127	5.7518578124412926e-05
2015	0.0
1098	5.308396876008214e-05
3243	0.0
3700	0.0
4148	0.0
1707	0.0
2266	0.0
3296	0.0
1590	2.9406281984909526e-05
2061	0.0
2402	0.0
2912	4.635924518440029e-05
1189	4.587130410885115e-05
1753	0.0
4391	0.0
3094	2.9406281984909526e-05
270	0.0
503	0.0
4147	3.22467550999117e-05
4635	0.004572026829828806
56	0.00041262227655371165
988	0.00011712481520109163
1121	4.475234949131831e-05
1018	0.0
3900	2.077561397924625e-05
1959	0.0
203	0.0014015100812548647
4636	0.015743941968145884
2427	0.0014015100812548647
1558	0.0
4275	0.0
1617	0.0
568	1.28551437218665e-05
1111	0.0
2627	0.0
1039	2.712977290168644e-05
4152	0.0
4637	0.001148181861978656
167	0.0002259531165326393
1780	2.539041293047877e-05
4270	2.539041293047877e-05
1002	0.0
4638	0.0005317972388851126
1119	3.8868237959165916e-05
4639	0.004216476479311674
4640	0.025768387554362178
516	0.0
2904	0.0
3961	0.0
1768	0.0
1580	0.0
3145	0.0
4247	0.0
3234	0.0
1000	0.0
2834	0.0
3400	0.0
3617	0.0
3640	0.0
3144	0.0
3797	0.0
522	0.0003105224713977222
3283	0.0
916	0.0
3559	0.0
3811	0.0
4184	0.0
1035	0.0
212	0.0
4274	0.0
2610	0.0
3930	0.0
2449	0.0
3602	0.0
4215	0.0
563	0.0015823761793283813
2283	0.0
4641	0.001951758010473839
929	1.6163634525306068e-05
947	5.668234280990881e-06
1446	0.0
4642	0.0004654446084689485
4643	0.006145041719851099
3437	0.0
3526	0.0
3705	0.0
3032	0.0
2412	0.0
3106	0.0
3527	0.0
3031	0.00012681783811485897
3706	0.0
2378	0.0
2138	0.00014920808941192932
4644	0.00641533046395069
1089	0.0
787	0.0004421021223104913
3022	0.0
2169	0.00018618556128631585
4645	0.00957134811406363
602	0.0
379	7.924110859936771e-05
1162	0.0
950	0.00024393609519040278
2336	0.0
284	0.000474908010145943
2952	0.0
525	0.0
4350	0.00032006294857478944
538	0.0
2200	0.0
3080	0.0
3067	0.00011616125477573377
3295	0.0
1345	0.0
1636	7.944246862672884e-05
3485	0.0
4646	0.005693525518928853
996	0.0
2500	0.0
1774	0.0
969	0.0
474	4.471466354953245e-05
1775	0.0
3420	0.0
3281	0.0
4647	0.00275829262970695
2048	0.0
4648	0.026167936938746257
118	0.0
1113	1.7329710658482548e-05
1804	9.926946960407896e-06
3314	3.7971371142480614e-06
4649	0.0016519687396652878
2090	0.0
83	0.0
3473	0.0
4650	0.0030562707399810394
3472	0.0
3222	0.0
3881	2.2970713902737116e-05
2258	0.0
4651	0.007423811682318907
4652	0.005091437838556157
2105	0.0
1467	0.0
2230	0.0
2697	0.0
4653	0.0026088002593135217
4171	0.0
637	1.3968899442082636e-05
2640	0.0
4654	0.0023868663661555296
2315	0.0
3251	0.0
4655	0.007633499244627368
57	0.0
696	0.0
4336	7.675855483574168e-05
1352	0.0
1487	2.2532149794208007e-05
4656	0.004639872275318499
2099	2.33421424922936e-06
2185	0.0
3585	0.0
3029	6.642294949125383e-05
1879	2.507542815287938e-06
4657	0.0005159904227997567
4658	0.005284169696836975
2691	0.0
721	6.864176704121291e-06
4407	0.0
4659	0.0007038090931556852
1671	0.0
4660	0.0021046199761044267
3897	0.0
202	0.0
527	0.0
4661	0.0018881205778482173
2189	0.0
1440	0.0
2154	4.521706546356065e-05
4662	0.0038723076941316694
4256	0.00015177230515647628
3770	0.0
2158	6.72874530515954e-06
2478	0.0
2477	0.0
4663	0.003839139437296426
4664	0.0036676391778440553
1442	0.0
1957	0.0
47	0.0
1190	0.0
370	0.0
161	8.753113987529404e-06
619	0.0
2518	0.0
4665	0.0033655835442988943
1367	3.0286256320575173e-06
805	1.7536616776751948e-05
1386	1.1024023369005761e-05
4666	0.0012849715182588254
2562	0.0
4667	0.006744948483579342
4025	0.0
2202	0.0
3407	0.0
611	0.0
658	9.604957851065866e-05
2376	0.0
3502	0.0
961	7.146489983057223e-05
4668	0.0019600357933185165
4669	0.003968211629716467
3355	1.0721929305761065e-05
93	0.0
2419	2.0381924969126595e-06
4670	0.008874960863421415
3721	0.0
1127	0.0
3258	3.819177089760104e-05
1699	1.06409295161735e-05
1105	1.0036494794474078e-05
4671	0.0005980424605165193
4672	0.006627961328597617
196	5.81901050443214e-05
3786	0.0
4673	0.0007049861655628088
3582	0.0
4674	0.003478224647012145
2885	0.0
4675	0.007128247317955101
217	0.00014497048651282928
349	0.0
1533	0.0
2305	0.0
4676	0.021121616167325098
4677	0.008710118058862144
2788	0.0
2401	0.0
96	0.0
3915	0.0
4185	0.0
1496	0.0
4115	0.00022170873373474653
4175	0.00031978768038999384
536	4.6199748337659136e-05
3875	0.0
1509	6.603535690662361e-05
3081	0.0
221	0.0
120	0.0
1508	0.00045667405088251675
4678	6.637347946955379e-05
4679	0.001262706461961073
952	9.80477504307101e-07
4680	0.0003686045605228488
4681	0.0051175677277803516
319	0.0
3260	0.0
4682	0.002852806167428498
168	0.0
2186	0.0
3885	0.00038121416679518574
1639	0.0
799	0.0
4683	0.003966203741511303
1199	0.0
827	0.0
670	0.0002619521017619035
1679	0.0
4684	0.005296164293258708
175	5.094610954467674e-05
3690	0.0
2237	1.3737398446967515e-05
3545	1.01217782978109e-05
4685	0.0015699049699010315
4686	0.0
4377	0.0
4687	0.0027249409066473795
2113	0.0
1759	5.210636126559849e-05
2349	7.1964761166771755e-06
4688	0.0024650613966403596
4689	0.001024205377855841
4690	0.018771242760213754
4282	0.0
4691	0.005016242711347336
213	0.0008601047751328415
4692	0.0064414225645779985
1610	0.0
3869	1.9807347914774784e-06
4693	5.7630695050728835e-06
4694	0.023627871942731846
1292	0.0001638108662064539
1755	0.0
1924	0.00035483423113596605
1229	0.0
2653	0.0
1477	0.0
2703	0.0
3097	0.0
3129	7.705156598986937e-05
3692	0.0
3975	5.67598114988272e-05
3264	0.0
4008	0.0
2913	0.0
2628	0.0
298	0.0
431	0.0
1738	0.0
3859	0.0
3414	0.0
1896	5.066188101646468e-05
4695	0.009966770076065565
2632	0.0
556	0.0
806	0.0
1536	1.729204531618506e-05
4696	0.009097743233728086
672	0.0
4160	1.2168117928681205e-05
2903	0.0
811	0.0
4697	0.0007049861655628088
3494	0.0
4698	0.006479108518542602
3664	0.00015948412188264554
3363	0.00014993726978838068
4177	0.0
3757	0.0
4099	0.0
3051	5.264768244690496e-05
3758	0.0
4699	0.01680270049326716
1220	0.0
3581	0.0
3703	8.444433242547973e-05
1524	0.00010737893080936748
2777	0.0
4700	0.00880347715813801
4701	0.009433166276846554
82	2.411208690527009e-05
4325	2.5541473749618438e-05
111	4.692361298279933e-05
4361	0.0
2841	0.0
1103	1.3521795321049912e-05
4212	4.443668939711672e-06
953	0.0
3072	0.0
4341	9.138163628529906e-06
450	0.0
810	6.781547797643168e-06
402	9.138163628529906e-06
2161	4.47283616787465e-06
1420	0.0
2153	6.781547797643168e-06
1798	0.0
1024	0.0
226	0.0
3542	9.138163628529906e-06
1803	0.00016780545908593822
735	0.0
4702	0.00043495525239189764
4703	0.0012006012373060547
1623	0.0
4704	0.002062660563842294
1481	0.0
2040	2.199137842517403e-06
907	2.788102229059823e-06
4705	0.0008913395693113534
3341	0.0
4706	0.005171035057555254
1736	1.1624643893227847e-05
4026	2.548222177063783e-06
4707	0.0048816678933474595
3693	0.0
1494	0.0
3498	0.0
223	0.0004428374130355127
4708	0.004212114927410421
1714	0.0
1713	0.0
3698	0.0
4233	0.0
4709	0.0016152272723722505
2031	2.488469884584203e-05
901	2.1558126694682723e-06
2374	3.131143201422887e-06
4710	0.006358700334818928
4711	0.004097666252135785
1657	7.28257194775459e-05
604	5.4513625730994405e-06
4241	0.00018142197562686906
2590	1.6127808677339396e-06
4240	0.0
3248	0.0
4712	0.00540871695575058
4713	0.006241364202127337
3147	0.0
1499	0.00010630462132006708
3210	0.0
2078	0.0
3066	0.0
2403	0.0
257	2.9347588794395087e-06
4714	0.004796404513126915
1531	0.0
3999	0.0
4715	0.00728670264646256
2298	0.0
2079	0.0
4716	0.0023281050528000573
3828	0.0
4717	0.002233582285071589
4718	0.012656911885066704
682	0.0
4308	0.0
456	0.0
4053	0.0
1466	0.0
770	0.0
1047	0.0
3536	0.0
2386	0.0
84	0.0
3282	0.0
1974	0.0
1894	0.0
3024	0.0
3126	0.0
4078	0.0
3890	0.00030628568031981264
3939	0.0
4719	0.00368169543634651
671	2.3919207173768954e-06
1741	0.0
3967	0.0
1438	6.061361210228351e-06
4720	0.001784894618963441
3130	0.0
4721	0.0
4722	0.007295341226514414
3719	0.0
4723	0.0014614984668491504
11	0.0003824147019458234
978	0.0
4328	0.0
1899	0.0
4724	0.0009537379282777794
4725	0.001800514961477773
4209	0.0
208	0.0
3325	0.0
4726	0.004417397178124796
1157	0.0
4109	0.0
4727	0.005385928126122264
3173	0.0
1040	0.0
254	0.0
1439	4.396113752319275e-06
1260	0.0
3886	0.0
1347	8.587092356514083e-06
4728	0.0017633512969082155
2891	0.0
4729	0.0010010593903899347
3672	0.0
4126	6.085460441128845e-05
4730	0.0030230735459215534
4731	0.003924719066022734
790	0.0
549	0.0
1198	8.462748604889028e-05
1903	0.0
4732	0.0012177828124835825
4733	0.0023864685863877124
1792	0.0
645	0.0
1646	0.0
785	0.0
4734	0.007696367022803451
1419	0.0
1944	0.0
1208	0.0
3382	1.405141638067718e-05
1405	0.0
893	0.0004732263485814336
3556	0.0
3245	0.0
4735	0.009453320695429219
1620	3.738781149917602e-05
3193	0.0
3639	0.00014781483223724753
1635	0.0
1912	0.0005159654798125061
149	0.0
1406	0.0
4736	0.0018785185798596868
4195	3.0414485976191487e-06
3268	0.0
4737	0.0
4738	0.008520467179248493
4739	0.0015873532019557695
621	0.0
4036	0.0
3722	0.0
600	0.0
1525	0.0
1680	1.3818613152046497e-05
2759	0.0
2375	0.0
815	1.0780898924018593e-05
4740	0.012691792372714034
2875	0.0
4174	0.0
136	1.0530254337028522e-05
1377	1.0297691080089296e-05
3395	0.0
1606	3.0449707740563193e-05
4321	0.0
1802	1.0530254337028522e-05
1114	0.0
1548	1.0530254337028522e-05
3043	1.0530254337028522e-05
3175	1.0530254337028522e-05
3165	1.0530254337028522e-05
1319	0.0001892208565915344
2689	0.0
4741	0.005763820980113944
4742	0.008174995506034021
4743	0.009518763258078168
717	4.895273543161183e-06
2388	0.0
4744	0.00033571393005234267
4745	0.0033326762526290506
1398	0.0
442	0.0
4746	0.006355813051523943
903	1.7304518571654218e-05
4342	0.0
1019	0.0
4747	0.008387932960854919
1904	0.0
4748	0.0007661688888934289
3119	0.0
4749	0.022341361614273185
3098	0.0
1357	0.0
4281	0.0
2042	0.0
162	0.0
1701	0.0
891	0.0
2284	0.0
2038	0.0
3453	0.0
1871	0.0
4750	0.002472281659150263
4259	0.0
4751	0.012142039993343214
1611	3.321806027921789e-07
1539	0.0
3960	0.0
180	0.0
3445	3.321806027921789e-07
1839	0.0
4752	0.00804787947376573
2432	0.0
2807	0.0
2768	0.0
2190	0.0
4753	0.008439165605290873
4754	0.005477712746320922
3953	0.0
642	0.0
482	0.0
517	0.0
2937	0.0
2495	0.0
3952	0.0
4755	0.0016062039660089751
557	0.0
789	0.0
4756	0.0021547706727003883
368	0.0
4082	0.0
3860	0.0
4757	0.0051098030152848225
2431	0.0
524	0.0
1825	0.0
2363	0.0
898	0.0
4758	2.2309145262281183e-06
4759	0.0
4760	0.002813220620026541
3213	0.0
1795	0.0
3768	0.0
551	0.0
4761	0.003577867226781762
2122	0.0
3943	0.0
4351	0.0
2360	0.0
4762	0.0036923944190486307
4763	0.0018258023900661236
2426	0.0
3044	0.0
421	0.0
1861	0.0
1747	5.8263126293107145e-05
2647	0.0
4764	0.00046099572440831606
4765	0.0029326977031352616
4766	0.003416458490283518
2330	0.0
4030	0.0
4180	0.0
4111	0.0
2070	0.0
1776	3.388741299509095e-05
4767	0.0055696125377131195
4768	0.00448777891056584
1506	0.0
3389	0.0
2928	0.0
3379	0.0
3641	0.0
2929	0.0
3656	0.0
2995	0.0
4769	1.0024171636679378e-06
4770	0.0026225475821675098
2606	0.0
1594	0.0
4771	0.006486039412206994
1064	0.0
807	0.0
1387	0.0
4772	0.007971071673245395
765	0.0
1195	0.0
1664	0.0
302	0.0
4163	0.0
4231	0.0
4773	3.2396073681606634e-06
4774	0.003269921594756613
1947	0.0
458	0.0
4775	3.2396073681606634e-06
4776	0.0017467122172000096
2497	0.0
1129	0.0
4777	0.0019210187615437476
4027	0.0
2353	0.0
4778	0.0030985489665852684
3821	0.0
139	0.0
4779	0.0006240182601992281
4780	0.00015616204963907695
4781	0.003018939439691972
4782	0.0038718148167982813
4783	0.011138925468657399
4199	0.0
2361	8.152177382050556e-05
3992	0.0
3478	0.0
1622	0.0
3134	0.00024477350497901503
544	0.0
253	0.0
808	0.0
4261	0.0
3589	0.0
2170	0.0
3971	0.0
3383	0.0
2959	0.0
4784	0.01505148990272024
4037	0.0
3913	0.0
1159	0.0007080482483048415
4280	0.00013571910129581732
3853	9.621762323445392e-06
1426	0.0
4001	9.621762323445392e-06
1507	0.0
473	0.0
2983	0.0
1328	0.0
585	2.9713276761108685e-05
3053	0.0
3207	9.621762323445392e-06
4785	0.013712389856430373
4786	2.0264616474673304e-06
4787	2.478793918031243e-06
3138	0.0
4788	0.0029445863959224904
1907	0.0
1479	0.0
323	0.0
74	0.0
4789	0.003728716811139178
2816	0.0
4200	0.0
3347	0.0
4790	0.005504455622074899
4221	0.0
3305	0.0
4083	0.0
4791	0.003661461124337477
2243	3.8915887266364e-06
3938	0.0
236	0.0
4792	0.0012893889259115341
3492	0.0
4182	1.3094518228938952e-05
4793	0.006513529202522664
4251	0.0
1294	0.0
4794	0.0016019637890127966
2893	0.0
4795	0.00905490801060928
4173	0.0
4796	0.0029557502156895617
4347	1.1457051900403985e-05
4797	0.004008799863160783
3908	0.0
4798	0.0005738988384776347
4799	0.0017465116045439469
4800	0.004555405298640613
4801	0.002896064195408164
965	0.0
3111	0.0
4802	3.7181908770468643e-06
4803	2.478793918031243e-06
4327	0.0
4004	0.0
4003	0.0
4804	0.0025104069751381007
2166	0.0
2203	0.0
2088	0.0
4805	0.0017448911633965024
4021	0.0
4806	0.007217463351914735
1877	0.0
1197	0.0
3643	0.0
2945	0.0
2012	0.0
4048	0.0
514	0.0
3456	0.0
4807	0.0007017465581946449
4808	0.005912179278078206
1758	0.0
4809	0.005085229396291523
1626	0.0
3433	6.313136673703594e-06
1010	0.0
2059	0.0
73	0.0
4810	0.0019563396821105153
4811	0.00880785762974871
4033	0.0
1337	0.0
3688	0.0
2343	0.0
4812	0.001800818147009586
2908	0.0
4813	0.00021389698673327962
4814	0.009488861058532022
4815	0.002964592036840497
1373	0.0
3481	0.0
1432	0.0
1581	0.0
2272	0.0
4248	3.245346733973181e-05
4816	0.0042357654413121785
4817	0.0021608005157012196
1670	0.0
4372	0.0
3279	0.0
1001	0.0
2997	0.0
1542	0.0
4818	0.0029403603946960245
4819	0.007993309578624049
3896	0.0
4124	0.0
3916	0.0
219	0.0
4192	0.0
1703	0.0
630	0.0
2207	0.0
2312	0.0
328	0.00024718914664805354
4193	0.0
4820	0.0032664369456277885
3105	0.0
2228	0.0
4821	0.0011975752044958011
4822	0.0015516537968680048
680	0.0
697	0.0
4823	0.0005386977083961604
4824	0.0022683879860954576
4400	0.0
4825	0.0026339469562885803
4826	0.00028865229397140454
4827	0.007569716968863444
1202	0.0
246	0.0
2277	0.0
1201	0.0
773	0.0
2000	0.0
3112	0.0
1518	0.0
1869	0.0
4828	0.00247674403359469
307	0.0
2614	0.0
4829	0.0013191933811479597
4830	0.03322800070224936
3421	0.0
1400	0.0
3011	0.0
700	0.0
4226	0.0
1830	0.0
3087	0.0
715	0.0
3313	0.0
3662	0.0
4190	0.0
2729	0.0
355	0.0
3259	0.0
3801	0.0
2421	0.00018772412163432268
2971	0.00032705456470080306
1785	0.0
3396	0.0
1884	0.0
1428	0.0
1070	0.0
4831	0.0028666791921571596
4112	0.0
3163	0.0
4832	0.004379866436943023
1132	0.0
4833	0.004656032981396533
4834	0.0028054989564277604
1717	0.0
2577	0.0
3500	0.0
1848	0.0
4835	0.0007165397581173344
1601	0.0
4836	0.0026856010892845573
1344	0.0
4837	0.0067650851575482875
809	0.0
4302	0.0
3188	0.0
4838	0.0017353738194830783
4839	0.0
4840	2.0625349610429846e-06
4841	0.003910564831002187
772	0.0
2909	0.0
1491	0.0
3687	0.0
4842	0.0009234488303608263
4843	0.00212889964758658
4844	0.020489563223262945
3965	0.0
3288	0.0
2026	0.0
834	0.0
4364	0.0
3681	0.0
2238	0.0
1609	4.0341318173591165e-05
2920	0.0
2502	0.0
3327	0.0
4068	0.0
793	0.0
653	0.0
3909	0.0
192	5.0590741495211276e-05
227	0.0
1712	0.0
2710	0.0
3644	0.0
4845	0.0010382082575124644
4846	0.0035821371353192788
4847	0.003386552537592626
4848	0.010578184041172447
2119	0.0
2510	0.0
3431	0.0
3221	0.0
1850	0.0
984	0.0
2411	0.0
779	0.0
3544	0.0
483	0.0
3256	0.0
4849	0.0031875812876930175
4850	0.003720470733807797
2503	0.0
1878	0.0
2991	0.0
2792	0.0
4851	0.0060849999682626825
2261	0.0
3027	0.0
4852	0.013819305118610794
64	0.0
1621	0.0
854	0.0
4107	0.0
3161	0.0
1413	0.0
3857	0.0
4853	0.0038153026749003427
1459	0.0
4058	0.0
4854	0.005241765849904584
4855	0.01808299424736748
3866	0.0
3368	0.0
1180	0.0
97	3.946546403447591e-05
4856	0.001989424403729339
4857	0.0015966082604024268
4035	0.0
3269	0.0
4013	0.0
4858	0.006947615148610426
3774	0.0
1436	0.0
4161	0.0
4859	0.005787279539741729
1881	0.0
1729	0.0
1425	0.0
4860	0.0021148977947701942
4861	0.003043843524322336
2163	0.0
4303	0.0
2821	0.0
2147	0.0
4862	0.00621605962195001
1249	0.0
486	0.0
1597	0.0
4863	0.0009457550978956122
397	0.0
4864	0.0017548719472819008
2702	0.0
4072	0.0
4865	0.00560439847939924
1599	0.0
995	0.0
4866	0.003805528876469029
4867	0.0011156042456166753
3583	3.762313966884606e-05
3443	0.0
4868	0.006063941438112189
3972	0.0
1329	0.0
1261	0.0
256	0.0
4869	0.011680267427879235
2947	0.0
1552	0.0
3068	0.0
1743	0.0
4870	0.001954419849665127
4409	0.0
2977	0.0
4871	0.004452816582551661
1634	0.0
4872	0.0017561294801568795
3307	0.0
4873	0.0012140908315376074
3142	0.0
4874	0.01289074485537265
463	0.0
1112	0.0
3550	0.0
3293	0.0
3286	0.0
667	0.0
1079	0.0
1136	0.0
2537	0.0
3292	0.0
4875	0.0067914548964029325
4876	0.005326534009804814
340	0.0
723	0.0
86	0.0
1315	0.0
1797	0.0
4877	0.0004669015206196699
4878	0.0038766475691549072
2016	0.0
447	0.0
4879	0.0002835092016871875
4880	0.0016975368992418727
3320	0.0
4881	0.0007165233872205936
2007	0.0
4882	0.0017514705924345582
3403	0.0
4883	0.0016608702878235522
4884	0.0050605187863364655
2602	0.0
2695	0.0
868	0.0
2643	0.0
3551	0.0
3991	0.0
141	0.0
4885	0.0014236835068232234
3267	0.0
2103	0.0
4886	0.009099537915035785
1429	0.0
4887	0.0050115425959902865
4106	0.0
1842	0.0
2470	0.0
4888	0.004130641057777444
4889	0.0022694956580229138
2696	0.0
4074	0.0
1134	0.0
3095	0.0
3315	0.0
4890	0.0019158481245226749
1980	0.0
4891	0.000701746558194645
4892	0.002674098668075806
4893	0.0009185829619875705
2025	0.0
4894	0.008509562591334724
2101	0.0
1461	0.0
4895	0.004281772374781832
339	0.0
396	0.0
3832	0.0
1122	0.0
4334	0.0
802	0.0
4896	0.0012095513705949132
4897	0.0010972167910244322
4244	0.0
4898	0.0024066853014303486
4245	0.0
4899	0.0022913087032963935
4900	0.0023304014233986488
760	0.0
4901	3.2396073681606634e-06
4902	0.0010103048116400963
1052	0.0
4903	0.0036867748389660306
4904	0.0014732929459865302
1608	0.0
4905	0.009734609067171416
4906	0.0007190107451801887
4046	0.0
4907	0.004551314334588315
4908	0.0029900969247325724
3369	0.0
4114	0.0
3725	0.0
2642	0.0
3726	0.0
3442	0.0
3584	0.0
2513	0.0
1816	0.0
2221	0.0
4909	0.003049097707337379
