1259	0.003871876099964801
4410	0.005631819781766983
509	0.006687785990848293
400	0.010207673354452657
3835	0.0007039774727208729
588	0.0010559662090813093
335	0.003167898627243928
1997	0.00035198873636043646
1702	0.0007039774727208729
409	0.0035198873636043647
94	0.030975008799718408
252	0.010559662090813094
292	0.004223864836325237
278	0.006335797254487856
2526	0.00035198873636043646
1123	0.0021119324181626186
661	0.0024639211545230554
1943	0.0007039774727208729
4411	0.0014079549454417458
281	0.00035198873636043646
248	0.00035198873636043646
4412	0.0010559662090813093
1045	0.004223864836325237
63	0.02886307638155579
1887	0.0007039774727208729
4413	0.005279831045406547
475	0.0007039774727208729
1624	0.00035198873636043646
1932	0.00035198873636043646
1719	0.0007039774727208729
746	0.0010559662090813093
4028	0.0007039774727208729
21	0.07638155579021472
3290	0.0014079549454417458
2660	0.00035198873636043646
3412	0.005631819781766983
1625	0.0010559662090813093
3128	0.00035198873636043646
101	0.009855684618092221
4335	0.0010559662090813093
154	0.0007039774727208729
4414	0.004223864836325237
4039	0.0024639211545230554
601	0.006687785990848293
220	0.00035198873636043646
1359	0.005279831045406547
282	0.008447729672650475
2	0.004927842309046111
889	0.005279831045406547
1538	0.00035198873636043646
876	0.00598380851812742
392	0.005631819781766983
79	0.0017599436818021823
2750	0.00035198873636043646
4415	0.0024639211545230554
1330	0.0010559662090813093
386	0.004927842309046111
4416	0.006687785990848293
2307	0.0007039774727208729
1084	0.00035198873636043646
434	0.003167898627243928
569	0.005631819781766983
3497	0.0007039774727208729
1399	0.0024639211545230554
1237	0.006335797254487856
87	0.0017599436818021823
3807	0.0014079549454417458
123	0.003871876099964801
34	0.02006335797254488
3023	0.0017599436818021823
708	0.003871876099964801
14	0.0007039774727208729
3642	0.00035198873636043646
4417	0.005279831045406547
40	0.03273495248152059
285	0.0035198873636043647
1584	0.0010559662090813093
269	0.003871876099964801
2712	0.00035198873636043646
1692	0.0010559662090813093
4253	0.0035198873636043647
112	0.019711369236184443
904	0.0021119324181626186
3699	0.0024639211545230554
3317	0.0014079549454417458
582	0.0014079549454417458
3570	0.0007039774727208729
1422	0.00035198873636043646
3156	0.0010559662090813093
4418	0.010559662090813094
3648	0.0014079549454417458
3045	0.0010559662090813093
3922	0.0017599436818021823
3361	0.0014079549454417458
2182	0.0017599436818021823
2455	0.0010559662090813093
183	0.0007039774727208729
184	0.0017599436818021823
4158	0.0014079549454417458
4234	0.0010559662090813093
3837	0.0014079549454417458
3350	0.0010559662090813093
2941	0.0014079549454417458
4235	0.0021119324181626186
4157	0.0014079549454417458
3089	0.0014079549454417458
3923	0.0010559662090813093
4139	0.0010559662090813093
3734	0.0010559662090813093
3572	0.0010559662090813093
1385	0.0010559662090813093
3625	0.0010559662090813093
2936	0.0007039774727208729
2940	0.0010559662090813093
2925	0.0010559662090813093
4419	0.011263639563533967
264	0.0007039774727208729
490	0.0035198873636043647
24	0.0021119324181626186
88	0.01091165082717353
688	0.00035198873636043646
255	0.0028159098908834917
1407	0.00035198873636043646
69	0.03343892995424146
3323	0.0007039774727208729
353	0.00035198873636043646
763	0.00035198873636043646
3605	0.0010559662090813093
3402	0.0017599436818021823
322	0.007039774727208729
3125	0.0007039774727208729
1498	0.0014079549454417458
127	0.0014079549454417458
308	0.00035198873636043646
1578	0.0017599436818021823
3340	0.0007039774727208729
351	0.0010559662090813093
334	0.00035198873636043646
1364	0.0010559662090813093
318	0.00035198873636043646
4388	0.0017599436818021823
4203	0.0007039774727208729
4420	0.0035198873636043647
67	0.0035198873636043647
3538	0.007743752199929602
4374	0.0017599436818021823
261	0.0007039774727208729
4118	0.0007039774727208729
1586	0.0017599436818021823
189	0.03590285110876452
1978	0.0014079549454417458
4421	0.009855684618092221
3154	0.0017599436818021823
4038	0.0007039774727208729
3039	0.0007039774727208729
1125	0.0007039774727208729
2935	0.0021119324181626186
1854	0.0007039774727208729
592	0.006335797254487856
3271	0.003167898627243928
2404	0.00035198873636043646
968	0.0021119324181626186
3666	0.0007039774727208729
948	0.0007039774727208729
3838	0.0010559662090813093
106	0.026047166490672298
1940	0.00035198873636043646
565	0.0010559662090813093
1314	0.0007039774727208729
55	0.0010559662090813093
561	0.0007039774727208729
326	0.0010559662090813093
294	0.004223864836325237
3194	0.00035198873636043646
4392	0.004927842309046111
895	0.003871876099964801
25	0.0021119324181626186
3841	0.0014079549454417458
4422	0.00598380851812742
1302	0.0010559662090813093
3840	0.0014079549454417458
2561	0.0017599436818021823
826	0.0017599436818021823
761	0.0028159098908834917
4349	0.0014079549454417458
762	0.0021119324181626186
3339	0.00035198873636043646
138	0.00598380851812742
1204	0.0014079549454417458
1374	0.0007039774727208729
825	0.0010559662090813093
4423	0.005631819781766983
3091	0.00035198873636043646
4145	0.0007039774727208729
3102	0.00035198873636043646
572	0.0007039774727208729
2547	0.00035198873636043646
4242	0.0007039774727208729
4381	0.0010559662090813093
3057	0.00035198873636043646
1005	0.0017599436818021823
4424	0.0028159098908834917
3708	0.0010559662090813093
3448	0.0010559662090813093
4367	0.0010559662090813093
3756	0.0014079549454417458
2982	0.00035198873636043646
4425	0.01196761703625484
4426	0.012319605772615276
100	0.00035198873636043646
1969	0.00035198873636043646
53	0.0017599436818021823
249	0.0017599436818021823
764	0.0010559662090813093
2979	0.0024639211545230554
1640	0.0014079549454417458
3454	0.00035198873636043646
3902	0.0007039774727208729
1100	0.0021119324181626186
3791	0.0007039774727208729
3398	0.0007039774727208729
980	0.005279831045406547
695	0.0014079549454417458
3301	0.00035198873636043646
436	0.0014079549454417458
70	0.0021119324181626186
1310	0.0007039774727208729
553	0.0017599436818021823
713	0.004223864836325237
1633	0.0007039774727208729
1327	0.0014079549454417458
3529	0.0010559662090813093
801	0.0017599436818021823
678	0.0010559662090813093
884	0.00035198873636043646
268	0.005279831045406547
883	0.0017599436818021823
4183	0.0010559662090813093
2214	0.0017599436818021823
1697	0.0014079549454417458
2989	0.0007039774727208729
4154	0.0021119324181626186
297	0.0007039774727208729
495	0.0014079549454417458
1468	0.0007039774727208729
1043	0.0024639211545230554
2095	0.0007039774727208729
3926	0.00035198873636043646
4346	0.0007039774727208729
1115	0.0028159098908834917
3798	0.0010559662090813093
1033	0.0024639211545230554
1676	0.0007039774727208729
2110	0.00035198873636043646
3918	0.0010559662090813093
1840	0.0010559662090813093
595	0.0010559662090813093
462	0.0014079549454417458
3174	0.0010559662090813093
784	0.0010559662090813093
1651	0.00035198873636043646
188	0.0010559662090813093
794	0.0007039774727208729
4427	0.0021119324181626186
4428	0.007039774727208729
1923	0.0007039774727208729
1153	0.0028159098908834917
314	0.004575853572685674
299	0.009151707145371347
3084	0.0024639211545230554
623	0.00035198873636043646
3380	0.00035198873636043646
1290	0.00035198873636043646
983	0.0028159098908834917
75	0.010559662090813094
357	0.014079549454417459
9	0.021119324181626188
4429	0.003871876099964801
3440	0.0007039774727208729
3884	0.0010559662090813093
1023	0.005279831045406547
1179	0.0014079549454417458
2256	0.0007039774727208729
814	0.003167898627243928
418	0.0017599436818021823
225	0.0007039774727208729
4430	0.007391763463569166
3428	0.0021119324181626186
128	0.005279831045406547
366	0.014431538190777894
4387	0.0007039774727208729
1424	0.003871876099964801
1222	0.009151707145371347
232	0.006687785990848293
2736	0.0007039774727208729
1163	0.00035198873636043646
3852	0.009151707145371347
1296	0.00035198873636043646
4431	0.005631819781766983
4432	0.006335797254487856
842	0.00035198873636043646
687	0.0014079549454417458
1674	0.0007039774727208729
4179	0.00035198873636043646
272	0.006335797254487856
727	0.0014079549454417458
1256	0.0014079549454417458
4380	0.0010559662090813093
894	0.0010559662090813093
3792	0.0007039774727208729
1027	0.0010559662090813093
2244	0.00035198873636043646
4056	0.00035198873636043646
3394	0.00035198873636043646
151	0.0035198873636043647
1566	0.00035198873636043646
2055	0.00035198873636043646
714	0.00035198873636043646
2339	0.0007039774727208729
4092	0.00035198873636043646
928	0.004223864836325237
4433	0.003167898627243928
4434	0.0010559662090813093
258	0.0010559662090813093
384	0.008095740936290039
3185	0.0017599436818021823
2024	0.0014079549454417458
4435	0.006687785990848293
4041	0.0007039774727208729
3626	0.0010559662090813093
1030	0.0007039774727208729
3090	0.0017599436818021823
1522	0.0021119324181626186
3046	0.0010559662090813093
3468	0.0010559662090813093
610	0.0017599436818021823
4204	0.0007039774727208729
4436	0.015487504399859204
4437	0.012319605772615276
76	0.0010559662090813093
775	0.0014079549454417458
3014	0.0007039774727208729
1050	0.0007039774727208729
1273	0.0014079549454417458
625	0.0028159098908834917
2969	0.0010559662090813093
3114	0.0010559662090813093
4382	0.0017599436818021823
1143	0.00035198873636043646
2916	0.0007039774727208729
1602	0.0010559662090813093
3015	0.00035198873636043646
497	0.0017599436818021823
3511	0.0007039774727208729
4385	0.0007039774727208729
4128	0.0010559662090813093
126	0.0017599436818021823
263	0.0010559662090813093
734	0.0021119324181626186
1934	0.0017599436818021823
3458	0.0010559662090813093
3008	0.0010559662090813093
90	0.0010559662090813093
975	0.0007039774727208729
459	0.00035198873636043646
3385	0.0010559662090813093
2145	0.0010559662090813093
505	0.0007039774727208729
1107	0.0014079549454417458
2662	0.0007039774727208729
3573	0.0007039774727208729
4236	0.0007039774727208729
454	0.0010559662090813093
153	0.00035198873636043646
222	0.0007039774727208729
424	0.0010559662090813093
3007	0.00035198873636043646
3894	0.00035198873636043646
477	0.0007039774727208729
851	0.0007039774727208729
504	0.0014079549454417458
976	0.0028159098908834917
2144	0.0007039774727208729
3962	0.0007039774727208729
1021	0.0017599436818021823
2441	0.00035198873636043646
2367	0.0010559662090813093
2970	0.0010559662090813093
3261	0.0007039774727208729
1449	0.0007039774727208729
4438	0.0014079549454417458
4439	0.004223864836325237
1171	0.0017599436818021823
1478	0.0010559662090813093
506	0.00035198873636043646
1528	0.00035198873636043646
704	0.0010559662090813093
2898	0.0007039774727208729
2654	0.0007039774727208729
1339	0.0014079549454417458
4440	0.007391763463569166
179	0.009503695881731784
3425	0.0017599436818021823
520	0.0017599436818021823
1547	0.00035198873636043646
3680	0.0014079549454417458
3480	0.0014079549454417458
350	0.0014079549454417458
3586	0.0014079549454417458
1092	0.00035198873636043646
1148	0.006335797254487856
2657	0.0010559662090813093
19	0.0028159098908834917
1233	0.00035198873636043646
4441	0.0024639211545230554
4442	0.004223864836325237
48	0.012671594508975712
1503	0.0010559662090813093
2799	0.00035198873636043646
1390	0.0007039774727208729
3905	0.0010559662090813093
3038	0.0007039774727208729
2601	0.00035198873636043646
791	0.0024639211545230554
3413	0.0007039774727208729
4443	0.0017599436818021823
125	0.00035198873636043646
2860	0.00035198873636043646
117	0.0035198873636043647
2700	0.00035198873636043646
4444	0.003167898627243928
72	0.00035198873636043646
1526	0.0010559662090813093
1663	0.00035198873636043646
2467	0.00035198873636043646
3682	0.00035198873636043646
4445	0.0028159098908834917
4446	0.0035198873636043647
115	0.00035198873636043646
4084	0.00035198873636043646
428	0.0014079549454417458
1828	0.0010559662090813093
1160	0.00035198873636043646
1014	0.0014079549454417458
1065	0.00035198873636043646
1055	0.0007039774727208729
277	0.0007039774727208729
4447	0.021471312917986624
4191	0.0007039774727208729
38	0.003871876099964801
1964	0.00035198873636043646
706	0.0024639211545230554
909	0.0007039774727208729
510	0.0028159098908834917
3457	0.003167898627243928
2004	0.00035198873636043646
3927	0.00035198873636043646
858	0.004575853572685674
1176	0.0024639211545230554
290	0.0028159098908834917
71	0.0010559662090813093
1206	0.0028159098908834917
377	0.0010559662090813093
1277	0.0014079549454417458
4398	0.00035198873636043646
705	0.0014079549454417458
1718	0.0007039774727208729
985	0.0024639211545230554
3344	0.00035198873636043646
576	0.00035198873636043646
3208	0.0007039774727208729
4196	0.0014079549454417458
1427	0.0007039774727208729
1196	0.0007039774727208729
857	0.0007039774727208729
872	0.0021119324181626186
496	0.0010559662090813093
3673	0.00035198873636043646
1933	0.0014079549454417458
1169	0.0007039774727208729
2291	0.0007039774727208729
3571	0.0007039774727208729
542	0.0007039774727208729
3176	0.0014079549454417458
3278	0.0010559662090813093
3928	0.0021119324181626186
2030	0.00035198873636043646
1704	0.0010559662090813093
3604	0.0014079549454417458
587	0.003167898627243928
3303	0.0028159098908834917
4229	0.0007039774727208729
3650	0.0007039774727208729
3122	0.0010559662090813093
3747	0.0010559662090813093
169	0.004223864836325237
42	0.0028159098908834917
4448	0.00598380851812742
207	0.0007039774727208729
1889	0.0017599436818021823
3849	0.0035198873636043647
3579	0.005279831045406547
2933	0.0010559662090813093
731	0.003167898627243928
719	0.0007039774727208729
4449	0.004575853572685674
274	0.008799718409010912
333	0.00035198873636043646
2254	0.0007039774727208729
1688	0.0007039774727208729
4450	0.0007039774727208729
2225	0.00035198873636043646
4451	0.004927842309046111
1444	0.0010559662090813093
676	0.0014079549454417458
131	0.00035198873636043646
238	0.00035198873636043646
2688	0.00035198873636043646
710	0.0010559662090813093
4452	0.011263639563533967
519	0.010207673354452657
3782	0.004927842309046111
1684	0.004223864836325237
1650	0.0010559662090813093
3054	0.007039774727208729
231	0.0028159098908834917
23	0.006687785990848293
1574	0.0007039774727208729
822	0.010559662090813094
113	0.006687785990848293
494	0.007039774727208729
559	0.0028159098908834917
451	0.0014079549454417458
1142	0.0007039774727208729
16	0.0021119324181626186
4329	0.010559662090813094
1445	0.0035198873636043647
43	0.008095740936290039
119	0.00598380851812742
157	0.008447729672650475
98	0.0024639211545230554
1579	0.0007039774727208729
403	0.007391763463569166
629	0.007039774727208729
388	0.007391763463569166
4453	0.0035198873636043647
2019	0.0014079549454417458
874	0.0014079549454417458
707	0.0010559662090813093
2128	0.00035198873636043646
4454	0.006687785990848293
640	0.0007039774727208729
347	0.0017599436818021823
900	0.0007039774727208729
121	0.0014079549454417458
1910	0.0010559662090813093
215	0.003167898627243928
1832	0.00035198873636043646
211	0.0028159098908834917
4455	0.005279831045406547
4049	0.0007039774727208729
3447	0.0014079549454417458
3879	0.0007039774727208729
1700	0.0010559662090813093
1433	0.0028159098908834917
4456	0.006335797254487856
564	0.0024639211545230554
508	0.005631819781766983
2738	0.00035198873636043646
1346	0.00035198873636043646
3610	0.00035198873636043646
1108	0.0017599436818021823
416	0.0014079549454417458
3557	0.00035198873636043646
452	0.0014079549454417458
2310	0.00035198873636043646
4457	0.0024639211545230554
547	0.0010559662090813093
3969	0.00035198873636043646
3794	0.0007039774727208729
4458	0.013023583245336149
1270	0.0028159098908834917
3021	0.0017599436818021823
3854	0.0007039774727208729
1485	0.0010559662090813093
1474	0.0007039774727208729
3601	0.0007039774727208729
972	0.0014079549454417458
346	0.0010559662090813093
3745	0.0010559662090813093
4459	0.007039774727208729
552	0.0010559662090813093
244	0.0007039774727208729
591	0.00035198873636043646
2686	0.00035198873636043646
1519	0.0014079549454417458
4460	0.008799718409010912
649	0.007039774727208729
4138	0.0014079549454417458
443	0.0021119324181626186
369	0.0007039774727208729
3925	0.00035198873636043646
1614	0.0010559662090813093
191	0.004575853572685674
132	0.0021119324181626186
2167	0.0014079549454417458
391	0.003167898627243928
3790	0.003871876099964801
792	0.0014079549454417458
2517	0.0007039774727208729
4102	0.0007039774727208729
28	0.0024639211545230554
1308	0.003871876099964801
4461	0.016191481872580078
1279	0.0014079549454417458
4286	0.0014079549454417458
3285	0.0010559662090813093
701	0.0014079549454417458
875	0.00035198873636043646
2129	0.0007039774727208729
1254	0.0014079549454417458
279	0.0014079549454417458
1086	0.0007039774727208729
2892	0.00035198873636043646
570	0.0007039774727208729
1091	0.00035198873636043646
1126	0.0010559662090813093
3935	0.0010559662090813093
3888	0.0014079549454417458
4462	0.007743752199929602
4269	0.00035198873636043646
295	0.0010559662090813093
466	0.0028159098908834917
283	0.0021119324181626186
27	0.0028159098908834917
3449	0.00035198873636043646
1749	0.0014079549454417458
3596	0.0021119324181626186
882	0.0007039774727208729
686	0.0014079549454417458
146	0.0021119324181626186
759	0.003167898627243928
4463	0.00598380851812742
3815	0.0021119324181626186
2192	0.0017599436818021823
2328	0.00035198873636043646
1007	0.00035198873636043646
979	0.00035198873636043646
2050	0.00035198873636043646
1541	0.0021119324181626186
4464	0.008799718409010912
852	0.00035198873636043646
1938	0.00035198873636043646
1218	0.0007039774727208729
3275	0.00035198873636043646
2516	0.00035198873636043646
1080	0.00035198873636043646
4465	0.014431538190777894
1117	0.0007039774727208729
3568	0.00035198873636043646
3669	0.00035198873636043646
3711	0.00035198873636043646
4024	0.0017599436818021823
3988	0.0007039774727208729
4249	0.0014079549454417458
782	0.0010559662090813093
1448	0.0010559662090813093
1391	0.0007039774727208729
4020	0.0010559662090813093
1214	0.0017599436818021823
2044	0.00035198873636043646
193	0.00035198873636043646
3670	0.0007039774727208729
4088	0.0007039774727208729
30	0.0017599436818021823
3842	0.0014079549454417458
35	0.0007039774727208729
1845	0.0007039774727208729
819	0.00035198873636043646
1868	0.0014079549454417458
3352	0.0014079549454417458
4305	0.0010559662090813093
3078	0.0007039774727208729
951	0.0017599436818021823
774	0.0035198873636043647
4466	0.0024639211545230554
4467	0.03484688489968321
3957	0.0007039774727208729
1037	0.00035198873636043646
66	0.0007039774727208729
3624	0.00035198873636043646
2413	0.00035198873636043646
1063	0.0010559662090813093
3429	0.00035198873636043646
235	0.00035198873636043646
3657	0.00035198873636043646
3115	0.00035198873636043646
2314	0.0007039774727208729
3827	0.0007039774727208729
1489	0.0007039774727208729
3720	0.00035198873636043646
3164	0.0007039774727208729
4316	0.0017599436818021823
1012	0.0007039774727208729
107	0.0007039774727208729
838	0.0007039774727208729
2621	0.00035198873636043646
1559	0.0010559662090813093
1300	0.00035198873636043646
1502	0.0007039774727208729
3235	0.0014079549454417458
3461	0.00035198873636043646
753	0.0017599436818021823
3131	0.0014079549454417458
3649	0.00035198873636043646
1423	0.0007039774727208729
2209	0.0007039774727208729
935	0.00035198873636043646
820	0.0017599436818021823
1135	0.00035198873636043646
3460	0.0007039774727208729
337	0.00035198873636043646
1484	0.0007039774727208729
3531	0.00035198873636043646
1130	0.00035198873636043646
1069	0.0007039774727208729
1724	0.0010559662090813093
4165	0.00035198873636043646
4294	0.0010559662090813093
2309	0.00035198873636043646
3136	0.00035198873636043646
1299	0.0010559662090813093
2511	0.00035198873636043646
3541	0.00035198873636043646
1812	0.00035198873636043646
3036	0.0017599436818021823
3684	0.00035198873636043646
1556	0.0007039774727208729
1165	0.00035198873636043646
4394	0.00035198873636043646
914	0.00035198873636043646
971	0.0007039774727208729
3088	0.00035198873636043646
3028	0.0010559662090813093
3619	0.00035198873636043646
3877	0.0014079549454417458
3304	0.00035198873636043646
887	0.0010559662090813093
4122	0.00035198873636043646
305	0.0007039774727208729
526	0.00035198873636043646
1351	0.00035198873636043646
3516	0.00035198873636043646
29	0.0007039774727208729
2638	0.00035198873636043646
480	0.00035198873636043646
4100	0.00035198873636043646
603	0.0007039774727208729
1766	0.0007039774727208729
3353	0.00035198873636043646
3226	0.00035198873636043646
2964	0.0007039774727208729
3277	0.0010559662090813093
3231	0.00035198873636043646
58	0.0007039774727208729
3622	0.00035198873636043646
4314	0.00035198873636043646
3187	0.00035198873636043646
3249	0.0007039774727208729
3590	0.00035198873636043646
4390	0.0007039774727208729
1253	0.00035198873636043646
1075	0.0007039774727208729
4468	0.0014079549454417458
4469	0.009503695881731784
3365	0.0014079549454417458
3452	0.0014079549454417458
2205	0.0010559662090813093
737	0.0017599436818021823
2387	0.0010559662090813093
3993	0.00035198873636043646
3019	0.00035198873636043646
1343	0.0024639211545230554
1073	0.0014079549454417458
3490	0.0014079549454417458
3876	0.0014079549454417458
3150	0.0017599436818021823
4470	0.008447729672650475
3073	0.0007039774727208729
3276	0.004927842309046111
114	0.0007039774727208729
61	0.008799718409010912
4471	0.006335797254487856
1641	0.00035198873636043646
95	0.0028159098908834917
694	0.00035198873636043646
4472	0.014431538190777894
4473	0.0017599436818021823
160	0.0007039774727208729
201	0.008095740936290039
849	0.0017599436818021823
612	0.0007039774727208729
1193	0.00035198873636043646
2226	0.00035198873636043646
987	0.0010559662090813093
4108	0.0024639211545230554
1742	0.0014079549454417458
2029	0.0010559662090813093
134	0.009503695881731784
2793	0.00035198873636043646
4097	0.00035198873636043646
199	0.0024639211545230554
4365	0.0007039774727208729
581	0.00035198873636043646
338	0.004575853572685674
691	0.004223864836325237
4474	0.0021119324181626186
4475	0.00598380851812742
1149	0.0007039774727208729
641	0.0010559662090813093
1537	0.00035198873636043646
341	0.0014079549454417458
371	0.0024639211545230554
2216	0.00035198873636043646
1223	0.00035198873636043646
1517	0.0007039774727208729
4476	0.0021119324181626186
1613	0.0010559662090813093
1919	0.00035198873636043646
3839	0.0007039774727208729
1764	0.00035198873636043646
4477	0.005279831045406547
1851	0.00035198873636043646
867	0.0010559662090813093
620	0.0007039774727208729
2425	0.0024639211545230554
908	0.0010559662090813093
4478	0.0014079549454417458
3025	0.00035198873636043646
4273	0.0007039774727208729
2043	0.00035198873636043646
4479	0.003871876099964801
3906	0.00035198873636043646
4480	0.008799718409010912
3005	0.004927842309046111
103	0.00035198873636043646
108	0.0017599436818021823
3179	0.0010559662090813093
3462	0.0017599436818021823
4287	0.00035198873636043646
1116	0.0007039774727208729
905	0.00035198873636043646
492	0.00035198873636043646
1383	0.004223864836325237
1408	0.00035198873636043646
4481	0.01091165082717353
3371	0.0007039774727208729
387	0.0007039774727208729
488	0.00035198873636043646
1890	0.00035198873636043646
3611	0.0014079549454417458
2009	0.0007039774727208729
1280	0.0007039774727208729
3415	0.0007039774727208729
1790	0.0007039774727208729
1984	0.0007039774727208729
2241	0.00035198873636043646
3	0.00035198873636043646
2608	0.0007039774727208729
4087	0.0007039774727208729
1900	0.0007039774727208729
2032	0.00035198873636043646
3539	0.0007039774727208729
732	0.0007039774727208729
4299	0.0007039774727208729
2564	0.0007039774727208729
1471	0.0007039774727208729
2534	0.0014079549454417458
4227	0.00035198873636043646
648	0.00035198873636043646
1733	0.00035198873636043646
4482	0.0035198873636043647
1908	0.00035198873636043646
4254	0.0007039774727208729
4483	0.0007039774727208729
4484	0.007743752199929602
1031	0.0024639211545230554
2092	0.0007039774727208729
330	0.0024639211545230554
4018	0.0007039774727208729
309	0.0014079549454417458
1562	0.0007039774727208729
2131	0.0010559662090813093
4485	0.004223864836325237
3831	0.00035198873636043646
4125	0.00035198873636043646
3830	0.00035198873636043646
4486	0.009151707145371347
730	0.005279831045406547
828	0.0010559662090813093
2739	0.0007039774727208729
2521	0.0010559662090813093
3450	0.005631819781766983
2447	0.0007039774727208729
548	0.004927842309046111
2762	0.00035198873636043646
4487	0.016543470608940514
1734	0.0017599436818021823
1207	0.0021119324181626186
3974	0.005631819781766983
311	0.00035198873636043646
237	0.0014079549454417458
325	0.004927842309046111
2932	0.0021119324181626186
45	0.004575853572685674
426	0.007743752199929602
2984	0.0035198873636043647
3741	0.004927842309046111
4002	0.0028159098908834917
1844	0.0021119324181626186
2944	0.00035198873636043646
3487	0.003871876099964801
3409	0.006335797254487856
2566	0.00035198873636043646
1312	0.0007039774727208729
33	0.004575853572685674
4488	0.0010559662090813093
1178	0.0010559662090813093
4489	0.0028159098908834917
4490	0.0028159098908834917
1829	0.00035198873636043646
1716	0.00035198873636043646
3096	0.00035198873636043646
2464	0.00035198873636043646
3006	0.00035198873636043646
1922	0.0007039774727208729
3613	0.00035198873636043646
2755	0.00035198873636043646
4491	0.003871876099964801
3189	0.00035198873636043646
2037	0.00035198873636043646
3546	0.0007039774727208729
1006	0.003871876099964801
1659	0.00035198873636043646
4492	0.007391763463569166
555	0.00035198873636043646
4493	0.0035198873636043647
657	0.0035198873636043647
1246	0.00035198873636043646
4129	0.0007039774727208729
4494	0.003871876099964801
3158	0.0007039774727208729
529	0.0010559662090813093
3399	0.00035198873636043646
2235	0.0007039774727208729
4495	0.005279831045406547
2285	0.0007039774727208729
566	0.003871876099964801
3124	0.0007039774727208729
3892	0.0007039774727208729
1145	0.0010559662090813093
3893	0.0014079549454417458
3123	0.0010559662090813093
4496	0.006687785990848293
3436	0.0014079549454417458
185	0.0010559662090813093
768	0.0007039774727208729
2986	0.00035198873636043646
1510	0.0010559662090813093
4497	0.0021119324181626186
4498	0.004927842309046111
2108	0.00035198873636043646
2275	0.00035198873636043646
902	0.0014079549454417458
1660	0.0021119324181626186
3946	0.00035198873636043646
4499	0.003871876099964801
142	0.0017599436818021823
1593	0.0010559662090813093
481	0.00598380851812742
2465	0.0014079549454417458
4500	0.0017599436818021823
749	0.007391763463569166
513	0.007039774727208729
1379	0.007391763463569166
3284	0.0021119324181626186
796	0.006687785990848293
4501	0.005631819781766983
3233	0.0007039774727208729
155	0.00035198873636043646
362	0.0014079549454417458
3534	0.0007039774727208729
4502	0.0014079549454417458
4503	0.003167898627243928
2611	0.00035198873636043646
1174	0.0007039774727208729
4504	0.007391763463569166
2965	0.00035198873636043646
3360	0.0010559662090813093
3241	0.00035198873636043646
3357	0.0010559662090813093
2265	0.0007039774727208729
348	0.0010559662090813093
2369	0.0014079549454417458
3390	0.0017599436818021823
85	0.0017599436818021823
3393	0.00035198873636043646
1124	0.0017599436818021823
3181	0.0007039774727208729
4505	0.0017599436818021823
4506	0.0014079549454417458
1286	0.0021119324181626186
4507	0.006335797254487856
534	0.00035198873636043646
4508	0.004223864836325237
1983	0.0010559662090813093
939	0.0007039774727208729
3873	0.0035198873636043647
1224	0.0028159098908834917
2146	0.00035198873636043646
3404	0.0007039774727208729
4509	0.006687785990848293
1378	0.00035198873636043646
1652	0.00035198873636043646
3548	0.0010559662090813093
4264	0.0010559662090813093
1806	0.00035198873636043646
2165	0.00035198873636043646
1867	0.0017599436818021823
1961	0.00035198873636043646
4510	0.004927842309046111
487	0.0007039774727208729
3058	0.00035198873636043646
1326	0.00035198873636043646
831	0.0007039774727208729
4511	0.0028159098908834917
4512	0.006335797254487856
3954	0.00035198873636043646
3977	0.00035198873636043646
986	0.0007039774727208729
869	0.0028159098908834917
420	0.00035198873636043646
1094	0.00035198873636043646
4513	0.00598380851812742
1801	0.00035198873636043646
4514	0.0010559662090813093
4515	0.0014079549454417458
472	0.0010559662090813093
4516	0.006335797254487856
306	0.0010559662090813093
1953	0.00035198873636043646
3727	0.0007039774727208729
3298	0.00035198873636043646
613	0.0017599436818021823
663	0.00035198873636043646
3052	0.0010559662090813093
3192	0.0010559662090813093
2022	0.0014079549454417458
2607	0.00035198873636043646
4517	0.004927842309046111
140	0.0010559662090813093
3858	0.0010559662090813093
1470	0.0010559662090813093
3865	0.0014079549454417458
4317	0.0017599436818021823
467	0.0021119324181626186
949	0.0007039774727208729
1567	0.0024639211545230554
3237	0.00035198873636043646
4518	0.004927842309046111
912	0.0007039774727208729
577	0.0010559662090813093
3867	0.0010559662090813093
4232	0.00035198873636043646
2072	0.0007039774727208729
3744	0.0017599436818021823
644	0.0028159098908834917
4519	0.0017599436818021823
1323	0.00035198873636043646
4520	0.0021119324181626186
4521	0.003167898627243928
1870	0.00035198873636043646
558	0.00035198873636043646
3635	0.0014079549454417458
3424	0.0010559662090813093
4522	0.0021119324181626186
2761	0.00035198873636043646
2840	0.00035198873636043646
2303	0.00035198873636043646
2395	0.00035198873636043646
4523	0.0035198873636043647
1892	0.0007039774727208729
194	0.0007039774727208729
105	0.0014079549454417458
4524	0.0024639211545230554
4525	0.004223864836325237
1936	0.00035198873636043646
2302	0.0007039774727208729
3392	0.00035198873636043646
4085	0.00035198873636043646
2082	0.00035198873636043646
4526	0.004927842309046111
3224	0.0007039774727208729
336	0.0007039774727208729
3065	0.0021119324181626186
3331	0.0024639211545230554
1708	0.004575853572685674
4527	0.0024639211545230554
4528	0.0010559662090813093
3345	0.00035198873636043646
2664	0.00035198873636043646
744	0.00035198873636043646
359	0.00035198873636043646
1301	0.0007039774727208729
4529	0.006335797254487856
1783	0.0021119324181626186
109	0.0035198873636043647
4530	0.0035198873636043647
4531	0.0028159098908834917
1588	0.0007039774727208729
3980	0.0010559662090813093
3272	0.00035198873636043646
145	0.00035198873636043646
535	0.0010559662090813093
4532	0.0007039774727208729
1772	0.0010559662090813093
2294	0.00035198873636043646
4533	0.008095740936290039
1415	0.0014079549454417458
2620	0.00035198873636043646
758	0.0017599436818021823
1248	0.0014079549454417458
4534	0.014079549454417459
4535	0.006335797254487856
3676	0.00035198873636043646
1551	0.0007039774727208729
3100	0.0007039774727208729
618	0.0007039774727208729
910	0.00035198873636043646
3597	0.003167898627243928
2943	0.0007039774727208729
4017	0.0007039774727208729
2195	0.0014079549454417458
821	0.0007039774727208729
4172	0.0007039774727208729
1139	0.0010559662090813093
173	0.0035198873636043647
3932	0.00035198873636043646
4009	0.0007039774727208729
521	0.00035198873636043646
3099	0.00035198873636043646
4016	0.0010559662090813093
3359	0.0007039774727208729
562	0.003167898627243928
2468	0.00035198873636043646
4536	0.008447729672650475
4537	0.004927842309046111
1827	0.00035198873636043646
2317	0.0014079549454417458
1598	0.00035198873636043646
726	0.0010559662090813093
469	0.00035198873636043646
4538	0.0021119324181626186
3312	0.00035198873636043646
583	0.0007039774727208729
4539	0.005279831045406547
4540	0.0035198873636043647
485	0.0014079549454417458
344	0.0024639211545230554
316	0.0035198873636043647
605	0.0017599436818021823
1673	0.0021119324181626186
4541	0.0014079549454417458
1955	0.0010559662090813093
4542	0.003871876099964801
147	0.00035198873636043646
2781	0.00035198873636043646
102	0.00035198873636043646
2716	0.0007039774727208729
1194	0.00035198873636043646
1099	0.0007039774727208729
1230	0.0014079549454417458
435	0.0021119324181626186
4543	0.013727560718057022
446	0.0021119324181626186
99	0.0028159098908834917
276	0.0007039774727208729
275	0.0017599436818021823
3063	0.0010559662090813093
2972	0.0024639211545230554
636	0.0017599436818021823
3166	0.0010559662090813093
608	0.00035198873636043646
927	0.0007039774727208729
327	0.0035198873636043647
1447	0.0021119324181626186
46	0.0017599436818021823
310	0.00035198873636043646
4222	0.0007039774727208729
455	0.0007039774727208729
135	0.0007039774727208729
3691	0.0014079549454417458
1488	0.0010559662090813093
4544	0.00598380851812742
1034	0.00035198873636043646
3667	0.00035198873636043646
3297	0.0007039774727208729
1307	0.0007039774727208729
2990	0.00035198873636043646
3778	0.00035198873636043646
3252	0.0014079549454417458
499	0.0017599436818021823
3135	0.0017599436818021823
1600	0.00035198873636043646
4545	0.0021119324181626186
518	0.00035198873636043646
2247	0.00035198873636043646
2159	0.0007039774727208729
1874	0.0007039774727208729
4546	0.0014079549454417458
4547	0.004927842309046111
6	0.0010559662090813093
896	0.00035198873636043646
324	0.0010559662090813093
3356	0.0007039774727208729
4548	0.006335797254487856
4549	0.006335797254487856
1740	0.00035198873636043646
1048	0.0007039774727208729
422	0.00035198873636043646
1372	0.0007039774727208729
4144	0.00035198873636043646
1371	0.0007039774727208729
1505	0.0014079549454417458
2292	0.0017599436818021823
3846	0.0007039774727208729
32	0.00035198873636043646
4550	0.007391763463569166
3001	0.0007039774727208729
3016	0.0007039774727208729
1808	0.0010559662090813093
133	0.00035198873636043646
360	0.0007039774727208729
2450	0.00035198873636043646
1913	0.00035198873636043646
4551	0.003167898627243928
1311	0.0007039774727208729
4552	0.003167898627243928
4553	0.003167898627243928
2584	0.00035198873636043646
4301	0.0007039774727208729
2069	0.0007039774727208729
1677	0.0007039774727208729
342	0.00035198873636043646
1058	0.00035198873636043646
1265	0.0007039774727208729
4554	0.010207673354452657
3549	0.00035198873636043646
999	0.0014079549454417458
4094	0.0007039774727208729
3308	0.00035198873636043646
172	0.00035198873636043646
3495	0.0007039774727208729
4243	0.0007039774727208729
703	0.0007039774727208729
989	0.0010559662090813093
3020	0.00035198873636043646
3509	0.0010559662090813093
4555	0.0010559662090813093
4556	0.0007039774727208729
4557	0.0014079549454417458
4558	0.0035198873636043647
543	0.00035198873636043646
1529	0.0010559662090813093
2454	0.00035198873636043646
4559	0.008095740936290039
3663	0.0010559662090813093
716	0.003167898627243928
271	0.00035198873636043646
381	0.0007039774727208729
4560	0.008799718409010912
3177	0.00035198873636043646
2033	0.0007039774727208729
1632	0.00035198873636043646
1760	0.00035198873636043646
2071	0.00035198873636043646
3244	0.00035198873636043646
187	0.0007039774727208729
150	0.0007039774727208729
3086	0.0007039774727208729
4561	0.004575853572685674
2389	0.0007039774727208729
3822	0.00035198873636043646
1054	0.0007039774727208729
4345	0.00035198873636043646
539	0.0014079549454417458
4344	0.0007039774727208729
4562	0.0014079549454417458
3984	0.00035198873636043646
2372	0.0007039774727208729
4563	0.0014079549454417458
4564	0.003167898627243928
4565	0.02780711017247448
2865	0.0017599436818021823
3199	0.00035198873636043646
4022	0.00035198873636043646
1110	0.0017599436818021823
2206	0.0007039774727208729
460	0.0007039774727208729
1325	0.0010559662090813093
2396	0.0007039774727208729
3633	0.0017599436818021823
401	0.0014079549454417458
4295	0.0021119324181626186
3082	0.0028159098908834917
617	0.004927842309046111
3802	0.0035198873636043647
3247	0.0007039774727208729
1015	0.0007039774727208729
3219	0.00035198873636043646
4566	0.01196761703625484
1696	0.0007039774727208729
1242	0.0014079549454417458
2823	0.0007039774727208729
2593	0.0007039774727208729
1155	0.0007039774727208729
2619	0.0007039774727208729
3709	0.0010559662090813093
1152	0.0007039774727208729
315	0.0007039774727208729
1544	0.00035198873636043646
1251	0.0007039774727208729
2615	0.00035198873636043646
1545	0.0014079549454417458
2646	0.0007039774727208729
2066	0.0010559662090813093
2438	0.0007039774727208729
803	0.0007039774727208729
2156	0.0014079549454417458
4265	0.0007039774727208729
4567	0.009151707145371347
1787	0.00035198873636043646
3785	0.0007039774727208729
1	0.0017599436818021823
4568	0.008095740936290039
3555	0.0017599436818021823
2179	0.0007039774727208729
3171	0.0007039774727208729
589	0.00035198873636043646
1228	0.0014079549454417458
2143	0.00035198873636043646
1629	0.00035198873636043646
1739	0.00035198873636043646
3354	0.00035198873636043646
4224	0.0007039774727208729
176	0.0014079549454417458
3826	0.0007039774727208729
4569	0.0035198873636043647
4570	0.005631819781766983
3306	0.0014079549454417458
214	0.0007039774727208729
3474	0.00035198873636043646
1042	0.0010559662090813093
4571	0.003167898627243928
2713	0.0007039774727208729
936	0.0010559662090813093
1973	0.00035198873636043646
2286	0.00035198873636043646
4572	0.0028159098908834917
2718	0.0010559662090813093
859	0.0014079549454417458
4573	0.007391763463569166
3769	0.00035198873636043646
4014	0.0007039774727208729
3891	0.00035198873636043646
594	0.00035198873636043646
4207	0.0007039774727208729
3012	0.00035198873636043646
2320	0.0007039774727208729
0	0.0014079549454417458
3469	0.0007039774727208729
4574	0.00598380851812742
1930	0.00035198873636043646
313	0.00035198873636043646
4166	0.00035198873636043646
4575	0.007391763463569166
4576	0.008447729672650475
413	0.00035198873636043646
1689	0.0007039774727208729
3898	0.0007039774727208729
3137	0.0010559662090813093
2137	0.0007039774727208729
1029	0.00035198873636043646
2987	0.00035198873636043646
2148	0.00035198873636043646
3362	0.0010559662090813093
1341	0.0007039774727208729
4577	0.003167898627243928
1232	0.0010559662090813093
2323	0.00035198873636043646
4578	0.005279831045406547
4579	0.0014079549454417458
3496	0.0007039774727208729
855	0.0007039774727208729
3155	0.0010559662090813093
1085	0.00035198873636043646
7	0.0010559662090813093
2278	0.0014079549454417458
4580	0.006335797254487856
3246	0.00035198873636043646
2541	0.0007039774727208729
1320	0.00035198873636043646
468	0.0014079549454417458
4581	0.004223864836325237
632	0.00035198873636043646
2240	0.00035198873636043646
3374	0.00035198873636043646
4582	0.009855684618092221
4583	0.006687785990848293
862	0.0017599436818021823
2460	0.00035198873636043646
1977	0.0010559662090813093
959	0.0007039774727208729
177	0.00035198873636043646
554	0.00035198873636043646
766	0.0007039774727208729
1847	0.0007039774727208729
3040	0.00035198873636043646
373	0.0010559662090813093
2296	0.0010559662090813093
3287	0.0007039774727208729
2572	0.00035198873636043646
4584	0.009151707145371347
2966	0.0007039774727208729
3348	0.00035198873636043646
1211	0.00035198873636043646
209	0.00035198873636043646
1465	0.00035198873636043646
4585	0.007039774727208729
4211	0.00035198873636043646
3255	0.00035198873636043646
1151	0.00035198873636043646
1363	0.0007039774727208729
3799	0.0007039774727208729
1322	0.00035198873636043646
4586	0.0017599436818021823
4	0.0017599436818021823
4587	0.003167898627243928
4189	0.0007039774727208729
4588	0.010207673354452657
2181	0.00035198873636043646
4589	0.013727560718057022
3042	0.0017599436818021823
689	0.0017599436818021823
609	0.0007039774727208729
816	0.0007039774727208729
651	0.003167898627243928
3532	0.0021119324181626186
4590	0.007039774727208729
675	0.00035198873636043646
2626	0.0010559662090813093
3829	0.0007039774727208729
4591	0.0035198873636043647
4592	0.0028159098908834917
886	0.0010559662090813093
4593	0.005279831045406547
4594	0.005631819781766983
1020	0.0010559662090813093
2333	0.00035198873636043646
2098	0.00035198873636043646
3069	0.0007039774727208729
1238	0.0010559662090813093
1917	0.0007039774727208729
729	0.00035198873636043646
2550	0.00035198873636043646
3554	0.0007039774727208729
4120	0.00035198873636043646
2439	0.0010559662090813093
4595	0.00598380851812742
955	0.0007039774727208729
1732	0.00035198873636043646
3714	0.00035198873636043646
3240	0.00035198873636043646
2357	0.00035198873636043646
4596	0.003871876099964801
406	0.0014079549454417458
532	0.0007039774727208729
4597	0.00598380851812742
2746	0.00035198873636043646
1550	0.0021119324181626186
4598	0.006335797254487856
4599	0.006687785990848293
2545	0.0007039774727208729
1431	0.0007039774727208729
4012	0.00035198873636043646
1360	0.00035198873636043646
1240	0.00035198873636043646
1370	0.0007039774727208729
2270	0.00035198873636043646
3872	0.0007039774727208729
2489	0.0010559662090813093
3455	0.0010559662090813093
633	0.00035198873636043646
1358	0.0007039774727208729
1967	0.0010559662090813093
660	0.00035198873636043646
4600	0.0014079549454417458
1855	0.0010559662090813093
4601	0.004223864836325237
1213	0.0007039774727208729
4602	0.0024639211545230554
4603	0.005279831045406547
1833	0.00035198873636043646
1744	0.0014079549454417458
383	0.0007039774727208729
1928	0.00035198873636043646
2111	0.00035198873636043646
2544	0.00035198873636043646
1051	0.0007039774727208729
4604	0.007391763463569166
3989	0.0007039774727208729
1789	0.00035198873636043646
453	0.00035198873636043646
4605	0.012319605772615276
3184	0.0007039774727208729
1395	0.0007039774727208729
1283	0.0014079549454417458
3990	0.00035198873636043646
317	0.0014079549454417458
1535	0.0021119324181626186
3515	0.0017599436818021823
1472	0.0014079549454417458
3378	0.00035198873636043646
515	0.00035198873636043646
998	0.0007039774727208729
1473	0.0007039774727208729
1695	0.0007039774727208729
1333	0.0021119324181626186
1247	0.0014079549454417458
4121	0.0014079549454417458
286	0.0014079549454417458
444	0.003167898627243928
3661	0.0010559662090813093
606	0.0017599436818021823
3375	0.0007039774727208729
3499	0.00035198873636043646
4606	0.0017599436818021823
879	0.0007039774727208729
4607	0.029919042590637098
4608	0.007391763463569166
1102	0.00035198873636043646
1317	0.0010559662090813093
389	0.0014079549454417458
3742	0.0007039774727208729
3870	0.0007039774727208729
2316	0.00035198873636043646
3519	0.0010559662090813093
394	0.0021119324181626186
3520	0.0010559662090813093
197	0.0014079549454417458
3186	0.0007039774727208729
540	0.00035198873636043646
1164	0.0010559662090813093
1576	0.0014079549454417458
5	0.0021119324181626186
4007	0.0010559662090813093
3871	0.0007039774727208729
44	0.0007039774727208729
3674	0.0014079549454417458
441	0.00035198873636043646
922	0.00035198873636043646
911	0.0007039774727208729
3503	0.0014079549454417458
1834	0.0010559662090813093
1016	0.0017599436818021823
4134	0.0007039774727208729
3817	0.0007039774727208729
229	0.0010559662090813093
4343	0.0010559662090813093
502	0.0017599436818021823
224	0.0014079549454417458
3377	0.0007039774727208729
2093	0.0007039774727208729
2474	0.00035198873636043646
393	0.0007039774727208729
4059	0.00035198873636043646
3766	0.00035198873636043646
81	0.0007039774727208729
4032	0.00035198873636043646
3808	0.00035198873636043646
3528	0.0007039774727208729
239	0.0007039774727208729
182	0.0014079549454417458
1200	0.0010559662090813093
1975	0.0007039774727208729
181	0.0007039774727208729
4609	0.0010559662090813093
4610	0.0028159098908834917
1450	0.00035198873636043646
2327	0.0007039774727208729
946	0.0010559662090813093
4611	0.008447729672650475
3910	0.00035198873636043646
3764	0.00035198873636043646
2183	0.00035198873636043646
2076	0.0007039774727208729
4057	0.0007039774727208729
1902	0.0007039774727208729
4612	0.003871876099964801
4613	0.01795142555438226
190	0.00035198873636043646
4090	0.0007039774727208729
4000	0.00035198873636043646
3239	0.00035198873636043646
1735	0.0007039774727208729
3463	0.00035198873636043646
171	0.00035198873636043646
1972	0.00035198873636043646
550	0.0007039774727208729
677	0.0014079549454417458
1915	0.00035198873636043646
824	0.0010559662090813093
92	0.00035198873636043646
722	0.00035198873636043646
65	0.0010559662090813093
3678	0.0007039774727208729
3998	0.0010559662090813093
3332	0.0017599436818021823
797	0.00035198873636043646
3940	0.00035198873636043646
4313	0.00035198873636043646
628	0.00035198873636043646
1236	0.00035198873636043646
2217	0.0010559662090813093
1985	0.0010559662090813093
3004	0.00035198873636043646
4614	0.010207673354452657
62	0.00035198873636043646
1458	0.00035198873636043646
3743	0.00035198873636043646
1435	0.00035198873636043646
1784	0.00035198873636043646
2052	0.0007039774727208729
924	0.00035198873636043646
1235	0.00035198873636043646
3422	0.00035198873636043646
1090	0.00035198873636043646
464	0.00035198873636043646
3981	0.0007039774727208729
1949	0.00035198873636043646
743	0.00035198873636043646
4615	0.003167898627243928
4616	0.004223864836325237
631	0.00035198873636043646
164	0.00035198873636043646
1212	0.00035198873636043646
3595	0.0007039774727208729
1534	0.00035198873636043646
3026	0.0007039774727208729
3446	0.0007039774727208729
4617	0.0021119324181626186
635	0.00035198873636043646
4079	0.0007039774727208729
3475	0.00035198873636043646
2023	0.00035198873636043646
2701	0.0007039774727208729
4618	0.0017599436818021823
2773	0.00035198873636043646
4619	0.004927842309046111
4620	0.010559662090813094
3217	0.0007039774727208729
990	0.00035198873636043646
2028	0.0010559662090813093
3612	0.0007039774727208729
3133	0.0007039774727208729
2466	0.00035198873636043646
2279	0.0007039774727208729
4141	0.00035198873636043646
511	0.0007039774727208729
4293	0.00035198873636043646
3153	0.0007039774727208729
1644	0.0007039774727208729
3677	0.0007039774727208729
159	0.0028159098908834917
3216	0.00035198873636043646
4621	0.008799718409010912
1101	0.00035198873636043646
4622	0.00598380851812742
1582	0.0024639211545230554
3845	0.0010559662090813093
1773	0.0007039774727208729
4623	0.003871876099964801
321	0.0007039774727208729
2765	0.00035198873636043646
1068	0.00035198873636043646
4624	0.004575853572685674
3781	0.00035198873636043646
1475	0.00035198873636043646
873	0.00035198873636043646
1106	0.00035198873636043646
4625	0.003871876099964801
4626	0.004223864836325237
3754	0.0014079549454417458
2068	0.00035198873636043646
2329	0.00035198873636043646
837	0.0007039774727208729
1053	0.0010559662090813093
4389	0.0007039774727208729
4627	0.0035198873636043647
380	0.00035198873636043646
1120	0.0007039774727208729
2482	0.0007039774727208729
4628	0.006335797254487856
4629	0.004575853572685674
1013	0.00035198873636043646
818	0.0010559662090813093
1694	0.00035198873636043646
817	0.00035198873636043646
941	0.00035198873636043646
1516	0.00035198873636043646
4630	0.005279831045406547
1457	0.00035198873636043646
4631	0.004575853572685674
4632	0.005279831045406547
1291	0.00035198873636043646
654	0.0010559662090813093
1175	0.0007039774727208729
293	0.0007039774727208729
2927	0.0014079549454417458
1863	0.00035198873636043646
3202	0.0010559662090813093
3328	0.00035198873636043646
4633	0.004223864836325237
4634	0.01795142555438226
1062	0.0010559662090813093
3587	0.0007039774727208729
1615	0.0014079549454417458
266	0.0007039774727208729
2127	0.0007039774727208729
2015	0.00035198873636043646
1098	0.0007039774727208729
3243	0.0007039774727208729
3700	0.00035198873636043646
4148	0.00035198873636043646
1707	0.00035198873636043646
2266	0.00035198873636043646
3296	0.00035198873636043646
1590	0.0007039774727208729
2061	0.00035198873636043646
2402	0.00035198873636043646
2912	0.0007039774727208729
1189	0.0007039774727208729
1753	0.00035198873636043646
4391	0.00035198873636043646
3094	0.0007039774727208729
270	0.00035198873636043646
503	0.00035198873636043646
4147	0.0007039774727208729
4635	0.005279831045406547
56	0.0007039774727208729
988	0.0007039774727208729
1121	0.0007039774727208729
1018	0.00035198873636043646
3900	0.0010559662090813093
1959	0.00035198873636043646
203	0.0007039774727208729
4636	0.009503695881731784
2427	0.0007039774727208729
1558	0.00035198873636043646
4275	0.00035198873636043646
1617	0.0007039774727208729
568	0.0010559662090813093
1111	0.00035198873636043646
2627	0.00035198873636043646
1039	0.0014079549454417458
4152	0.00035198873636043646
4637	0.0035198873636043647
167	0.0007039774727208729
1780	0.0007039774727208729
4270	0.0007039774727208729
1002	0.00035198873636043646
4638	0.0021119324181626186
1119	0.0007039774727208729
4639	0.0028159098908834917
4640	0.013727560718057022
516	0.00035198873636043646
2904	0.00035198873636043646
3961	0.00035198873636043646
1768	0.00035198873636043646
1580	0.00035198873636043646
3145	0.00035198873636043646
4247	0.00035198873636043646
3234	0.00035198873636043646
1000	0.00035198873636043646
2834	0.00035198873636043646
3400	0.00035198873636043646
3617	0.00035198873636043646
3640	0.00035198873636043646
3144	0.00035198873636043646
3797	0.00035198873636043646
522	0.0007039774727208729
3283	0.00035198873636043646
916	0.00035198873636043646
3559	0.00035198873636043646
3811	0.00035198873636043646
4184	0.00035198873636043646
1035	0.00035198873636043646
212	0.00035198873636043646
4274	0.00035198873636043646
2610	0.00035198873636043646
3930	0.00035198873636043646
2449	0.00035198873636043646
3602	0.00035198873636043646
4215	0.00035198873636043646
563	0.0007039774727208729
2283	0.00035198873636043646
4641	0.008799718409010912
929	0.0007039774727208729
947	0.0007039774727208729
1446	0.00035198873636043646
4642	0.0021119324181626186
4643	0.005631819781766983
3437	0.0007039774727208729
3526	0.0007039774727208729
3705	0.00035198873636043646
3032	0.0007039774727208729
2412	0.0007039774727208729
3106	0.0007039774727208729
3527	0.0007039774727208729
3031	0.0010559662090813093
3706	0.0007039774727208729
2378	0.0007039774727208729
2138	0.0010559662090813093
4644	0.00598380851812742
1089	0.00035198873636043646
787	0.0007039774727208729
3022	0.00035198873636043646
2169	0.0007039774727208729
4645	0.013023583245336149
602	0.00035198873636043646
379	0.0017599436818021823
1162	0.00035198873636043646
950	0.0017599436818021823
2336	0.00035198873636043646
284	0.0017599436818021823
2952	0.0007039774727208729
525	0.0007039774727208729
4350	0.0010559662090813093
538	0.0007039774727208729
2200	0.00035198873636043646
3080	0.00035198873636043646
3067	0.0007039774727208729
3295	0.00035198873636043646
1345	0.00035198873636043646
1636	0.0010559662090813093
3485	0.00035198873636043646
4646	0.004927842309046111
996	0.00035198873636043646
2500	0.00035198873636043646
1774	0.00035198873636043646
969	0.00035198873636043646
474	0.0010559662090813093
1775	0.00035198873636043646
3420	0.00035198873636043646
3281	0.00035198873636043646
4647	0.004223864836325237
2048	0.00035198873636043646
4648	0.02780711017247448
118	0.0007039774727208729
1113	0.0014079549454417458
1804	0.0007039774727208729
3314	0.0007039774727208729
4649	0.0024639211545230554
2090	0.00035198873636043646
83	0.00035198873636043646
3473	0.00035198873636043646
4650	0.003167898627243928
3472	0.00035198873636043646
3222	0.00035198873636043646
3881	0.0007039774727208729
2258	0.00035198873636043646
4651	0.0028159098908834917
4652	0.0024639211545230554
2105	0.00035198873636043646
1467	0.00035198873636043646
2230	0.00035198873636043646
2697	0.00035198873636043646
4653	0.0028159098908834917
4171	0.00035198873636043646
637	0.0007039774727208729
2640	0.00035198873636043646
4654	0.004927842309046111
2315	0.00035198873636043646
3251	0.00035198873636043646
4655	0.008095740936290039
57	0.00035198873636043646
696	0.00035198873636043646
4336	0.0010559662090813093
1352	0.00035198873636043646
1487	0.0014079549454417458
4656	0.006687785990848293
2099	0.0007039774727208729
2185	0.00035198873636043646
3585	0.00035198873636043646
3029	0.0007039774727208729
1879	0.0007039774727208729
4657	0.0021119324181626186
4658	0.009503695881731784
2691	0.00035198873636043646
721	0.0007039774727208729
4407	0.00035198873636043646
4659	0.0014079549454417458
1671	0.00035198873636043646
4660	0.0017599436818021823
3897	0.00035198873636043646
202	0.00035198873636043646
527	0.00035198873636043646
4661	0.0021119324181626186
2189	0.00035198873636043646
1440	0.00035198873636043646
2154	0.0007039774727208729
4662	0.007391763463569166
4256	0.0010559662090813093
3770	0.00035198873636043646
2158	0.0007039774727208729
2478	0.00035198873636043646
2477	0.00035198873636043646
4663	0.004223864836325237
4664	0.004575853572685674
1442	0.00035198873636043646
1957	0.00035198873636043646
47	0.00035198873636043646
1190	0.00035198873636043646
370	0.00035198873636043646
161	0.0007039774727208729
619	0.00035198873636043646
2518	0.00035198873636043646
4665	0.01091165082717353
1367	0.0007039774727208729
805	0.0014079549454417458
1386	0.0007039774727208729
4666	0.004223864836325237
2562	0.00035198873636043646
4667	0.007391763463569166
4025	0.00035198873636043646
2202	0.00035198873636043646
3407	0.00035198873636043646
611	0.00035198873636043646
658	0.0010559662090813093
2376	0.00035198873636043646
3502	0.00035198873636043646
961	0.0010559662090813093
4668	0.0035198873636043647
4669	0.009503695881731784
3355	0.0010559662090813093
93	0.00035198873636043646
2419	0.0007039774727208729
4670	0.009151707145371347
3721	0.00035198873636043646
1127	0.00035198873636043646
3258	0.0017599436818021823
1699	0.0007039774727208729
1105	0.0007039774727208729
4671	0.0017599436818021823
4672	0.010207673354452657
196	0.0007039774727208729
3786	0.00035198873636043646
4673	0.0017599436818021823
3582	0.00035198873636043646
4674	0.005279831045406547
2885	0.00035198873636043646
4675	0.00598380851812742
217	0.0010559662090813093
349	0.00035198873636043646
1533	0.00035198873636043646
2305	0.00035198873636043646
4676	0.008095740936290039
4677	0.012319605772615276
2788	0.00035198873636043646
2401	0.00035198873636043646
96	0.00035198873636043646
3915	0.00035198873636043646
4185	0.00035198873636043646
1496	0.00035198873636043646
4115	0.0007039774727208729
4175	0.0007039774727208729
536	0.0007039774727208729
3875	0.00035198873636043646
1509	0.0007039774727208729
3081	0.00035198873636043646
221	0.00035198873636043646
120	0.00035198873636043646
1508	0.0010559662090813093
4678	0.0014079549454417458
4679	0.007743752199929602
952	0.0007039774727208729
4680	0.0024639211545230554
4681	0.009503695881731784
319	0.00035198873636043646
3260	0.00035198873636043646
4682	0.0028159098908834917
168	0.00035198873636043646
2186	0.00035198873636043646
3885	0.0010559662090813093
1639	0.00035198873636043646
799	0.00035198873636043646
4683	0.004575853572685674
1199	0.00035198873636043646
827	0.00035198873636043646
670	0.0010559662090813093
1679	0.00035198873636043646
4684	0.004927842309046111
175	0.0014079549454417458
3690	0.00035198873636043646
2237	0.0007039774727208729
3545	0.0007039774727208729
4685	0.0014079549454417458
4686	0.00035198873636043646
4377	0.00035198873636043646
4687	0.0028159098908834917
2113	0.00035198873636043646
1759	0.0007039774727208729
2349	0.0007039774727208729
4688	0.004575853572685674
4689	0.0017599436818021823
4690	0.004575853572685674
4282	0.00035198873636043646
4691	0.008447729672650475
213	0.0010559662090813093
4692	0.014079549454417459
1610	0.00035198873636043646
3869	0.0010559662090813093
4693	0.0007039774727208729
4694	0.02006335797254488
1292	0.0007039774727208729
1755	0.00035198873636043646
1924	0.0007039774727208729
1229	0.00035198873636043646
2653	0.00035198873636043646
1477	0.00035198873636043646
2703	0.00035198873636043646
3097	0.00035198873636043646
3129	0.0007039774727208729
3692	0.00035198873636043646
3975	0.0007039774727208729
3264	0.00035198873636043646
4008	0.00035198873636043646
2913	0.00035198873636043646
2628	0.00035198873636043646
298	0.00035198873636043646
431	0.00035198873636043646
1738	0.00035198873636043646
3859	0.00035198873636043646
3414	0.00035198873636043646
1896	0.0007039774727208729
4695	0.008799718409010912
2632	0.00035198873636043646
556	0.00035198873636043646
806	0.00035198873636043646
1536	0.0007039774727208729
4696	0.01900739176346357
672	0.00035198873636043646
4160	0.0010559662090813093
2903	0.00035198873636043646
811	0.00035198873636043646
4697	0.0017599436818021823
3494	0.00035198873636043646
4698	0.007039774727208729
3664	0.0007039774727208729
3363	0.0007039774727208729
4177	0.00035198873636043646
3757	0.00035198873636043646
4099	0.00035198873636043646
3051	0.0014079549454417458
3758	0.00035198873636043646
4699	0.016543470608940514
1220	0.00035198873636043646
3581	0.00035198873636043646
3703	0.0010559662090813093
1524	0.0007039774727208729
2777	0.00035198873636043646
4700	0.013023583245336149
4701	0.014079549454417459
82	0.0010559662090813093
4325	0.0010559662090813093
111	0.0014079549454417458
4361	0.00035198873636043646
2841	0.00035198873636043646
1103	0.0010559662090813093
4212	0.0007039774727208729
953	0.00035198873636043646
3072	0.00035198873636043646
4341	0.0007039774727208729
450	0.00035198873636043646
810	0.0007039774727208729
402	0.0007039774727208729
2161	0.0007039774727208729
1420	0.00035198873636043646
2153	0.0007039774727208729
1798	0.00035198873636043646
1024	0.00035198873636043646
226	0.00035198873636043646
3542	0.0007039774727208729
1803	0.0017599436818021823
735	0.00035198873636043646
4702	0.0014079549454417458
4703	0.0017599436818021823
1623	0.00035198873636043646
4704	0.005631819781766983
1481	0.00035198873636043646
2040	0.0007039774727208729
907	0.0007039774727208729
4705	0.0024639211545230554
3341	0.00035198873636043646
4706	0.008799718409010912
1736	0.0007039774727208729
4026	0.0007039774727208729
4707	0.008095740936290039
3693	0.00035198873636043646
1494	0.00035198873636043646
3498	0.00035198873636043646
223	0.0014079549454417458
4708	0.005279831045406547
1714	0.00035198873636043646
1713	0.00035198873636043646
3698	0.00035198873636043646
4233	0.00035198873636043646
4709	0.005279831045406547
2031	0.0007039774727208729
901	0.0007039774727208729
2374	0.0007039774727208729
4710	0.008447729672650475
4711	0.005279831045406547
1657	0.0007039774727208729
604	0.0007039774727208729
4241	0.0014079549454417458
2590	0.0007039774727208729
4240	0.0007039774727208729
3248	0.00035198873636043646
4712	0.007391763463569166
4713	0.006687785990848293
3147	0.00035198873636043646
1499	0.0007039774727208729
3210	0.00035198873636043646
2078	0.00035198873636043646
3066	0.00035198873636043646
2403	0.00035198873636043646
257	0.0007039774727208729
4714	0.00598380851812742
1531	0.00035198873636043646
3999	0.00035198873636043646
4715	0.009503695881731784
2298	0.00035198873636043646
2079	0.00035198873636043646
4716	0.00598380851812742
3828	0.00035198873636043646
4717	0.004927842309046111
4718	0.009855684618092221
682	0.00035198873636043646
4308	0.00035198873636043646
456	0.00035198873636043646
4053	0.00035198873636043646
1466	0.00035198873636043646
770	0.00035198873636043646
1047	0.00035198873636043646
3536	0.00035198873636043646
2386	0.00035198873636043646
84	0.00035198873636043646
3282	0.00035198873636043646
1974	0.00035198873636043646
1894	0.00035198873636043646
3024	0.00035198873636043646
3126	0.00035198873636043646
4078	0.00035198873636043646
3890	0.0010559662090813093
3939	0.00035198873636043646
4719	0.006335797254487856
671	0.0007039774727208729
1741	0.00035198873636043646
3967	0.00035198873636043646
1438	0.0007039774727208729
4720	0.004575853572685674
3130	0.00035198873636043646
4721	0.00035198873636043646
4722	0.013727560718057022
3719	0.0007039774727208729
4723	0.0024639211545230554
11	0.0014079549454417458
978	0.00035198873636043646
4328	0.00035198873636043646
1899	0.00035198873636043646
4724	0.0017599436818021823
4725	0.003167898627243928
4209	0.00035198873636043646
208	0.00035198873636043646
3325	0.00035198873636043646
4726	0.009151707145371347
1157	0.00035198873636043646
4109	0.00035198873636043646
4727	0.007743752199929602
3173	0.00035198873636043646
1040	0.00035198873636043646
254	0.00035198873636043646
1439	0.0007039774727208729
1260	0.00035198873636043646
3886	0.00035198873636043646
1347	0.0010559662090813093
4728	0.006335797254487856
2891	0.00035198873636043646
4729	0.0017599436818021823
3672	0.00035198873636043646
4126	0.0007039774727208729
4730	0.005279831045406547
4731	0.005279831045406547
790	0.00035198873636043646
549	0.00035198873636043646
1198	0.0007039774727208729
1903	0.00035198873636043646
4732	0.003167898627243928
4733	0.0035198873636043647
1792	0.00035198873636043646
645	0.00035198873636043646
1646	0.00035198873636043646
785	0.00035198873636043646
4734	0.007391763463569166
1419	0.00035198873636043646
1944	0.00035198873636043646
1208	0.00035198873636043646
3382	0.0007039774727208729
1405	0.00035198873636043646
893	0.0007039774727208729
3556	0.00035198873636043646
3245	0.00035198873636043646
4735	0.012319605772615276
1620	0.0010559662090813093
3193	0.00035198873636043646
3639	0.0007039774727208729
1635	0.00035198873636043646
1912	0.0010559662090813093
149	0.00035198873636043646
1406	0.00035198873636043646
4736	0.0028159098908834917
4195	0.0007039774727208729
3268	0.00035198873636043646
4737	0.00035198873636043646
4738	0.011263639563533967
4739	0.0028159098908834917
621	0.0007039774727208729
4036	0.00035198873636043646
3722	0.00035198873636043646
600	0.00035198873636043646
1525	0.00035198873636043646
1680	0.0010559662090813093
2759	0.00035198873636043646
2375	0.00035198873636043646
815	0.0007039774727208729
4740	0.017247448081661388
2875	0.00035198873636043646
4174	0.00035198873636043646
136	0.0007039774727208729
1377	0.0007039774727208729
3395	0.00035198873636043646
1606	0.0010559662090813093
4321	0.00035198873636043646
1802	0.0007039774727208729
1114	0.00035198873636043646
1548	0.0007039774727208729
3043	0.0007039774727208729
3175	0.0007039774727208729
3165	0.0007039774727208729
1319	0.0010559662090813093
2689	0.00035198873636043646
4741	0.004927842309046111
4742	0.004575853572685674
4743	0.015487504399859204
717	0.0007039774727208729
2388	0.00035198873636043646
4744	0.0010559662090813093
4745	0.010207673354452657
1398	0.00035198873636043646
442	0.00035198873636043646
4746	0.005279831045406547
903	0.0010559662090813093
4342	0.00035198873636043646
1019	0.00035198873636043646
4747	0.014079549454417459
1904	0.00035198873636043646
4748	0.0017599436818021823
3119	0.00035198873636043646
4749	0.01795142555438226
3098	0.0007039774727208729
1357	0.00035198873636043646
4281	0.00035198873636043646
2042	0.0007039774727208729
162	0.0007039774727208729
1701	0.00035198873636043646
891	0.0007039774727208729
2284	0.00035198873636043646
2038	0.00035198873636043646
3453	0.0007039774727208729
1871	0.0007039774727208729
4750	0.009503695881731784
4259	0.00035198873636043646
4751	0.02287926786342837
1611	0.0007039774727208729
1539	0.00035198873636043646
3960	0.00035198873636043646
180	0.00035198873636043646
3445	0.0007039774727208729
1839	0.00035198873636043646
4752	0.009151707145371347
2432	0.00035198873636043646
2807	0.00035198873636043646
2768	0.00035198873636043646
2190	0.00035198873636043646
4753	0.003871876099964801
4754	0.003871876099964801
3953	0.00035198873636043646
642	0.00035198873636043646
482	0.00035198873636043646
517	0.00035198873636043646
2937	0.00035198873636043646
2495	0.00035198873636043646
3952	0.00035198873636043646
4755	0.003167898627243928
557	0.00035198873636043646
789	0.00035198873636043646
4756	0.0021119324181626186
368	0.00035198873636043646
4082	0.00035198873636043646
3860	0.00035198873636043646
4757	0.004927842309046111
2431	0.00035198873636043646
524	0.00035198873636043646
1825	0.00035198873636043646
2363	0.00035198873636043646
898	0.00035198873636043646
4758	0.0010559662090813093
4759	0.00035198873636043646
4760	0.0021119324181626186
3213	0.00035198873636043646
1795	0.00035198873636043646
3768	0.00035198873636043646
551	0.00035198873636043646
4761	0.003871876099964801
2122	0.00035198873636043646
3943	0.00035198873636043646
4351	0.00035198873636043646
2360	0.00035198873636043646
4762	0.00598380851812742
4763	0.0024639211545230554
2426	0.00035198873636043646
3044	0.00035198873636043646
421	0.00035198873636043646
1861	0.00035198873636043646
1747	0.0007039774727208729
2647	0.00035198873636043646
4764	0.0024639211545230554
4765	0.004223864836325237
4766	0.007743752199929602
2330	0.00035198873636043646
4030	0.00035198873636043646
4180	0.00035198873636043646
4111	0.00035198873636043646
2070	0.00035198873636043646
1776	0.0010559662090813093
4767	0.007039774727208729
4768	0.006687785990848293
1506	0.0007039774727208729
3389	0.0007039774727208729
2928	0.0007039774727208729
3379	0.0007039774727208729
3641	0.00035198873636043646
2929	0.0007039774727208729
3656	0.00035198873636043646
2995	0.00035198873636043646
4769	0.0007039774727208729
4770	0.0035198873636043647
2606	0.00035198873636043646
1594	0.00035198873636043646
4771	0.005631819781766983
1064	0.00035198873636043646
807	0.00035198873636043646
1387	0.00035198873636043646
4772	0.006687785990848293
765	0.00035198873636043646
1195	0.00035198873636043646
1664	0.00035198873636043646
302	0.00035198873636043646
4163	0.00035198873636043646
4231	0.00035198873636043646
4773	0.0014079549454417458
4774	0.004575853572685674
1947	0.00035198873636043646
458	0.00035198873636043646
4775	0.0014079549454417458
4776	0.004575853572685674
2497	0.00035198873636043646
1129	0.00035198873636043646
4777	0.0035198873636043647
4027	0.00035198873636043646
2353	0.00035198873636043646
4778	0.005631819781766983
3821	0.00035198873636043646
139	0.00035198873636043646
4779	0.0021119324181626186
4780	0.0014079549454417458
4781	0.007391763463569166
4782	0.004927842309046111
4783	0.011263639563533967
4199	0.00035198873636043646
2361	0.0007039774727208729
3992	0.00035198873636043646
3478	0.00035198873636043646
1622	0.00035198873636043646
3134	0.0007039774727208729
544	0.00035198873636043646
253	0.00035198873636043646
808	0.00035198873636043646
4261	0.00035198873636043646
3589	0.00035198873636043646
2170	0.00035198873636043646
3971	0.00035198873636043646
3383	0.00035198873636043646
2959	0.00035198873636043646
4784	0.01795142555438226
4037	0.00035198873636043646
3913	0.00035198873636043646
1159	0.0014079549454417458
4280	0.0010559662090813093
3853	0.0007039774727208729
1426	0.00035198873636043646
4001	0.0007039774727208729
1507	0.00035198873636043646
473	0.00035198873636043646
2983	0.00035198873636043646
1328	0.00035198873636043646
585	0.0010559662090813093
3053	0.00035198873636043646
3207	0.0007039774727208729
4785	0.01091165082717353
4786	0.0010559662090813093
4787	0.0010559662090813093
3138	0.00035198873636043646
4788	0.0024639211545230554
1907	0.00035198873636043646
1479	0.00035198873636043646
323	0.00035198873636043646
74	0.00035198873636043646
4789	0.006687785990848293
2816	0.00035198873636043646
4200	0.00035198873636043646
3347	0.00035198873636043646
4790	0.010559662090813094
4221	0.00035198873636043646
3305	0.00035198873636043646
4083	0.00035198873636043646
4791	0.003871876099964801
2243	0.0007039774727208729
3938	0.00035198873636043646
236	0.00035198873636043646
4792	0.0024639211545230554
3492	0.00035198873636043646
4182	0.0007039774727208729
4793	0.01196761703625484
4251	0.00035198873636043646
1294	0.00035198873636043646
4794	0.003167898627243928
2893	0.00035198873636043646
4795	0.016543470608940514
4173	0.00035198873636043646
4796	0.011263639563533967
4347	0.0007039774727208729
4797	0.005631819781766983
3908	0.00035198873636043646
4798	0.0028159098908834917
4799	0.003871876099964801
4800	0.010207673354452657
4801	0.0024639211545230554
965	0.00035198873636043646
3111	0.00035198873636043646
4802	0.0014079549454417458
4803	0.0010559662090813093
4327	0.00035198873636043646
4004	0.00035198873636043646
4003	0.00035198873636043646
4804	0.0035198873636043647
2166	0.00035198873636043646
2203	0.00035198873636043646
2088	0.00035198873636043646
4805	0.003167898627243928
4021	0.00035198873636043646
4806	0.010207673354452657
1877	0.00035198873636043646
1197	0.00035198873636043646
3643	0.00035198873636043646
2945	0.00035198873636043646
2012	0.00035198873636043646
4048	0.00035198873636043646
514	0.00035198873636043646
3456	0.00035198873636043646
4807	0.0007039774727208729
4808	0.0021119324181626186
1758	0.00035198873636043646
4809	0.005631819781766983
1626	0.00035198873636043646
3433	0.0007039774727208729
1010	0.00035198873636043646
2059	0.00035198873636043646
73	0.00035198873636043646
4810	0.003167898627243928
4811	0.008799718409010912
4033	0.0007039774727208729
1337	0.00035198873636043646
3688	0.00035198873636043646
2343	0.00035198873636043646
4812	0.003167898627243928
2908	0.00035198873636043646
4813	0.0010559662090813093
4814	0.010207673354452657
4815	0.009151707145371347
1373	0.00035198873636043646
3481	0.00035198873636043646
1432	0.00035198873636043646
1581	0.00035198873636043646
2272	0.00035198873636043646
4248	0.0010559662090813093
4816	0.009855684618092221
4817	0.009151707145371347
1670	0.00035198873636043646
4372	0.00035198873636043646
3279	0.00035198873636043646
1001	0.0007039774727208729
2997	0.00035198873636043646
1542	0.00035198873636043646
4818	0.013023583245336149
4819	0.004927842309046111
3896	0.00035198873636043646
4124	0.00035198873636043646
3916	0.00035198873636043646
219	0.00035198873636043646
4192	0.00035198873636043646
1703	0.00035198873636043646
630	0.00035198873636043646
2207	0.00035198873636043646
2312	0.00035198873636043646
328	0.0007039774727208729
4193	0.00035198873636043646
4820	0.004223864836325237
3105	0.00035198873636043646
2228	0.00035198873636043646
4821	0.0028159098908834917
4822	0.0035198873636043647
680	0.00035198873636043646
697	0.00035198873636043646
4823	0.0024639211545230554
4824	0.004927842309046111
4400	0.00035198873636043646
4825	0.005279831045406547
4826	0.0014079549454417458
4827	0.006687785990848293
1202	0.00035198873636043646
246	0.00035198873636043646
2277	0.00035198873636043646
1201	0.00035198873636043646
773	0.00035198873636043646
2000	0.00035198873636043646
3112	0.00035198873636043646
1518	0.00035198873636043646
1869	0.00035198873636043646
4828	0.007391763463569166
307	0.00035198873636043646
2614	0.00035198873636043646
4829	0.0035198873636043647
4830	0.032382963745160157
3421	0.00035198873636043646
1400	0.00035198873636043646
3011	0.00035198873636043646
700	0.00035198873636043646
4226	0.00035198873636043646
1830	0.00035198873636043646
3087	0.00035198873636043646
715	0.00035198873636043646
3313	0.00035198873636043646
3662	0.00035198873636043646
4190	0.00035198873636043646
2729	0.00035198873636043646
355	0.00035198873636043646
3259	0.00035198873636043646
3801	0.00035198873636043646
2421	0.0007039774727208729
2971	0.0007039774727208729
1785	0.00035198873636043646
3396	0.00035198873636043646
1884	0.00035198873636043646
1428	0.00035198873636043646
1070	0.00035198873636043646
4831	0.003871876099964801
4112	0.00035198873636043646
3163	0.00035198873636043646
4832	0.00598380851812742
1132	0.00035198873636043646
4833	0.0017599436818021823
4834	0.0017599436818021823
1717	0.00035198873636043646
2577	0.00035198873636043646
3500	0.00035198873636043646
1848	0.00035198873636043646
4835	0.0010559662090813093
1601	0.00035198873636043646
4836	0.004575853572685674
1344	0.00035198873636043646
4837	0.015135515663498769
809	0.00035198873636043646
4302	0.00035198873636043646
3188	0.00035198873636043646
4838	0.0024639211545230554
4839	0.0010559662090813093
4840	0.0010559662090813093
4841	0.008095740936290039
772	0.00035198873636043646
2909	0.00035198873636043646
1491	0.00035198873636043646
3687	0.00035198873636043646
4842	0.0021119324181626186
4843	0.004575853572685674
4844	0.018303414290742694
3965	0.00035198873636043646
3288	0.00035198873636043646
2026	0.00035198873636043646
834	0.00035198873636043646
4364	0.00035198873636043646
3681	0.00035198873636043646
2238	0.00035198873636043646
1609	0.0007039774727208729
2920	0.00035198873636043646
2502	0.00035198873636043646
3327	0.00035198873636043646
4068	0.00035198873636043646
793	0.00035198873636043646
653	0.00035198873636043646
3909	0.00035198873636043646
192	0.0007039774727208729
227	0.00035198873636043646
1712	0.00035198873636043646
2710	0.00035198873636043646
3644	0.00035198873636043646
4845	0.005631819781766983
4846	0.005631819781766983
4847	0.004575853572685674
4848	0.012319605772615276
2119	0.00035198873636043646
2510	0.00035198873636043646
3431	0.00035198873636043646
3221	0.00035198873636043646
1850	0.00035198873636043646
984	0.00035198873636043646
2411	0.00035198873636043646
779	0.00035198873636043646
3544	0.00035198873636043646
483	0.00035198873636043646
3256	0.00035198873636043646
4849	0.010207673354452657
4850	0.003871876099964801
2503	0.00035198873636043646
1878	0.00035198873636043646
2991	0.00035198873636043646
2792	0.00035198873636043646
4851	0.00598380851812742
2261	0.00035198873636043646
3027	0.00035198873636043646
4852	0.017247448081661388
64	0.00035198873636043646
1621	0.00035198873636043646
854	0.00035198873636043646
4107	0.00035198873636043646
3161	0.0007039774727208729
1413	0.00035198873636043646
3857	0.0007039774727208729
4853	0.009503695881731784
1459	0.00035198873636043646
4058	0.00035198873636043646
4854	0.007391763463569166
4855	0.012671594508975712
3866	0.00035198873636043646
3368	0.00035198873636043646
1180	0.00035198873636043646
97	0.0010559662090813093
4856	0.0028159098908834917
4857	0.003167898627243928
4035	0.00035198873636043646
3269	0.0007039774727208729
4013	0.00035198873636043646
4858	0.009855684618092221
3774	0.00035198873636043646
1436	0.00035198873636043646
4161	0.00035198873636043646
4859	0.014079549454417459
1881	0.00035198873636043646
1729	0.00035198873636043646
1425	0.00035198873636043646
4860	0.0024639211545230554
4861	0.0024639211545230554
2163	0.00035198873636043646
4303	0.00035198873636043646
2821	0.00035198873636043646
2147	0.00035198873636043646
4862	0.007391763463569166
1249	0.00035198873636043646
486	0.00035198873636043646
1597	0.00035198873636043646
4863	0.0017599436818021823
397	0.00035198873636043646
4864	0.0021119324181626186
2702	0.00035198873636043646
4072	0.00035198873636043646
4865	0.015487504399859204
1599	0.00035198873636043646
995	0.00035198873636043646
4866	0.0021119324181626186
4867	0.0017599436818021823
3583	0.0007039774727208729
3443	0.00035198873636043646
4868	0.006335797254487856
3972	0.00035198873636043646
1329	0.00035198873636043646
1261	0.00035198873636043646
256	0.00035198873636043646
4869	0.012671594508975712
2947	0.00035198873636043646
1552	0.00035198873636043646
3068	0.00035198873636043646
1743	0.00035198873636043646
4870	0.004223864836325237
4409	0.00035198873636043646
2977	0.00035198873636043646
4871	0.010207673354452657
1634	0.00035198873636043646
4872	0.004575853572685674
3307	0.00035198873636043646
4873	0.0014079549454417458
3142	0.00035198873636043646
4874	0.010559662090813094
463	0.00035198873636043646
1112	0.00035198873636043646
3550	0.00035198873636043646
3293	0.00035198873636043646
3286	0.00035198873636043646
667	0.00035198873636043646
1079	0.00035198873636043646
1136	0.00035198873636043646
2537	0.00035198873636043646
3292	0.00035198873636043646
4875	0.008095740936290039
4876	0.008095740936290039
340	0.00035198873636043646
723	0.00035198873636043646
86	0.00035198873636043646
1315	0.00035198873636043646
1797	0.00035198873636043646
4877	0.003167898627243928
4878	0.007039774727208729
2016	0.00035198873636043646
447	0.00035198873636043646
4879	0.0014079549454417458
4880	0.0017599436818021823
3320	0.0007039774727208729
4881	0.0010559662090813093
2007	0.00035198873636043646
4882	0.005279831045406547
3403	0.00035198873636043646
4883	0.005279831045406547
4884	0.003871876099964801
2602	0.00035198873636043646
2695	0.00035198873636043646
868	0.00035198873636043646
2643	0.00035198873636043646
3551	0.00035198873636043646
3991	0.00035198873636043646
141	0.00035198873636043646
4885	0.0014079549454417458
3267	0.00035198873636043646
2103	0.00035198873636043646
4886	0.01091165082717353
1429	0.00035198873636043646
4887	0.007039774727208729
4106	0.00035198873636043646
1842	0.00035198873636043646
2470	0.00035198873636043646
4888	0.0035198873636043647
4889	0.0028159098908834917
2696	0.00035198873636043646
4074	0.00035198873636043646
1134	0.00035198873636043646
3095	0.00035198873636043646
3315	0.00035198873636043646
4890	0.003871876099964801
1980	0.00035198873636043646
4891	0.0007039774727208729
4892	0.0035198873636043647
4893	0.0017599436818021823
2025	0.00035198873636043646
4894	0.01689545934530095
2101	0.00035198873636043646
1461	0.00035198873636043646
4895	0.0035198873636043647
339	0.00035198873636043646
396	0.00035198873636043646
3832	0.00035198873636043646
1122	0.00035198873636043646
4334	0.00035198873636043646
802	0.00035198873636043646
4896	0.0035198873636043647
4897	0.003871876099964801
4244	0.00035198873636043646
4898	0.0014079549454417458
4245	0.00035198873636043646
4899	0.004575853572685674
4900	0.005631819781766983
760	0.00035198873636043646
4901	0.0014079549454417458
4902	0.0017599436818021823
1052	0.00035198873636043646
4903	0.006687785990848293
4904	0.0024639211545230554
1608	0.00035198873636043646
4905	0.0014079549454417458
4906	0.0014079549454417458
4046	0.00035198873636043646
4907	0.0035198873636043647
4908	0.0035198873636043647
3369	0.0007039774727208729
4114	0.00035198873636043646
3725	0.00035198873636043646
2642	0.00035198873636043646
3726	0.00035198873636043646
3442	0.0007039774727208729
3584	0.00035198873636043646
2513	0.00035198873636043646
1816	0.00035198873636043646
2221	0.00035198873636043646
4909	0.003871876099964801
