5910	0.003989279207534858
5911	0.0022311796211923127
252	0.004901700301122574
2979	0.00024646350457370925
1194	4.363947127605284e-05
323	3.0708692783638585e-06
637	0.0
400	0.0016455677634342161
410	0.0
597	1.6081857667684185e-05
1458	2.84303018785292e-06
2034	0.0
4573	2.9959292818049856e-05
274	0.005691786857303959
1033	0.00012095957469716982
2328	2.9343421619205054e-06
1180	4.4960939037220354e-05
1534	8.466286008725131e-05
3826	0.0006674319406202048
1633	8.898797276410268e-06
3873	0.000323655758244904
151	0.00048257085186429485
1435	1.8300833943771665e-05
63	0.0910241944040141
112	0.026137298126691338
152	1.2091611852193024e-05
787	0.0007019224328078272
499	0.0
980	0.0006813524177802743
272	0.0031198608952043966
40	0.06939674530178348
5912	0.0012207311863089566
5913	0.0006280067073663501
3211	0.0
796	0.002009949029592331
4117	0.0
1379	0.0030256334847654585
749	0.0032381660562974986
592	0.00758880983409199
3653	0.0
513	0.002253929081735855
617	0.00189719038926733
5914	0.0022985833856476816
5915	0.0027055602780221874
299	0.0015709621254138902
686	0.000636008730800326
792	0.00033021317130972497
94	0.06421434928799899
3852	0.0012283577559791049
215	0.0004177327804990577
443	0.0001624911352314911
2622	0.0
1006	0.0012287776281475185
5340	0.0
5644	0.0002697528761215423
14	2.154433122358538e-06
4094	1.1425035451637626e-05
965	6.163350159622377e-05
4645	7.654635444582602e-05
232	0.0006856697087836983
55	0.0003258333439286645
814	0.002654078653772853
69	0.05792821411072294
3080	2.8743874533261027e-05
913	4.4184636776752864e-07
189	0.07177175534566964
3428	0.00011931924322739267
1084	7.256780748717489e-05
2535	2.0747587105534682e-06
1805	1.2651973199689507e-06
1582	2.7659064148203524e-05
106	0.04552651941815692
9	0.008614520384330332
4726	4.889681741253935e-05
75	0.0037050069927410043
1201	0.00016175021128139687
5771	7.263964202532777e-06
20	8.002630086253317e-06
5152	1.1807396312368972e-05
27	0.0004463491324212873
3601	3.307586236342984e-05
1425	0.0001165421575913404
21	0.2974340025335736
88	0.0042557539148588355
5916	0.0016851063063660818
5541	1.1226704322998064e-06
5622	8.594191934156712e-05
4941	1.1226704322998064e-06
3271	0.00021517010709932427
176	3.6491502339949775e-05
2667	0.0
3712	3.7441394926632524e-05
5756	4.0321156700819755e-05
618	8.954541428843763e-05
384	0.005615500820464238
101	0.009750898188363727
3341	7.968724473927371e-06
1590	0.0001700292574441643
3042	6.887605315213747e-07
5917	0.0016983887464108772
671	1.906542210633863e-05
3538	0.0009339607916598181
2372	9.89286932059559e-06
128	0.0006901872535588513
4001	1.853577646891902e-05
283	0.0004531804436767729
3451	1.6129281102159374e-06
48	0.00266279261175602
1128	9.789608242743875e-06
67	0.00042998516675447706
357	0.013753633402255128
904	0.00016566434830873964
3005	0.001328549725283168
1222	0.002405203070802518
4872	8.84757355630895e-07
179	0.0018065537074052676
1399	8.676944369791764e-05
5918	0.0019296886958198815
5243	4.559043984520801e-06
5775	5.6396553274426525e-05
583	3.769407326748313e-05
1075	0.0
4442	0.0
5919	0.0008969986189525176
1653	0.0
1143	1.5572964188699204e-05
1955	5.443944539216332e-07
5920	0.0017429515390197925
1153	0.0014467932111995165
1127	4.884814928917983e-05
2315	2.632515009259346e-06
3872	1.946950005179376e-05
601	0.0004539150716038328
1343	1.4922836172681347e-05
3331	7.924238504995875e-05
5651	2.2579083963528572e-05
3084	0.0007979714079629158
3474	9.170573377130137e-06
34	0.00770410997625308
791	0.00015331342291779432
2298	7.609063407534662e-05
3362	7.895744317070332e-05
1809	0.0
2281	0.0
366	0.002752862035152648
199	7.951001795453815e-05
211	0.0001816007204705014
4925	8.288487932304682e-05
3276	0.001776365703401037
492	1.8614883766160859e-06
644	0.00019151464557814899
5921	0.002077623331878378
3169	0.0
3772	0.0
3487	0.0022334520775666115
4	0.0037959573251109676
3283	0.0
2035	6.8932392333418835e-06
822	0.004696458413157947
5922	0.0006860022554546359
604	2.0905883311921688e-05
2374	6.35627137851396e-05
1333	0.00296617180422375
925	7.252025004946948e-06
1295	0.0
1522	0.0022320949736073176
606	0.0002331589031333592
5923	0.0025237771315988694
1977	0.0004526727769334009
556	6.324346352077145e-07
371	0.00012638477320181353
292	0.00023672422391014165
2966	2.7681507130199628e-05
1536	0.00013894250857471953
4544	2.7515562886467397e-05
1259	0.0005714161104956456
1877	0.0002649223290345963
3074	4.1489603165916294e-07
883	3.149866725072776e-05
1211	0.0
3798	4.9352634918846866e-05
706	0.0001104264465083545
5924	0.0015944180776740592
1503	1.1491607189326055e-06
3288	0.0
5722	0.0
4253	0.00010207449429735825
233	3.643093783394393e-06
2927	9.304778106405213e-05
5664	3.204418951711826e-05
5925	0.0018067024184360082
3633	0.0006224125995276659
428	5.418506441521768e-05
391	0.00024914146847875615
3790	0.0006123230777256687
61	0.005745124503306675
665	1.2337500501350833e-06
1290	0.0
3579	0.0008066492906366072
5703	0.0
25	0.002736244658466102
731	0.00043652171042172843
127	1.779572799316595e-05
3452	0.0002822263753124738
1223	3.418706359154752e-05
5926	0.0018384969876614156
716	0.0006315498636385519
2972	0.00029303378074654673
4329	0.0045977107778386135
388	0.0004309976707915569
717	0.00015062247216238183
4830	0.00014179121726734227
98	0.000479089962193442
1684	0.0002468642999234869
3450	0.00037714643715294115
502	6.693978296715801e-06
3782	0.00025433110152038954
4554	0.00011920016745055239
4039	0.0001435310241799349
119	0.0011745799527078111
3409	0.0003692785529096109
134	0.004016374761892952
33	0.0013492140573716665
5731	0.00011167222575144964
1445	0.00046699321082579266
309	0.00014091955137813465
3054	0.001035923373389938
1562	1.5002005963884751e-07
1447	8.884681065545942e-05
403	0.000495949971649495
494	0.00012602382375064908
1248	9.07486269757731e-05
157	0.0002854736831959728
1207	0.00010795243173018528
1139	0.00023890838925426003
759	0.00011018965712766568
325	0.0004068417524960216
5927	0.002120749410257671
605	5.495438385187095e-05
2007	1.8191271489063797e-05
2968	1.9212716174304985e-05
316	0.0011041486525564183
1759	0.0
5532	0.0
579	0.00013219293859219604
568	2.1580189427694613e-05
19	0.0006248464820710173
3401	0.0
3661	1.3425824247655607e-05
4852	0.0004970684062141842
286	0.0001248772950146608
2611	0.00029641799193410185
5928	8.304301790031766e-06
39	0.0
5929	0.0027673971529681603
158	1.4429637848520469e-05
4265	1.3931557337873265e-05
1826	2.240091002948784e-06
3065	0.0001342033543441594
983	3.909477125697197e-05
2137	1.2271004351223713e-06
1092	0.0
569	0.0007618744726402509
468	5.497494093752896e-05
793	1.576669945841311e-05
4757	2.3146868572291975e-06
2425	0.0001179148422368534
4631	9.273741463745209e-06
1069	2.4163513910123053e-05
5930	0.0034739861604841664
1260	0.0
1299	0.0
1359	0.00028567365843233444
3920	0.0
5121	0.0
28	0.0003662749295496094
4287	3.934148088092512e-06
4576	0.0
5096	1.8049999699328164e-05
1502	0.0
5931	0.002333340569313828
5932	0.001314951901389821
434	0.00038118979569663964
1960	1.2386175171839766e-05
762	0.0001767385209669979
109	0.0007385149256246237
3851	8.927436515845309e-05
4454	3.5968691475930385e-06
977	0.0003074117660918865
1581	1.4947436147256595e-05
4289	3.5163335278862394e-05
4372	2.1384279054650587e-05
1270	0.00019120767859762263
3469	9.20932892441816e-05
985	0.00031911915886221535
2995	6.364640581231235e-05
3225	1.0515757475854435e-05
5933	0.0019040059715864828
529	2.3656690796324857e-06
676	9.386486260172991e-05
4494	0.0
3412	0.002767323570436923
4890	0.0
657	0.0019013890110289237
5832	0.0
649	0.004717224734777095
3158	1.945145143651445e-06
5934	0.0018759364504508942
5935	0.0011030437061761414
1289	0.0
4557	0.0
1288	0.0
2773	2.6490792304946893e-05
5936	0.0017185557188408238
1099	2.2044833930751543e-06
708	0.0005191344724528912
3447	1.2287298295542187e-05
859	1.5510558932076436e-05
3754	3.856665102871007e-05
423	0.0008220884074715206
1115	0.0006141986169869803
4049	0.0
70	7.840072756656763e-05
5937	0.0032259590693448715
5938	0.010280649119933226
677	0.00021402404527937454
4533	4.8490198122142144e-05
4967	0.0
3679	0.00011306910314819369
258	0.00013196146528679742
3226	2.436142969731895e-05
4952	0.0
5548	0.0
4294	5.572459294614472e-05
2	0.0021212020047066842
362	0.00012853195984919408
3877	0.0004086505985777212
2389	2.5093623602782533e-05
392	0.0018828717358667657
56	0.0
5276	7.460262268406452e-05
294	0.00040013657033757534
4960	0.0
3496	1.0764980934990332e-05
4199	0.0
5185	0.0
4480	0.00013790139327740005
4559	0.0
3853	0.0
4680	0.00014340255429057732
603	0.00011086748633738023
1985	0.0
645	0.0
4658	8.894869857849582e-05
988	0.00012587613526323708
1720	4.739562974391258e-05
5059	9.395114233491295e-05
235	0.0
2330	2.3031636198036334e-05
4430	0.0
3136	0.0
1037	0.0
3036	0.00024310947723410085
1054	3.567211651962603e-06
3307	0.0
1147	0.0
4225	0.0
1381	0.00011144849586013142
4917	0.00035884387091848004
3010	0.00017033467814878974
4177	0.0
5939	0.0027477367537030164
5734	0.0
916	0.0
4833	0.0
2488	0.0
5522	5.704756932513561e-05
3842	0.00020024349965594348
5940	0.0004467265963132031
1286	0.00019340456020346995
1688	4.210381342735321e-06
5941	0.00652117517135953
418	9.889164703572518e-05
1179	3.6416988764974795e-05
4860	9.545415897882696e-06
5942	0.006506188434588886
5464	0.0
2909	4.45985390361059e-06
3776	0.0
117	0.003519575947784073
4950	0.0
724	0.00013124885267718243
1188	9.252253571806021e-05
3894	0.00014707245082999572
450	0.0
3968	0.0
2917	0.0
1899	0.0
3753	0.0
5078	0.0008413105743701192
3424	5.577565183648363e-05
1662	0.0
4026	3.0738347852656194e-05
4297	0.0
3752	0.0
406	0.0006476717468350213
1842	0.00011204644440162962
2028	8.651128144188264e-05
4298	9.890462783309896e-05
5566	2.2382348589890575e-05
2981	0.0
2806	0.0
4409	3.424931153232165e-05
1919	7.010934324824255e-05
3607	0.0
5943	0.0017892757296520542
3376	5.446685459994794e-05
2695	2.769744059139582e-05
2643	0.00047329374083639403
472	0.00025081425224902465
3284	0.0003259336287246061
4144	2.6656901990394905e-05
1929	0.0
3991	1.4688355672816696e-05
2602	3.523689759558711e-05
3191	0.00010213666231409148
3551	2.769744059139582e-05
1808	0.00016507347872765345
4151	1.642871836274752e-05
3500	1.1498396356310881e-06
5944	0.0006452875986615029
5945	0.00048064184123564497
3597	0.00019383004541876777
647	8.134229659936845e-05
3086	3.29589027983108e-06
4028	4.7727034391182955e-05
16	0.00011170288080385305
322	0.003276576949484198
191	0.0019092979873729697
159	0.000297542203785022
4628	6.68465413454838e-07
999	0.00031085071480202247
4959	4.017985292151535e-05
5946	0.0021509061698545243
3044	7.791123573527708e-06
386	0.0008869980956241608
4511	0.0
4202	2.0907489755188625e-05
889	0.0006226704819417406
566	0.00016755285133706547
950	0.00011635884406485136
1889	6.04967210553281e-06
282	0.0011110893065832842
231	3.891597226059271e-05
3004	0.0
420	0.00011432755400219463
3199	5.9065995351132405e-05
5947	0.020813477549765386
4951	0.00012809525832648106
5355	8.968671044905316e-06
3751	1.26090852793855e-05
5368	9.085576406963246e-05
534	0.0006666604383901079
3267	0.0
976	0.0008677860608781835
5002	5.5857446134190074e-05
4871	0.00037910039547524695
2957	3.857561909608819e-05
4192	0.0
3094	3.814062323689346e-05
5905	2.595187113208592e-05
4566	2.081123035432162e-05
4646	0.00011908431305673345
933	0.0
1296	0.00010085716958568916
5588	0.0
1525	6.55091830499883e-05
4367	5.05738892877354e-05
2960	0.0
2656	0.0010953228576478973
5748	0.0
5511	0.0
4812	0.0
1045	0.0016536792491289541
1265	0.00013823159177184092
5056	7.848971600062096e-05
5319	0.0004912013253334383
5186	6.967869226158031e-05
2751	0.0
2915	0.0
3940	2.3060044219428137e-05
4811	3.122839064994411e-05
4453	1.637628119882996e-05
3448	5.046324865342962e-05
4465	0.0004653043276449763
2148	4.135039283310698e-05
1963	0.00017665754515328115
5552	4.71305163886988e-05
329	1.655213608514721e-05
5453	0.0
1496	2.7875665721164785e-05
536	9.512763389818153e-05
1242	0.00013291509194289438
5948	0.0008247266055269213
5626	2.3118987303393283e-06
4926	0.00011406746120157064
4168	0.0
5094	7.96468474310598e-07
3552	0.00014483808306285387
4186	5.6483968684586566e-06
4213	0.00015957263565019735
483	0.00029462366126218757
3375	4.53132565774368e-05
3628	0.0007275575008580118
5402	0.00018273806086521155
5766	0.0003025743518869722
5949	0.0011736420344018467
1744	0.0001582966574701438
1914	0.0
1360	3.3463798771770443e-06
1308	0.0004179262978514053
5950	0.003192618045931598
4766	5.3484274951899054e-06
3192	0.00022759615319581665
416	0.0005401109703442636
1120	8.830631788361026e-06
5215	1.133598607182458e-06
4167	0.0
4765	7.41998007971117e-05
379	0.0003188671872075282
3120	0.0
6	0.0004229295311302544
2518	1.8259489546782814e-05
1934	0.0001231852992140633
685	0.0
5951	0.0030704617860179634
375	6.7748623384294776e-06
3070	1.5385259495368782e-05
1327	0.00027567014642298143
1676	3.214468018836117e-05
928	0.0008502881953676559
695	0.0
1405	0.00013572429124695257
3398	5.0324741690235665e-05
641	1.5383818415248236e-06
1206	0.00021159567686047614
278	0.0010270164290811256
5952	0.001408885006319872
5953	0.0007603283952666175
285	0.005332091603372335
1621	4.299563093601344e-06
5104	8.675800506150431e-05
1378	4.488812112791781e-06
5697	1.3782097545019723e-06
1224	7.679843511337357e-05
3899	0.00028478571263868896
3404	2.422157176239901e-05
3843	9.01138830782864e-06
4316	5.721836029245852e-06
1500	2.4097219606539628e-05
4250	0.0003428723516611794
5954	0.005072873708136603
3317	5.112726484287981e-05
3177	0.0
3393	3.662511645679319e-05
3708	8.620746366785915e-05
4677	2.8755041901888075e-05
1773	4.607357301809304e-05
1488	0.0005898181731587679
946	0.00014059388821386072
4310	4.333652222482237e-05
2931	0.00013201197162493605
4954	2.2403890601088125e-05
1509	8.620746366785915e-05
774	0.00019459422611243498
1599	8.662286533568364e-05
3709	5.170793076123912e-05
1063	0.00048630422882512016
2335	0.0
2839	0.0
3052	0.0003864146264871393
1094	0.0
32	0.00020748791657975268
5030	8.229824068358621e-05
2250	1.932872694965811e-05
948	8.662286533568364e-05
3756	7.183150323316427e-06
5955	0.0007922028361092571
404	7.868203772794357e-06
5725	6.067933814107095e-06
539	0.00013901566228993468
2172	9.433270351643844e-06
5247	0.000155772938113795
139	0.0
5956	0.0019516863818495878
2226	5.72693839558589e-07
23	0.0008350027238762628
147	0.0
2678	8.789840498162884e-07
629	0.0005111927811598358
3741	0.0016094092397020486
4166	1.4218254289951237e-06
559	0.00041009584921979374
730	0.0003285114946840768
990	1.616008642635763e-05
426	0.0006647572740155206
45	1.9147432034005666e-05
3802	0.00013541965950625157
5957	0.0021507088774249633
1651	0.00013169580826574218
479	3.510933184306866e-05
4582	3.5878478123847e-05
3563	0.00011625857202607528
4603	9.399852337397834e-06
5761	0.0
2270	2.1625088181183195e-05
5818	0.0
338	0.005305493141669925
1235	2.589607869244859e-05
801	0.00020769720229996442
1543	0.0
4723	0.0
5958	0.0017953336879613859
862	0.00045462645312964765
978	9.631515443089638e-06
5959	0.0009671478780542978
5960	0.0016420398959622726
2594	0.0
3274	0.0
5961	0.00475216238187825
3670	0.0
1053	2.281997446793541e-05
5816	0.0
5757	1.9452588603385505e-07
1199	0.00013676076099865888
697	7.79131383461595e-06
4392	0.00048422065071312574
30	8.9679350677378e-05
3078	1.9452588603385505e-07
138	0.001078557476641418
1080	1.9452588603385505e-07
3323	0.00017130950624622045
1657	0.0
3669	0.0
3711	1.9452588603385505e-07
4914	5.270157358391945e-05
5217	0.0
4348	8.214939256321494e-06
5962	0.002828098083783172
1689	0.0002459314265195722
5855	2.6927237302214508e-05
5358	1.759133789968017e-05
269	0.0014439775986997095
154	2.9110259053837247e-05
3777	3.08884281104255e-05
3744	0.000389755300444938
385	0.0
4688	4.268716626393913e-06
3205	0.0001124709810687656
4335	0.00026221102606138795
5963	2.0237007829541532e-08
5964	0.0027029222769922086
4467	0.0003754227750697221
874	6.952277797843237e-07
3161	3.0950791629786754e-05
3179	0.0
1237	0.0010869055642635011
3379	1.4697235988254381e-05
1433	9.656895360928382e-05
4858	1.7191035690294458e-05
689	1.740249903300576e-05
2369	1.9272656553091707e-05
4118	1.2753980952281816e-05
520	1.8625185208603806e-05
85	2.921272132496428e-06
886	7.49449194725263e-05
5720	0.0
314	0.00022089105877079557
5965	0.0005593138933882982
2712	0.0
5966	2.3771873646355426e-06
5967	9.696621500106738e-07
3138	2.863533536750271e-07
4327	0.0
4803	0.0
5968	0.0006803671038802297
275	7.44834170793929e-05
447	1.9533648766710795e-05
5783	1.8494418041343776e-05
224	0.00011231071992948034
46	1.2686581986290432e-05
1103	0.0001135661185702498
394	6.499841104641448e-05
1548	9.505938373000923e-06
217	0.00031141249558972015
3951	1.0724171278982239e-06
1377	3.3826294788351885e-06
4607	0.00011890876394365856
2169	7.60571940830924e-06
5969	0.003155479040006325
126	0.0008919044598839716
5083	8.170922097826825e-05
3632	0.0
3180	0.0
442	0.00019934396323175192
2519	0.0
1956	0.0
2832	0.0
1261	0.0
4090	7.806038449914701e-05
59	2.6750672124030036e-05
5970	0.00022601710023983427
1586	0.00040345609398832906
783	1.2046360764947304e-05
1294	2.7711224840606273e-05
735	6.168165806569898e-06
5971	0.0007725767067735778
5300	8.128235863850909e-06
2465	0.0
2718	6.452059789114689e-07
5972	7.529721310060517e-08
5973	0.002083747840734559
5067	8.945334643661562e-06
5203	1.5544422901756466e-05
5326	0.0
4216	3.7722540066192943e-06
2311	0.0
4639	1.9155327492718032e-05
3499	0.0
2089	2.9547369843739117e-05
5580	7.653086395477187e-06
5974	0.004865437279099643
5975	0.005497461737940932
2029	0.00010934463122771303
1862	4.281175630787328e-06
4958	3.419240753500702e-05
4472	0.0
79	0.0003716126732135149
5557	5.53260163837455e-05
5865	4.168500567962353e-06
1374	0.0002114116307610009
72	1.9074057324777826e-05
3000	2.3060257779893137e-05
5508	0.0
2200	0.0
3380	0.0
737	0.00015796528923090692
4604	0.0
1767	0.0
4883	1.6017238500308942e-05
5134	0.0
4897	0.0
1124	0.00013726281161584666
4161	5.552538392785132e-05
4037	0.00020319557918836934
1814	0.0
4350	2.0625027089590763e-05
4171	5.3299491423127464e-05
3580	0.0
187	0.0
892	5.673928786085705e-05
5976	0.00015731873218638
2935	0.00012101417720821164
4595	6.877877804066929e-06
5977	0.002454059374144194
3757	0.0
3893	0.00012431896806570008
3886	1.978272604506548e-05
1910	2.5978516962972495e-05
2385	2.1059759590062612e-06
5527	0.0
5841	1.653365421731678e-05
2379	0.0
5978	0.003937865597288013
5979	1.6255812376146824e-05
3348	9.127967166274539e-05
3689	0.0
5518	0.00010154328478291279
4275	2.540247732256857e-05
3647	3.1930635889480188e-06
610	0.00030163581178605734
4640	0.0006219572487052055
3685	0.0003726223718945405
2119	5.350834936431227e-06
4690	0.0
1564	0.0
5980	0.0017441373237221055
812	0.0
4903	1.1188264034626083e-05
3150	0.00012005034540831168
123	0.0003273134844586021
5525	6.515839864531438e-06
3023	2.0354570725414423e-05
5981	0.0006387119511589306
5160	4.2926740179672405e-05
1740	2.638916354208578e-06
5982	0.0015135346311524812
3353	2.2629072865003554e-06
3606	0.0
284	0.0005124480775484016
3386	1.9511213800795095e-05
1300	1.0606338078796388e-05
768	3.2634644938938684e-06
3485	1.4353747345469507e-05
5983	0.0021148399086563558
2349	3.294370743586479e-05
1334	2.706090250758745e-06
3627	0.0
1892	2.5194943379495747e-05
5669	0.0006533650056767642
4121	0.00014100822313077832
5984	0.0006057868128807418
2823	5.849724131459679e-05
444	0.0005388572154841673
290	0.0014243591396757088
5985	0.0018499493267919553
2216	1.0958730738899277e-05
3885	0.001159773455119481
661	6.8347892663272e-05
3815	2.6301600362322564e-05
713	0.00034921107204685306
4614	4.631825680194808e-07
5986	0.0020664284739986146
2131	5.2279100708478366e-05
5225	6.0493415298586554e-05
4456	3.42034662849927e-06
869	0.0002386699679601501
113	0.0017803129056810473
2635	0.0
1148	0.00041294907090427943
201	0.0017099945314234494
519	0.0006811089052161448
1383	4.9772945757834146e-05
5690	0.0
5987	0.0016403043017340475
3618	7.262079804132221e-06
422	1.7393500140416327e-05
2627	2.688761782378886e-06
1247	0.0003748540991644242
1023	0.001344387095982557
485	0.0003906647683580189
4548	4.5563376073902106e-05
1178	0.0015429773270269672
5988	0.0002642263324623011
5989	0.003100392436038278
177	1.7246205688168094e-05
766	0.00020497510010760608
1840	0.0002890587272343405
2541	0.0
4154	0.0001581087700625163
1107	0.0005629512106718239
2470	2.487230084251556e-06
3835	2.487230084251556e-06
3021	0.0003317588958695363
3303	0.00042587547183733096
5562	4.73744084300082e-05
764	0.00029502384715179256
2872	0.0
5990	0.0011502346718222864
543	2.733728526756588e-05
5991	0.00011866936106052832
4969	1.772524732951475e-05
702	2.3356834898691043e-05
1529	0.00013603226817620047
508	0.0010559489751533911
4948	2.418334095110258e-06
5992	0.0021725295925104867
5993	0.0019864568235040186
3678	1.3498262785429812e-05
89	2.3757030489997062e-05
4875	6.632674942602243e-06
1608	0.0
727	3.345018459956135e-05
1680	2.175454883351555e-05
340	0.00015296691807604733
873	2.3605818213520244e-05
1315	0.0
1019	1.4341550290596802e-05
1314	2.0275651959453497e-05
429	1.8938930132448866e-05
3223	4.434669817719494e-06
5994	0.0033684481168403334
3868	1.6577258555290236e-06
856	0.0
1060	3.454179199675464e-05
1708	0.00021615230159499247
1312	3.008597976846511e-05
1031	4.806940786880249e-05
2778	0.0
2499	5.587153087334227e-06
5008	3.898639968378169e-05
876	0.0008778225576055192
2891	0.0
5540	8.339579351578925e-07
3849	0.00044874561049342964
2072	3.277312867387506e-05
5995	0.001979402212903957
548	0.0004264644171688367
4020	2.755809050629733e-05
3974	0.00030186651468039577
3186	9.034207428857287e-06
1714	4.319606225678854e-06
863	5.650523288345982e-07
4740	5.606982554983209e-05
327	0.00011917600708798245
3157	2.8239811174710446e-05
5996	0.008892061025377365
3436	0.0
5178	0.0
5709	0.0002679244441849327
92	5.477037617167215e-05
3321	0.0
110	2.3407160088543792e-05
3594	4.814181739430358e-05
4654	1.4533141105942575e-05
3016	6.077912752992128e-05
2447	8.390728649680676e-05
2943	4.25159155343104e-05
4088	6.136057033648484e-05
968	3.789552537479806e-05
1760	1.133870856700344e-05
4934	1.0667232728657956e-05
895	9.144522656335558e-05
1448	0.0
758	0.0002489023886427507
5884	0.0
3495	0.0002583611600868142
3863	3.772385357720012e-05
908	0.00032234130738130717
352	0.0
4706	0.0
2126	0.0
3999	8.625353210839432e-06
703	3.82627779292374e-05
1649	5.4254907434910267e-05
2959	0.00011945926102741303
1636	0.00014646515129176216
194	0.0006184308729831848
3020	0.00011409903247340171
1550	6.650231006210043e-05
293	1.5191745891100607e-05
467	0.0004364097228811979
4534	3.2093261220678225e-05
5997	0.0022574160380511602
2438	8.833809199215659e-05
2278	0.00023996225959014913
4369	1.0079572102027716e-06
4018	0.00025952079019036573
1344	2.65905452620514e-05
237	8.571541724177617e-05
1466	3.67716537546897e-06
818	7.232220100462683e-05
511	1.7114753916877257e-05
5998	0.001443122279065711
827	7.101845247422099e-07
654	7.8733760636073e-06
1931	1.1582682709528433e-06
132	0.0003023555719453432
1902	1.6296109859197378e-06
5999	0.001786438000560897
451	0.00010205993101758112
855	2.6010474737908273e-05
3783	4.5574854538315223e-07
2185	3.0190689328689906e-06
6000	0.012995099632083496
3713	0.0
842	2.6731483018405155e-06
409	0.0055807632715236775
872	0.0005744424877059473
1112	4.492342403424969e-06
3997	2.063588298004394e-06
1079	0.0
667	1.376552261310338e-05
4047	6.886312689605572e-05
1432	0.0
2989	0.0002972289349010857
2537	2.9887620221530418e-05
5250	1.750037785661502e-05
5849	3.4397450975246495e-06
471	0.00013983625812100692
919	1.6045669203355103e-06
335	0.00012897744885023664
97	0.0
1697	9.490496701429724e-05
891	5.806651098460491e-05
383	1.3518569940392468e-05
1495	0.00015788569076968185
495	8.901019247052125e-05
2305	0.0
3381	0.0
3529	1.6064104406504205e-05
6001	0.002935876046345598
811	1.9398118392579255e-05
3384	0.0
3508	0.0
3047	7.891505739571953e-06
3100	0.0002860951089486603
2167	4.389877438676404e-05
2166	1.1635357350557702e-05
3383	0.0
3027	3.3815576902908707e-06
3585	4.940245826009169e-05
1625	0.00014843230294079058
4009	2.1763982506634036e-05
6002	0.00019366041300719934
2428	5.563464062801607e-07
6003	0.001741453457997487
6004	0.004838674361449879
2085	0.0
2509	0.0
425	0.0
533	7.578235096975607e-06
5305	1.8882407396644275e-05
4408	0.0
3394	2.8106493498750123e-05
989	3.737300295570943e-05
600	6.43464067034302e-06
2099	2.45900492827318e-06
5595	2.9594225505699232e-05
1003	7.781230070354848e-05
1046	7.578235096975607e-06
1867	6.633968151935869e-05
1880	7.578235096975607e-06
4632	1.8940866845384252e-05
1029	2.423674586386676e-05
2107	6.173879191068743e-05
4024	0.00013676126562494847
2660	0.0
3116	5.473321804346378e-05
6005	1.258409452679953e-05
516	9.13169140071421e-05
2346	0.00017135176850844564
4215	0.0002687420239731564
6006	0.0009822002493105988
5529	7.652346950493027e-05
3480	5.021968507013877e-06
1996	1.0623504135656916e-06
3665	4.035298542132962e-07
5716	1.097535978112483e-05
6007	0.0023697455006388723
2985	6.423909586341227e-05
3476	0.0
4226	9.354940526123895e-05
3312	3.030600916044467e-05
906	9.872849655156631e-05
5717	1.097535978112483e-05
4484	7.532924669087741e-05
2336	0.0
958	6.876269417195415e-05
2606	0.0
798	0.0
3549	3.4377862751336043e-05
2699	0.0
6008	0.001600653183252225
295	7.4568684744778955e-06
3828	0.0
4045	0.00011543451754276916
6009	0.003763077210684789
2396	7.721071739358468e-06
5039	2.4142170154627384e-05
651	0.00012754395648496172
1113	5.418642790975399e-06
2865	3.219352006759559e-06
460	2.265364961462583e-05
1073	1.63997617262574e-06
691	0.00039973190237134785
3532	1.693285306650632e-05
1798	1.0931494748580342e-05
81	0.00015378054763348954
5267	9.910375498245953e-06
2984	6.62098824668606e-05
3159	5.266907736087632e-05
3194	5.838561495110062e-05
180	7.143293010802949e-06
4784	1.213219655428224e-05
6010	0.001210781286634964
6011	0.00037781965253056706
4147	1.5303875788185543e-05
4042	0.0
1881	4.3424382066591705e-05
1524	0.0
3029	6.30483130619485e-05
6012	0.000436196930618364
6013	0.0
481	0.001826019318880293
321	0.0001807807748806821
6014	0.006312229609393005
6015	0.003235493714735461
169	0.000371097181147257
279	7.661289803206567e-06
3176	0.00013902180418457174
1091	2.930820503782249e-06
3454	9.502392104270855e-05
3888	0.0
277	9.040996711437826e-07
509	0.0007076334705324445
1670	9.139563021929151e-07
5377	0.0
3927	0.0
5376	1.0230064165062466e-06
858	0.0005165438649998745
510	0.00040673170781840265
268	0.0006958467164624306
4750	0.0
377	2.5732594225350844e-05
1264	2.930820503782249e-06
3604	5.272912280361801e-05
4920	0.0
6016	0.0024219652465318387
1047	0.0
2123	0.0
1145	0.0
3067	1.71947497289122e-05
4496	0.0
5126	3.0271901859197513e-05
6017	0.0014457550986540263
1133	0.0
2082	1.656465987355656e-05
1936	0.0
6018	0.0017776964196072693
1459	2.8216001602684704e-06
1106	5.681054832621782e-05
3534	0.0
3902	0.00012464200008392023
2243	1.5535721879306606e-06
815	6.400053032483351e-05
577	0.0001880431069131967
4374	5.832143836225075e-05
1920	0.0
6019	0.0004813966609281723
2492	4.1520437975831365e-05
3365	0.0003466233960606067
236	0.00017540129909269727
6020	0.0007252629263739836
6021	0.0013442471403761838
1837	0.0
3117	1.726610838185863e-05
2292	0.0010591291306196412
4649	3.7320426782458353e-06
5164	0.0
2378	5.954309905225957e-05
505	0.0003540629698120881
1108	9.789503531033069e-05
3224	0.0
4269	1.8250790420351374e-06
137	6.45830246297234e-05
6022	0.0016967838304423135
43	0.0002851847699432238
2647	0.0
6023	0.0011963068460844278
5206	2.8449199454011623e-06
255	0.0008076056463447733
3969	0.00011154705620158619
1783	0.0006213798991313297
5407	7.871259552933907e-05
668	0.0001642237036070526
6024	0.0007262920509223165
5542	4.226175868356701e-07
1885	1.0762421729579594e-06
344	0.0006294561337396847
4239	0.0
6025	0.0027451774242990986
4904	2.705478078060562e-05
103	3.137488818021803e-06
108	0.00017226116674908646
3988	2.306590351454939e-05
146	5.248754405111206e-06
3154	0.00014083293681246693
4983	0.0
1940	5.215191267503994e-06
833	1.4263878263887967e-05
6026	0.007508385896347477
5147	0.0
3031	1.0953600790231033e-05
1753	0.0003772492582731608
3051	0.0002774872176829529
3314	0.00010262183966492863
351	2.1261563169080975e-05
1140	0.0
5182	4.267625249960495e-05
1490	5.8650423528106604e-05
5181	3.5094832334625804e-06
4909	1.114586342683306e-05
26	3.1262785637415583e-05
1995	0.0
5635	2.594261078136031e-05
3258	0.00023218618735927377
5806	3.4989129517292226e-07
1470	4.522994480062845e-05
490	0.00022189646279091924
5737	1.9538482047114897e-05
3642	9.918810385797646e-05
4612	0.0
4900	0.0
6027	0.0021366627864219325
5218	0.0
4622	0.0
4899	0.0
902	0.00034600753864726845
5228	0.0
5497	0.001833549985380665
6028	0.005390643901762733
3302	2.3366850063547317e-05
5634	0.0
2146	8.801301391557193e-05
3867	3.344994088555871e-05
2339	0.0002477846136947123
752	0.0
785	0.0001860444160947015
3517	4.548868069379998e-05
1307	2.0055456306661087e-05
4224	6.491755214646539e-05
5097	9.289830768734484e-06
2049	3.2246697563775774e-05
1151	0.0
3252	7.786982944711877e-05
3354	7.253429290466277e-05
3958	5.177759039393388e-05
1915	1.0447065521386726e-05
2516	2.7025234794027512e-05
3118	0.0003821651741354404
2433	0.0
7	0.00037675352693437197
1310	0.0
890	0.0
6029	0.0006982942119098359
1541	6.501721898903498e-06
1171	4.0835629916848966e-05
1876	0.00020115207026351884
687	0.00021786510277134536
424	0.0005724226334314611
4682	9.809677027427371e-06
6030	0.0006610972480356367
4000	0.0
663	2.3141959829468277e-05
6031	0.0015616562014589073
4410	0.0
1677	1.3261544971489291e-05
588	6.204757628502427e-05
789	0.0
4142	0.0
6032	0.001145596212273514
118	9.040162066322687e-05
260	7.104134750668032e-06
585	1.7188269423436732e-05
111	4.048736642652684e-05
2562	7.417120804411175e-07
99	0.00016409361552027456
6033	2.9737951277275935e-05
1948	0.00013648682854304015
1615	0.0001573159308738821
1787	0.00010136877340231702
6034	0.0007910467651910458
5723	0.0
3385	9.512817520001015e-06
1330	9.221101983091077e-05
6035	0.0001392843643300583
4108	0.0011275320935646585
1174	8.533447778957718e-06
6036	0.004252413740348917
5075	8.653574418407367e-05
3328	0.0
1941	0.00010077005885902528
1175	0.0
1204	0.0001609367460456696
3998	1.0799421267000412e-05
582	3.802434644863829e-05
562	0.0001618628988992525
6037	0.002236707673184123
6038	0.004161657669776602
584	5.6215041203295946e-05
1610	4.92307302132775e-05
922	0.0003195319659209682
911	4.349286167116072e-05
3377	4.641512886171422e-05
4002	0.00014100129866326605
2316	0.0
135	1.6621416840363972e-05
3870	4.349286167116072e-05
5577	5.008304231147128e-05
1507	3.285466693599212e-06
2016	2.9540274500450688e-06
2153	0.0
650	1.2577037468242811e-05
4295	2.1072476637901688e-05
4221	1.9758722678512362e-05
5324	2.149895089426397e-05
4317	1.2774326400310286e-06
659	2.577194461707269e-05
3880	2.5765996985114995e-06
5073	3.7316942953255565e-05
5231	3.295543264658369e-06
6039	0.000447361805617965
3910	4.61322246185182e-06
6040	0.0015279246644911105
167	0.0005080730758920401
5427	0.0
784	1.4578882187567012e-05
3955	0.0
4458	0.00016053494490884382
6041	0.0027693797864406363
5654	3.835292053856313e-06
3900	8.464169218639534e-07
2728	5.1108989115767325e-06
1925	7.150632512320549e-06
161	0.0002091164808347687
4844	0.00037026013628028715
2210	2.095090771205614e-06
3725	9.862956731201405e-05
6042	0.002050656701222472
3244	4.805102844275788e-06
5107	6.847483823711297e-06
1158	7.862351133461795e-05
4064	0.0
262	0.0
1036	4.623665005872298e-06
5543	0.0
6043	0.0004513871420655043
1044	0.0
5837	0.0
6044	0.0004388826016303935
6045	0.005868400741361134
1924	4.395608380645407e-06
5492	0.0
2271	6.814061314769423e-06
192	1.362756497756165e-05
5811	4.420371717397152e-06
5074	6.265347780777084e-06
5263	0.0
1018	0.0
5020	2.19389231313101e-05
2045	1.3941288010810182e-05
5204	0.0
1239	1.2395388504872877e-05
1105	0.0
5325	3.386879315919705e-05
435	8.286264734177523e-05
561	1.3382193777337971e-05
550	2.650960325426106e-06
5310	2.1392826346208916e-05
326	7.112384117662906e-05
253	9.560363509343931e-06
370	1.1188753386518391e-05
6046	0.005709172683415281
1352	0.0
330	0.00015704930315833134
2121	0.0
4032	0.0
4694	5.096206133806904e-05
4046	1.3408967026018038e-06
1547	1.5417924281302398e-06
3719	2.6841444138558805e-06
2566	3.8119648518975184e-06
1216	3.2015249981992946e-06
2388	3.9837475170905715e-06
1283	3.3506919728044274e-05
6047	0.0010098203077103449
175	5.8845211404617814e-05
3860	3.190058602824255e-05
1672	9.932948487896366e-05
4137	0.000234105995286491
1463	0.0
4848	2.5979527768759952e-05
2451	1.610921531547318e-05
2332	0.0
2924	3.3214839796429216e-06
6048	0.00019910374159565566
2048	1.73945863354244e-06
491	0.0
6049	0.012737058063054314
5796	8.664593138882534e-05
5284	0.0
1100	0.0002472079399538767
4057	4.676148817193264e-05
2735	0.0
102	0.0
2719	1.5848701368032484e-05
5303	1.5127923997291687e-05
554	1.7534108559475647e-05
5151	1.243065565957517e-05
3286	1.2058921249395654e-05
438	0.0
487	3.435269184622253e-05
2576	0.0
830	0.0
3981	0.0001179661356442079
1719	0.0008328321748247021
3778	0.0002967680869385856
594	8.172906619948704e-06
5616	4.1418023175529504e-05
4755	0.0
3891	0.0
3069	1.8223398358747002e-05
1195	0.0
2076	1.8376380453378608e-05
4252	0.0
1263	0.00031293912129856324
486	1.663950909660804e-05
2400	7.278453373825022e-06
2439	3.1446497638409135e-05
1228	0.000261181637914701
332	0.0
1137	1.5848701368032484e-05
1272	7.278453373825022e-06
1416	0.0
1967	4.517476438020116e-05
5475	0.0
5633	0.0
3918	0.00023293890686160545
5468	0.0
4426	0.00024355266157866106
3704	1.9572057222302314e-05
1203	0.0
439	3.79179911393337e-05
4182	0.00010116444893792111
780	0.00023432899394285576
1266	0.0
3101	0.0
6050	0.0018566674727855698
4625	0.0
5794	0.0
1567	0.00022696095308149088
95	0.0001801268819667633
1347	5.988233063845215e-06
5044	0.0
4389	0.0
4886	1.4929560056439005e-05
6051	0.0014415613470457403
6052	0.00013077865616834924
3475	0.0
1244	1.4775020667335517e-05
1152	0.00046234465161326086
3603	0.0
2700	0.0001985094256833274
3092	2.5384537527543905e-05
3784	0.0
4710	1.5919818069147808e-05
6053	0.00023627248642981406
6054	0.00043880859604227365
5299	0.0
401	1.6832519386220797e-05
6055	0.00067671286858287
1844	8.120225500302464e-05
197	2.506709636287949e-06
182	2.8639144403205927e-06
2707	0.0
6056	0.0005932949397434512
6057	0.00045364088101068476
3206	0.0
2759	1.7258169860647998e-05
4035	0.00011841692240279873
3064	0.00018060226740916347
5410	5.9827270025320776e-05
6058	0.0014659057796277217
2697	0.0
1444	3.4678046176463503e-06
5598	0.0
2781	0.0
6059	6.069201055159703e-05
3046	7.087808894704593e-05
4235	0.00010462623690844975
3468	0.00014699383428654425
4800	7.087808894704593e-05
6060	0.0048183494135093435
1041	0.0
1168	1.0921016031068182e-05
1634	0.0
3692	8.094948196673903e-05
2160	1.2546712482940132e-05
5891	1.0396072267294666e-05
4022	1.1976064707336601e-05
11	5.35362636673006e-05
5745	0.0
4764	0.0
6061	0.002837750365935874
2192	4.000186067418746e-05
2130	1.8999262610424043e-05
349	2.9841771615809153e-06
959	1.585814433374724e-06
249	6.176796713547063e-05
893	0.00022414534563815346
6062	0.0032395688674955346
1475	3.955270343128284e-06
5054	0.0
4413	0.0
3290	0.0001422836490309335
3128	1.0417721487437213e-06
475	3.101849044304407e-05
1932	0.0
1624	0.0
2138	4.7793791577206135e-05
6063	0.003381688597361162
3651	3.295940895994971e-06
1309	5.1546210051930396e-05
4605	2.819341502105877e-05
6064	0.0002564446994686844
4270	1.208129154327668e-06
5893	2.8766847697709284e-06
6065	7.529721310060517e-08
565	0.00019689180109863928
6066	0.0029899056256918496
1694	0.0002434684472170849
541	7.383552223696752e-05
3334	1.7946696030000831e-06
5513	1.3128977860870621e-05
405	3.051906701706096e-05
5274	7.157525569283624e-05
1510	1.1669597004516892e-05
2912	2.7714380120286582e-05
3722	0.0
5302	5.7274732100018125e-06
6067	0.002206869635289297
4444	0.0
4733	5.887019430818278e-06
4364	0.0
313	1.0904591434478658e-05
3845	9.84824903196526e-06
6068	0.0026517928946193535
615	2.745026205384592e-05
3112	2.6516822410518912e-05
3672	5.257533432605085e-06
3382	0.00034062885194757986
3699	0.00035093358352477266
957	1.0475988120673306e-05
6069	0.0014529532930406687
2158	0.0
173	0.00025698734612912685
1305	0.0
4241	9.51640975470372e-06
3546	2.025940425594105e-06
6070	0.0010914502923873473
2596	3.294391528663001e-06
6071	0.0009878660237031464
4237	0.0
2601	6.2398023100372145e-06
951	1.1364285144193977e-05
680	2.982039274354961e-05
1303	3.149984214589342e-05
226	1.998820041888489e-05
6072	0.024929242105916356
5684	0.00012765622370944306
1426	1.8186607891195424e-05
4696	0.0
4189	0.00011496342918901299
4939	0.0
4743	0.0
4308	6.211125097943217e-05
820	0.00026005083476588836
4153	0.0
4747	0.0
1415	5.746794686942233e-05
1632	0.0
4190	5.170143379275892e-06
715	2.4066156438213166e-05
1011	9.618122137042435e-06
5348	0.0
810	0.0
402	3.251624866482278e-05
5085	0.0
3148	0.0
4565	8.236611002332407e-05
4722	6.211125097943217e-05
3038	0.0
1159	6.796780451352291e-05
3531	0.0
887	7.067964310479098e-05
1539	2.4284724664792484e-05
1319	6.128169327069533e-05
1173	0.0
1853	8.737230323314643e-05
5202	0.0
5172	0.0004447444785810469
4751	9.476871744949204e-05
3548	2.0299495851139164e-05
4098	1.2237253114827209e-05
5332	6.128169327069533e-05
5534	0.0
3053	0.0
4373	0.0002666320552368193
3087	0.00014407419871490066
2983	0.0
3801	0.0
4264	0.0001472922849985443
838	0.00010495538196088778
5585	3.886357837622999e-05
3356	5.3695597542776605e-05
200	4.6874792558659305e-05
3925	0.0
4589	0.00014475552762566716
2548	0.0
4796	0.0
5591	0.0
396	0.00016156165471214998
636	6.218199498977368e-05
4314	0.0
493	2.517003317669114e-05
4567	4.040060285865791e-05
4361	0.0
5888	2.5236944586294243e-05
3043	4.040060285865791e-05
782	0.00014047830425029903
3962	1.6216275377140658e-05
6073	0.0005189023739735287
497	0.00010336026146783294
6074	0.002458156183099291
4973	0.0
5061	1.1074732072801618e-05
940	8.346195845365083e-07
1893	3.22721192698571e-06
3082	8.457213230871195e-05
3898	1.4217832511420334e-05
6075	0.0010299311578063073
2649	1.0671461399068749e-05
1089	0.0
1540	5.981504336026422e-05
3062	0.0
2320	4.3892188070557716e-05
6076	0.0002432223210046575
4328	2.681410338879168e-07
2532	0.0
6077	0.0028138518534160744
2296	1.9009045086940902e-05
1336	6.576389193192479e-06
3525	1.048009702160439e-05
2345	4.391686848183683e-06
1705	1.7473003175235675e-05
2258	1.4250737729850738e-05
1513	0.0
3391	0.0
2731	2.3820675909743903e-06
2434	2.3820675909743903e-06
2207	2.568374549969002e-05
3423	0.0
6078	0.0002566512534799767
6079	0.0030508524003474012
1149	3.728453640945656e-05
5406	0.000129629322215438
3764	0.0
280	3.186765138908071e-05
1419	0.0
1479	0.00023105478370484152
5536	0.0
2002	1.288356187235119e-05
1208	0.00010101305771551073
5715	1.3991672488585986e-06
6080	0.0016008857467663792
3216	1.159481454676991e-06
49	2.3934649787211025e-05
1424	1.765468263323315e-05
6081	0.0001389971901589772
6082	0.00021812285476877018
6083	0.0012223691588990864
2019	2.4770107200923263e-05
6084	0.0059258583858722205
6085	0.006888400506070064
1167	0.00018826398164022005
96	1.3361842558735725e-05
3279	7.095088363088719e-06
1008	0.0
4136	3.812289973380519e-05
4439	0.00015450771196854317
3671	7.771113449161541e-05
3457	0.0002220858538673488
5694	9.55817623387502e-06
3768	0.0
2603	0.0
5034	9.864461754611128e-06
532	8.723051300682784e-05
2584	0.0
4324	5.495761008828953e-05
3209	0.0
924	0.0
728	8.765925536508531e-06
5752	2.488603024420902e-05
3171	2.496230820332089e-05
1467	2.8709809841608937e-05
3122	1.9396945102500514e-05
3941	0.0
4384	9.864461754611128e-06
4938	2.246727391299374e-05
2526	6.46928108821857e-05
5119	5.994067403279436e-05
870	0.0
6086	0.0029378457904440033
6087	0.0006887097490996842
1933	0.0
496	1.3081306243865711e-05
4568	5.7188515138132585e-05
587	7.577111553979423e-06
38	0.00011872379619457294
6088	0.0034395732332516424
6089	0.0031201926240943647
506	0.0
3906	0.0
552	0.001343132098853898
4379	2.389305751418983e-06
4459	0.0
105	0.0
2846	8.166464298973559e-05
3905	0.0
2554	0.0
2684	0.00022807169503807271
1323	1.6793571807498134e-05
6090	0.0005299656562794133
839	0.0
1660	6.374680620283675e-06
6091	0.0018527262803605619
6092	0.0006029898806074048
22	0.0
3292	1.8636344037673663e-06
3933	1.1728976524694442e-05
3854	1.3775194530953118e-05
4827	7.293423401032837e-05
3315	0.0
2530	5.3566276981394304e-05
3296	0.0
1978	3.837902096399167e-05
6093	0.0029782034986783226
3123	9.068990060107464e-05
4560	0.0
2571	0.0
6094	0.0010654502442097123
1763	0.0
459	0.0002569419196792944
2103	5.8167583830758995e-06
6095	0.003428230685816855
4821	0.0
2911	6.1047246781784064e-06
4509	0.00012021139622729168
2360	1.455088139286174e-06
4490	0.0
6096	0.004384292355066341
611	0.0
5035	5.014404896974719e-05
2141	0.0
181	0.0
2829	0.0
5779	0.0
2521	4.187329789933011e-05
6097	0.002397832298138488
1823	0.0
2156	0.00042179845456791426
596	0.0
6098	0.006826204609307144
4044	0.0
1514	0.0
2749	0.0
1450	0.0005540496446483162
3635	2.143021674531353e-05
558	0.0
2506	0.0
2585	0.0
2854	0.0
6099	0.0009000683133563425
466	5.855226381309084e-05
5882	0.0
150	7.0064332393739984e-06
4783	8.849319952722148e-05
2628	6.986720805448543e-06
6100	0.0011042415265404375
882	0.00020138427339118914
3413	5.4912019392459886e-05
640	4.969974122952945e-06
350	9.297000082389587e-05
2691	8.808641140527766e-07
6101	0.00867209638480264
1847	1.462122353909634e-05
595	0.00012394031136425557
464	0.0
3135	6.0345802126296305e-05
5224	0.0
188	0.0002261162302536992
1431	4.12042525052261e-06
1485	0.00021672459418958182
100	0.0
1457	2.3399939427919245e-05
678	0.0005088155912520164
2261	0.00016850307291269302
4585	1.645578068481388e-05
1629	0.0
1230	0.00010207405336116097
6102	0.005283194213472887
5730	2.1775044243890533e-07
3914	4.869761266482058e-06
849	1.2103012808597866e-06
4059	4.365444136545692e-06
690	1.0931193383922265e-06
1834	3.082290316248555e-05
3766	5.1582253016729755e-06
5446	2.1775044243890533e-07
658	2.991586492210447e-05
3444	1.0931193383922265e-06
5792	4.957887691219814e-07
5431	8.848451166132107e-05
2180	0.0006152338028317746
4849	2.1775044243890533e-07
3519	0.000282030559736144
3073	1.0080654249964363e-05
6103	0.0029903613606682283
271	4.528333250792583e-07
1734	6.341837226380364e-05
4583	0.0
2614	0.0
4411	0.0
6104	0.005601107498239984
4448	0.0
806	1.0395921787525356e-05
4404	0.0
1065	0.0
5137	0.0
1146	9.98599869426204e-06
4843	0.0
719	0.0
1666	0.0
2932	0.00034081778614291925
2229	3.8263132919055385e-06
2814	0.0
6105	0.0007863213534740358
6106	0.0019061815790722993
5606	0.0
4388	1.1360035924856412e-05
1712	7.936071742663947e-07
1157	1.41797850992502e-05
5890	0.0
4942	4.933514061303644e-06
4634	0.00012166411635237553
6107	0.0008749958747855623
6108	0.0038258492675224617
4829	0.0
5288	4.44619425402926e-06
1556	0.0
4785	6.818163997345688e-05
4665	0.0
5758	0.0
1059	0.0
5165	0.0
1306	0.0
6109	0.00273934198491463
1673	0.00024020098875264954
5772	0.0
1833	0.0
5460	3.607492316497125e-05
1215	0.0
3503	1.4144642932177317e-06
6110	0.0005209292029454789
1016	8.622269468543423e-06
389	8.622269468543423e-06
5099	8.622269468543423e-06
4007	4.680703243494627e-07
4608	8.110830985133088e-07
3520	1.4144642932177317e-06
6111	0.0
6112	0.0011361143885937372
3717	1.4231573985221936e-05
300	0.0
4734	4.490927783451609e-05
1478	0.0002923362446360824
3557	1.0068994734668673e-06
6113	0.0017976586773369627
1820	9.39609749901479e-05
2696	0.0
775	8.41075747387432e-05
3901	7.142077315423364e-07
1394	1.5253205611648245e-05
6114	0.0002143725494337916
3502	2.0192892971901547e-05
6115	6.137227273186604e-05
729	1.893854527784565e-05
6116	0.005898842359709459
3929	0.0
166	0.0
3037	0.0
3208	3.4907244072809668e-06
3928	0.00013416964075438256
5219	1.929061076704154e-06
857	5.306774963265056e-05
3673	4.193865498429912e-05
4277	3.6995147411037996e-06
1801	0.0
572	0.000497301055209661
652	7.04405849446357e-06
1407	0.0002981380181423741
6117	0.0017793119426739625
1043	6.107065910905742e-05
3203	0.0
6118	0.007638714109046367
6119	0.0016922653019894249
3015	0.0
5696	0.0
4436	2.979623492877356e-05
3458	0.0
4507	0.0
454	5.4730638137554095e-06
2193	0.0
3573	0.0
4236	0.0
3014	0.0
3511	0.0
3008	0.0
975	0.0
5649	0.0
1533	1.8414692842567467e-05
5650	0.0
2144	0.0
2058	5.3103796820566765e-06
6120	0.002405860089649379
3884	0.000586191412688378
3332	0.00016982664535867504
4387	9.732664433338252e-05
17	1.0042322805877923e-05
2310	2.0798945514058537e-06
1042	0.0002789928569742704
3193	0.0
6121	0.002901535438182342
2679	2.3430348049920303e-05
4195	0.0
2978	0.00015096386687340365
3857	7.170804220571742e-06
6122	4.2751389363460444e-05
6123	0.00021736110813105113
6124	0.0048699169207418215
2739	0.0
3462	9.353205032884272e-07
3596	3.869182334423904e-06
6125	0.00038047399866432256
6126	0.0015649886961395356
1795	1.2882541662098412e-06
1013	1.1382015671440949e-05
264	7.035184000002679e-05
3025	0.0002176743589391046
979	9.288474139788394e-05
6127	0.00396673547042153
6128	0.0034457361430740184
1921	0.0
245	0.0
2768	0.0005256000903576882
1183	5.610021302959015e-05
4126	0.0001576118210078243
630	0.0
1875	0.0
219	7.651169709660676e-05
2098	0.0
1096	1.2808276583708119e-05
1895	0.0
5483	0.0
4992	0.0
5081	0.00017074652026944422
5069	0.0003815790009270021
3434	0.0
6129	0.0032645829395488925
964	6.65392265078684e-05
5416	0.00011364269689329575
825	5.447891727798703e-05
4736	0.0
1097	0.0
4086	4.561467643763674e-06
5833	3.393339368174739e-06
5021	2.987580121090535e-05
1406	6.997705797991029e-05
2203	4.437313728292764e-05
3215	0.0
1764	1.4213845362755676e-05
1613	0.0003281252551967477
1868	3.1009641910088907e-06
84	0.0
5488	0.0001971326184323174
4982	0.0
5287	1.2164106021142953e-05
6130	0.0006300530826515837
6131	0.0024494490240346304
50	1.7411201384566785e-05
129	0.0
1325	3.738570409479864e-06
1749	0.0003723715480923163
2913	1.404449349859793e-05
1438	3.7684248196575073e-07
4139	1.938686974780836e-05
6132	0.00478819509643611
1980	3.0761837043275917e-06
2515	0.00010971518196748455
879	0.00040999374863380245
2237	5.714025378712307e-06
5873	0.0
1449	0.00033567266591249807
3625	3.0111393780909974e-06
2945	0.0
1535	0.0002661520122555717
3609	5.180663821600453e-06
4200	0.0002568042081289737
4435	1.1143883230019068e-06
6133	0.0003050108810609994
6134	0.0008765002717637728
6135	0.0013676566630377077
1968	0.0
888	4.7578765948606585e-06
4624	6.669021932090366e-06
3189	0.0
4491	3.3424108390424334e-06
694	1.8243626974863704e-05
2037	2.0439406681286647e-05
6136	0.0017302506845086822
4119	0.0
6137	0.0022632522237522883
3505	0.0
397	0.00031304595155648126
823	0.0
1848	0.0
6138	0.0012568040080883855
1549	1.2615106365278693e-05
5850	3.538339579112111e-05
6139	0.0030941774474631902
6140	0.0014599117472175096
2629	0.0
635	1.2354589007900048e-06
2701	0.0
4712	1.4537301122017586e-05
2874	0.0
6141	0.0009771228489505247
2877	0.0
5826	1.7103224989208953e-06
828	0.00019156245762263902
6142	0.0011764304536188758
1251	0.000637469345632689
4476	0.0
4065	6.451731822194803e-05
3839	2.4726885484986877e-06
5157	0.0
6143	0.0018784644443221774
6144	0.0025160226646345394
3663	3.825440792536458e-06
4672	3.1436689360085774e-05
4498	0.0
1109	0.0
2108	1.766852250851402e-05
770	8.379336569907995e-05
3121	4.248871664345986e-05
1815	0.0
2652	0.0
848	4.277619623266994e-06
4497	8.620437358887693e-06
1414	6.236143076431828e-05
6145	0.005455148049360079
1202	1.875032696946594e-05
5814	0.0
3304	0.0
2973	0.0
2031	9.377944316740297e-05
5063	1.875032696946594e-05
797	3.9150762690250145e-05
4307	1.697463337701404e-05
2309	0.0
1324	0.0
4375	1.0162573900722487e-05
6146	0.0026213839743410316
2803	4.039453910271735e-05
1129	0.0004564490785542211
4165	7.740224679815823e-06
4100	3.8013155682664724e-06
66	1.720490444711883e-05
6147	0.00066427617318899
5382	8.499763446995364e-05
831	8.070708962748313e-05
142	0.0001332901686795042
3690	0.00025363831407447583
6148	0.001637493336128041
223	0.00023944142794498965
881	9.360097636506103e-07
5563	0.0
2567	6.320657382303441e-06
2061	1.787412653402957e-05
2366	1.3241587337234938e-05
1526	0.000523711383777162
6149	0.00023217927751987633
3775	1.9041277577460128e-05
1545	0.00025047882101124786
6150	0.0018554749028172875
455	0.0
393	7.96810735847134e-05
6151	0.0011247167864104196
2860	7.51239892418696e-07
2234	0.0
130	6.390693948821914e-06
6152	0.0020012684646778358
675	1.4509711249080587e-06
4945	1.7357336750785564e-06
5749	5.278284889667753e-05
832	2.1572713238172207e-05
6153	3.1311684033366264e-05
6154	0.0011555542448403535
4431	2.907824188971006e-06
1752	4.50019444163255e-07
6155	0.002416087996412979
6156	0.0030656726739396573
452	8.03645426283029e-05
1233	1.8833416734128776e-06
3512	0.0
1879	0.0
47	0.0
3865	0.0001995387054960804
5782	0.0
5555	0.0
6157	0.0014160426844605075
6158	6.547459516108005e-05
4908	9.008118318348076e-05
2642	3.502876293948406e-05
5798	1.2730419935859874e-05
4115	2.8730732045650265e-05
1291	0.0
3325	0.0
3443	1.9033299934500954e-05
3584	1.9844151374274852e-05
5311	6.697070768810517e-05
3583	3.564029537267312e-06
6159	0.002149079358502152
5842	1.678127177530039e-06
5805	1.7897893518646491e-06
2236	0.0
1055	6.496267113424492e-05
2024	2.5942353651248057e-05
4525	9.878925105067225e-07
6160	0.0024776814201103604
952	2.503257351392472e-06
2657	1.2821157175767307e-06
4613	0.00012106374898489102
5365	0.0
6161	0.003133837848768889
5153	2.015271583849084e-06
6162	0.0028438394580470633
2961	0.0
5822	4.143315666765196e-06
4719	0.0
864	0.0
1165	0.0
6163	4.449756022641563e-05
6164	0.0005913866180279219
943	0.0
6165	0.0007245767556273675
4869	9.650959596398262e-06
6166	0.0005998506415767687
5210	1.2299676480632082e-06
6167	0.00313613965771492
672	5.124845278629768e-06
4417	0.0
5739	4.588249892261574e-06
1487	1.1766069376914013e-05
5526	1.289233800778624e-05
6168	3.211071154459238e-08
6169	0.003124613920813759
2500	6.106958511267891e-06
6170	0.00339560015649109
6171	0.0027920616488788133
3461	0.0
3233	0.00011482423574034578
809	0.0
3677	0.0
5223	0.00021070336765891126
3406	0.0
2423	1.7875100827359222e-05
3173	0.0
3355	7.65995664160229e-05
476	0.0
3611	0.0
5064	0.0
3993	0.0
5177	0.0
5539	3.71531913510718e-05
6172	0.002098865926664311
6173	0.0017415256988558244
5293	5.78423860394179e-06
3178	7.171739586230718e-07
387	0.0
5422	0.0
1785	0.0
1957	5.8275279408957e-05
6174	1.4685872165939416e-07
805	3.8197156071084605e-05
6175	0.0018879719766902294
4596	0.0
489	4.812879010608649e-05
1898	0.0
3892	6.916145422842252e-06
1857	4.989732843663849e-05
4739	0.0
6176	0.00048244759652862955
3861	0.0
6177	0.0023124195913319465
1998	0.00012286630794612868
3727	0.0
3306	7.789446637398305e-06
4326	3.1965863061776102e-06
6178	0.0029519598480969834
6179	0.007569954683128523
3085	0.0
5148	0.0
3809	8.362905614414658e-06
1213	6.60774694572087e-05
1630	2.2359417814202744e-05
1423	0.0
5098	0.0
4714	0.0
1382	0.0
3876	0.00010017435675694687
3591	0.00011179976845570764
5547	3.0981092170954544e-05
4256	0.0
772	4.644368907909056e-05
3124	5.867374033436817e-05
5491	0.0
1735	7.999280523396886e-05
339	0.0001439655218325323
5253	0.00013862799195029865
1366	0.0
4333	4.4900179142723497e-05
4793	0.0003078472620627188
5790	0.0
4076	7.383691833635403e-05
5009	0.0
4469	4.7915013713754685e-05
3040	0.0
4212	0.0
3185	0.0003327986976338268
6180	0.0027254340340846814
3456	0.0
754	6.486816659417682e-05
2350	9.069687191899362e-05
6181	0.002224094885323303
4302	0.0
1455	4.271236463523342e-06
6182	0.0018804249435030753
347	0.0001629897944457563
4381	4.065624054173626e-05
4345	0.0
6183	0.0018517592737426342
3360	4.454284661351924e-05
3680	2.464155948021616e-06
6184	0.002080586598706976
185	1.731732016386684e-05
907	0.0
3153	0.00040403169652269256
6185	0.002393870968845391
6186	0.0008298953157740032
3057	0.0
5339	1.543514358632067e-06
4957	4.571279419777198e-05
4633	3.7313990970636423e-07
4376	3.7313990970636423e-07
3446	0.0
6187	0.0012435959266687137
4251	2.033855664853674e-05
3305	3.741090640169644e-05
6188	3.246549388542757e-05
6189	4.818793019536153e-06
3792	0.0001919516271367272
6190	0.002181679400890703
453	8.574268242351173e-07
2256	2.4172378943759894e-06
6191	0.0023389995763763794
6192	0.0011472854798881677
1930	0.0002627333060446409
353	8.296132308575896e-06
3570	0.0
1494	0.0
4160	0.0
4016	5.8201487258277655e-06
306	4.989356002033742e-06
2401	0.0
5352	7.282790195290665e-05
3698	2.5986598251940748e-06
6193	0.0012469098313103062
174	0.0
6194	0.0004411231897635372
5710	3.307003952978252e-07
6195	0.0020783291180109438
1250	0.0
2222	1.0093202927201569e-06
1810	0.00022033821323460162
4358	0.00012196898610926099
1700	7.830297806516802e-05
6196	7.529721310060517e-08
6197	0.004179004577904733
5514	0.0
58	9.399389231893698e-05
4360	0.0
4306	0.0
5721	0.0
1878	0.00010788317415665154
4359	0.0
3111	0.0
6198	0.002367438751632635
6199	0.0003970288940304023
3662	2.965080141882567e-05
5359	0.0
2079	0.0002591592437189607
3535	7.934134738700634e-07
5333	0.0
6200	0.0035410368345930292
1176	2.0998526254651406e-05
5378	1.4382614537699065e-05
1279	0.0
2129	0.0
4981	0.0
42	4.3224706917648007e-05
4461	0.0
1076	0.0
4817	0.0
6201	0.00222835415516051
4735	0.00016901556469878324
732	0.0
2092	0.0
4266	0.0
6202	0.0
6203	0.00042453021005154815
6204	0.003142910479392652
628	0.0
2381	1.8474418615084178e-06
3076	0.0
3075	0.0
4187	3.502118093905063e-05
1717	0.0005720438071903346
474	0.00010187580330859312
6205	0.0008179392769664083
5428	0.0
6206	7.529721310060517e-08
6207	0.00042728892853564714
1874	0.0
6208	0.0028313725335761654
4617	5.906448986849873e-06
5362	1.5058627376023544e-05
5642	2.60558979783387e-06
125	1.0404271536764538e-05
1737	1.3468720404020118e-06
6209	0.001893302321592576
6210	0.0010680379734105529
2393	0.0
2947	9.243246112226681e-05
4254	3.9759807509928365e-06
6211	0.0010001587387279995
5663	1.1174679541291e-06
3967	0.0
6212	0.012689128825905564
6213	0.002358489003520039
589	0.0
932	0.0
1090	0.0
852	0.0
5254	5.377957230287736e-05
3799	0.00012737400712571433
5517	0.0
334	0.0002049212990285671
884	0.0
1597	2.1674368831247214e-05
4432	0.000241348319640385
4074	6.235975171792488e-05
1520	0.0
4219	1.5020501720519097e-05
1131	0.0
2589	0.0
2069	3.620195509666926e-05
2291	0.0
4552	0.0
5080	0.0
4691	0.0
3765	0.00032464039762225425
4924	2.5292213146324024e-05
745	0.0
6214	0.005463124574673138
276	0.0002664658432189588
4222	4.3924557925952906e-07
5778	0.0
6215	0.0004895518268143515
6216	0.003238061351613062
3374	5.881463231053589e-05
320	2.6825450177395874e-05
1679	4.336139633501539e-05
4102	0.0
1855	0.00013411650827641237
1212	1.8417944441368993e-05
4627	9.203661613203279e-05
1121	0.0
3373	0.0
4248	0.0
4564	0.0
6217	0.0018659139999618456
3947	0.0
4895	3.059702936796078e-07
4457	1.0743447400597918e-05
6218	2.784984530104943e-05
6219	0.002804325930133622
6220	0.004544082129295969
4205	0.0
193	0.0
1897	0.0
2151	0.0
4974	2.4954873248436696e-06
5902	1.1827889388977768e-06
4601	3.123977294439748e-06
2553	0.0
1606	0.0
4419	3.4781411179734796e-05
473	8.356692059784595e-05
4051	0.0
3174	4.899925617893625e-05
3804	0.0
5687	1.0153034136234339e-05
6221	0.0
6222	0.0
6223	0.001478812970866817
4183	7.65673409241508e-05
557	1.91906723748913e-05
3643	2.573727538015274e-06
53	0.00022813340775777036
6224	6.968880061595643e-06
6225	0.000489909905268666
221	7.295028164939082e-05
6226	0.004561078087656393
1576	3.4184377465051085e-07
5	0.0
5347	1.9029886253646201e-06
3674	3.4184377465051085e-07
4953	1.2187951317349784e-05
3871	3.4184377465051085e-07
4343	6.0969018802207335e-06
2161	1.9029886253646201e-06
6227	0.006724862310165461
5449	1.2630551899756245e-05
3340	0.0003062756742993473
688	0.0
318	0.0
3390	1.4957664090923212e-05
348	4.49027410218651e-06
2044	0.0
5448	3.799159176700338e-06
763	0.0
3807	2.2444572967693795e-05
3125	1.5123734472717318e-05
308	0.0
941	5.189680226025635e-06
1170	3.440805498378196e-05
6228	1.4685872165939416e-07
6229	0.0005849477233304917
4400	9.248007200131467e-07
6230	0.0011232722093330468
4299	0.0
6231	0.0027977834567404166
376	1.948668135159831e-05
6232	0.0024870562953186286
2510	0.0
4882	4.552969219778871e-05
2101	0.0
662	0.0
6233	0.0004726889711968074
4792	1.4219873206478217e-06
5028	1.3440557318741057e-05
6234	0.0015670423677137655
5533	5.095920664084805e-06
5724	1.5440152897328463e-05
5330	1.1076130302973459e-05
2078	1.937098401336211e-05
380	3.5276858815082085e-05
6235	0.003475088473937578
1505	0.0
214	0.0
5823	0.0
1506	7.569458514750927e-05
2928	2.602627965412932e-05
4768	0.0
4767	0.0
3641	0.0
4313	6.425611458431189e-06
4010	1.8178261523954017e-06
3656	0.0
3389	4.204094981874571e-06
2929	0.0
6236	0.00275120918307383
1696	0.00012542852475139722
4203	1.8902629902538996e-05
6237	0.000924907661840992
1811	0.0
3666	6.22466010262813e-06
5195	9.485221661482123e-06
3260	1.9129818617484026e-06
6238	0.0024172798259387653
4021	0.0
5027	0.0
1182	9.64321155185673e-06
5834	3.875915435983843e-06
6239	0.0013958240439596765
1015	2.38639905112021e-05
2376	5.200494818367349e-06
2742	1.670916335606086e-06
6240	0.0008999281955825571
5321	5.3123744616497265e-06
6241	0.002103656518127657
954	1.671071697124281e-05
4481	2.472433211129909e-06
1732	9.610462562338127e-07
1790	1.2535508577857991e-06
6242	0.0010468466120931324
718	6.778005821670464e-05
2971	2.094820984931535e-06
1122	5.635956034604914e-07
2275	5.635956034604914e-07
6243	0.0036758142635929993
1240	1.3392334935560267e-05
4353	0.0
5904	0.0
1474	0.00026166240859569094
6244	0.002744837631943784
246	1.0798988759351314e-06
3113	1.5787430746689815e-05
5499	5.2351652726258325e-06
86	1.1271171589839396e-05
346	2.57775205457066e-06
6245	0.00510876536807673
3526	6.955704166050455e-06
3705	6.955704166050455e-06
4836	6.955704166050455e-06
3032	0.0
5408	6.955704166050455e-06
3437	0.00017393996826991847
5130	6.955704166050455e-06
4643	0.0
5129	6.955704166050455e-06
2412	6.955704166050455e-06
3527	6.955704166050455e-06
6246	0.00026765433096628187
6247	0.0006672300326375175
2693	0.0
2224	6.919728723523445e-06
5813	0.0010927546124561366
2851	0.000511373517889042
2577	0.00042417755862915896
3202	0.0
6248	0.003713456179307291
90	0.00022695382249742076
6249	0.0014127801999371534
2967	2.4142304360500924e-05
5239	2.9333204825358884e-06
5032	0.0
5033	6.264591051314811e-06
5857	0.0
6250	0.0017738358490668096
2812	0.0
1481	3.491961261078078e-06
5007	0.0
4718	9.531600872004303e-07
6251	0.0019092939177410009
2965	0.00015693303317557174
6252	0.0018107777764242027
4815	0.0
4630	2.621427549662559e-06
2398	0.0
2168	0.0
6253	0.0009669074514283758
2772	4.914582183330356e-07
5861	0.0
6254	0.0028504771812071505
184	0.00012263040317914627
3922	0.00012263040317914627
1386	4.81606392539499e-05
4418	7.698127235206386e-05
3090	8.829432903636863e-05
4204	8.927385217415387e-05
2595	0.0
2455	0.00012263040317914627
3626	5.607669410998667e-05
2182	9.649073901578721e-05
4588	5.511689684883359e-05
6255	0.0017729343780263633
3569	2.3457260099987468e-06
625	0.002067151582753287
6256	0.00023728831698063718
6257	0.0013380732155754986
4341	2.1212026167331837e-05
2725	0.0
622	2.29118269644394e-06
6258	0.0
6259	0.0011567381650111964
2443	0.0
5682	1.366069771487621e-05
1652	0.0
83	3.272917829148039e-05
3980	0.00015825198001708063
4656	1.976190769497246e-05
1578	0.00010626325686974609
4110	7.756520614127858e-06
1821	0.00020012596272593486
93	1.7258779235595083e-05
6260	0.0011001430805524968
2464	0.0
564	0.00038920041321876327
5443	0.0
6261	0.0022950140993769487
4535	1.6172343527904243e-06
3181	0.0
2502	6.130192446615954e-06
6262	0.0038415195918036797
5019	3.4142800528868665e-06
3652	0.0
3785	1.3258099754350867e-06
743	0.0
6263	0.0005226557151826507
6264	0.003477160907539578
738	0.0
3693	5.1135461737396105e-06
4832	1.3604607778217791e-06
3402	7.689736833903582e-05
3359	2.030839821090181e-05
1083	8.756129568938363e-06
2195	1.8908789155229522e-05
4249	5.590510688926488e-07
4017	1.045697713105924e-05
5597	2.1656925587133984e-06
5572	7.382839581723044e-05
6265	0.00037468433308916304
6266	0.001813215811558704
767	0.0
2750	6.523138911284097e-07
666	0.0
5014	2.3842697811589764e-06
4642	0.0
6267	0.002031195711033187
3909	8.374787156337948e-06
2404	3.6747716443570606e-05
3212	0.0
4968	0.0
684	6.775651660372463e-06
6268	0.001133885468055129
4386	0.0
6269	0.0005960559556563184
3521	0.0
6270	0.0023545104969320205
6271	5.2814016034832546e-05
6272	0.003980290292000043
5351	0.00011578008993779286
4717	0.0
1626	6.511368931979445e-06
5423	1.2046064299972705e-07
65	4.491115850376981e-06
5480	1.2046064299972705e-07
4809	8.823730905174087e-06
5740	1.4960183313428716e-05
5017	1.2046064299972705e-07
3433	1.2046064299972705e-07
4347	1.2046064299972705e-07
1568	0.0
4776	0.0
6273	0.000581216472495258
6274	0.001980270924250947
5830	2.0860402775207016e-05
4063	2.583348985385605e-06
6275	0.0015259040908645331
6276	0.000288145705421359
6277	0.0018084348506390686
6278	0.001647339724388166
4030	0.0
1901	0.0
6279	0.0021650667429028714
4157	5.2112381596714776e-05
1989	0.0
5824	1.2248460389395343e-06
6280	0.0004584404289066394
2941	0.0
3758	0.00047828382284695624
3664	0.0
6281	0.0016575576104828457
1886	0.0
3119	0.0
6282	1.7297901664423705e-05
6283	0.0010005002354100422
4752	0.0009602923930898761
3170	9.801204469465512e-05
1907	0.0
5011	0.0
6284	0.00143227837541226
4293	5.8985129200065186e-06
5901	3.987425591746631e-06
4330	6.040584179388935e-06
3168	0.0
6285	0.00042453021005154804
1371	0.0008488786084499691
6286	0.002148653235165816
6287	0.0010337654165152577
3418	0.0
1772	0.0
4978	0.0
6288	0.005192668428900699
1430	0.0
6289	0.0022866443244288965
5295	7.3084522319880856e-06
1553	4.109031583595548e-05
6290	0.002920461871773987
6291	0.0017030733485988258
3364	5.108160042274622e-06
1813	1.3214067375479545e-05
2490	0.0
613	0.0
3282	0.0
2022	0.0004929522108577397
3470	0.0
681	2.1742658642603967e-05
575	4.614212870253902e-05
6292	0.0015238018897740621
3747	2.4150859778458312e-05
3217	4.225435877248302e-05
6293	0.007482054887018511
1832	8.05330918633712e-05
1644	0.0
4620	2.3315742498060776e-05
4619	0.0
1531	4.574270763779098e-06
3612	0.0
3133	2.649991961026267e-06
2279	0.0
1797	0.0
5599	0.0
6294	0.002197763998955307
6295	0.0001958226378997246
6296	0.0001038758702686492
6297	0.00587377385393786
4993	2.067919073095186e-05
3130	1.6176592213721627e-05
1380	1.3160291604684144e-06
5180	4.101568605995742e-06
2338	3.93561450740759e-06
3490	0.00010307615114991415
2986	0.0
2793	4.417907795418563e-06
6298	0.0014100637808319909
4014	0.0
837	1.0559829238262166e-06
6299	0.000741645084566262
1698	1.2468381716099018e-06
6300	0.0014564158152797772
5266	0.0
4774	7.620483943884754e-05
3830	0.0
2367	1.4239010732580013e-05
2970	1.3199899077227944e-05
3831	0.0
4485	0.0
5729	0.0
1273	0.00017526434264746222
6301	0.0009521428483441234
368	0.00010419709014109655
341	2.7977017194270313e-05
5397	5.230770114709429e-07
6302	0.0010251757884241648
317	2.6422018720625343e-05
1617	2.038849185034863e-05
6303	0.0034326606622139804
1205	0.0
3762	0.0
4795	0.0
3165	0.00019762735342078891
4336	0.0
3072	1.292367826545283e-05
6304	0.0009152155488659275
3821	5.350447201937799e-05
4778	3.192313686577251e-05
3251	0.0
477	1.9291132265384092e-05
6305	1.2505553435083685e-05
6306	0.0031712028836456984
4196	9.589386139094577e-06
4611	0.0
1640	8.891114459871078e-05
3982	0.0
5003	7.900048289352078e-05
3907	0.0
1358	1.3280822081141338e-05
4529	8.890557294201178e-05
6307	0.010392114292075122
1398	0.0
1635	2.991245816233051e-05
4008	0.0
866	0.0
4578	0.0
5755	0.00014649389662205002
1755	1.7758381543093034e-05
1766	2.4286998405681013e-05
5728	0.0
4781	0.0
4965	0.0
3975	0.0
5400	0.0
4591	0.0
68	0.0
35	2.3054993814009832e-05
5601	0.0
1236	0.00017082209993151185
3417	0.00010440914912001408
5222	0.0
1292	0.0
5421	0.0
4704	0.0
4699	6.458145445515844e-05
2173	3.584209358951496e-05
3235	0.0
6308	0.004262459607975198
6309	0.003969448648414986
4791	0.0
5856	0.0
4707	0.0
3847	7.457315550759994e-05
2887	0.0
5713	2.5543553077618763e-06
936	1.9048108838679588e-06
3838	0.0
3996	7.264489490121217e-06
3987	0.0
5249	0.0
3533	8.142874519721818e-05
4918	0.0
2703	0.0
2117	0.0
4174	0.0
6310	0.001721861675693432
1111	0.0
3779	1.8274719317151232e-06
1518	0.0
2574	0.00014471047443989887
2223	4.396755269231744e-06
6311	0.002201958075107033
4300	0.0
374	0.0
3093	0.0
6312	0.00177962735925153
6313	0.0029838555529554255
1825	0.0
4163	4.911928642715582e-07
2885	0.0
1566	4.911928642715582e-07
6314	0.0031939829065393464
894	0.0
3289	0.0
4342	0.0
4478	0.0
1255	0.00035574104840421675
2133	3.238906131345108e-05
1271	0.0
4054	0.0
6315	0.0009859772453418704
6316	0.0013104662149163592
5538	9.501283300071274e-07
2390	8.456506029644629e-07
3874	0.0
1523	1.2457863603689955e-05
6317	0.0006840700787581336
6318	0.005482293485590906
5462	0.0
1499	5.645352594149225e-05
779	0.0
1258	5.728987268705436e-06
1030	0.0
3509	0.00012025161473474733
6319	0.0004328725458992718
2605	0.0
6320	0.0007187043639582064
6321	1.4341146987682993e-05
6322	1.5985158124323277e-05
6323	0.0005659896122249241
1588	2.5486324964242584e-05
1278	0.0
6324	0.002319222466464695
2111	0.0001709847393537854
4261	0.0
5409	1.1088908666612097e-05
2026	5.3753046971351625e-05
5013	0.0
6325	0.0008495028215685216
1498	6.667541545587829e-05
4715	0.00036124212245665415
6326	0.0004612626404857215
6327	0.0016913697580600209
1005	0.00013995873494266305
6328	0.00011372585584366628
6329	0.0011815366864143118
1473	3.9055734770118603e-07
5424	1.023013701611611e-07
5312	1.3133418600838678e-07
4911	1.3133418600838678e-07
4907	6.728366883781914e-06
3442	1.1552201747517082e-06
4114	0.0
4866	4.039604416766325e-08
6330	0.0005425241279413913
3453	5.9255762326402636e-06
2550	2.4606537574233898e-05
819	0.0
4320	4.4219583335764185e-05
3098	5.9255762326402636e-06
6331	0.005197833316361788
1782	0.0
2124	1.1645442795773074e-06
2097	1.1645442795773074e-06
746	1.1645442795773074e-06
3749	0.0
2547	0.0
3781	0.0001254486157966258
5105	0.0
3102	0.0
3748	6.283366232579276e-05
2191	1.1645442795773074e-06
4242	2.206705762118766e-05
3270	1.1645442795773074e-06
3091	0.0
4423	0.0
4111	9.045487141897475e-05
6332	0.0009223547085729426
4530	0.0
6333	0.0001819728578946614
6334	0.008599095705524659
1812	3.019717740359843e-05
5414	0.0
3229	0.0001667516425553323
2187	0.0
1882	0.0
1721	3.771872054106115e-06
4946	1.6640670938828282e-06
3240	0.0
6335	0.004008059548683483
3013	0.0
3581	0.0
5024	0.0
2503	2.38467149125208e-06
4988	0.0
5055	9.747530201496861e-08
6336	0.0007611434918318258
4884	2.8056144032550084e-07
6337	0.0033803651737908265
4503	0.0
446	1.2811275829657014e-05
3035	7.717496195509398e-07
2921	0.0
3366	0.00020505330373571552
6338	0.001855489724653487
6339	0.0010046323194899173
6340	0.0012592989051235619
1580	2.4871265763830786e-05
1082	0.0
2722	1.772863430406792e-05
2514	0.0
3256	0.00014039327550270607
2424	0.0
4234	8.104310550220807e-06
1035	0.0
6341	0.004588545854741591
5546	0.0
5337	5.9881831350930695e-05
5900	0.0
1692	5.695260935228258e-06
5666	3.008177848978601e-05
4141	4.551133208102635e-06
2466	6.669625170046482e-06
5189	0.0
4140	0.0
1579	0.0
6342	1.4127268505536209e-05
3184	4.139606521135163e-05
6343	0.002732186055837902
2936	0.0
6344	0.0016547578378480806
631	0.0
2738	0.0
4087	3.0229451416328764e-06
6345	0.004009952773599477
555	2.0851855111664102e-05
1064	0.0
1482	4.309299180447033e-05
6346	0.0006435196446371974
6347	0.00615577811292828
407	5.086330301536383e-06
1062	0.0
412	0.0
1256	0.00029229610069392677
436	7.603316153101684e-06
6348	0.002536448855253772
1806	1.3935985280774845e-05
3948	0.0
6349	0.0008431140613087977
3613	7.792815128275267e-05
5354	0.0
378	7.986268848155213e-06
6350	0.000751678330216287
5520	1.6240990210719836e-06
2361	0.0
6351	0.0004823060206482741
6352	0.002423218991905526
263	8.051760294466531e-05
1367	0.0
3327	1.041195055491344e-05
544	1.1344927989506334e-05
6353	9.129523107900916e-05
6354	0.001994993368709041
1284	0.0
4133	0.0
4080	4.3042377562420545e-06
1695	4.1322411050109215e-05
4208	0.0
6355	0.00044451356302702854
1372	2.9294962080552744e-05
6356	0.0011398838423998844
2023	0.0
6357	0.0005678837235194165
4989	0.0
4109	2.977940215440891e-05
6358	0.0030480902042465926
3796	1.312840353288304e-06
163	0.0
1311	0.0
1544	6.569890012551426e-06
1983	5.5444247420105643e-05
5346	3.649026190081492e-05
1605	0.0
840	0.0
972	0.0
6359	7.512105363652849e-05
6360	0.0038919978503080157
4447	5.873934053202891e-06
3935	2.6383072123638653e-05
726	3.1912367703769514e-05
704	1.530258055276837e-05
5579	1.995843328489489e-06
6361	0.002964736761875407
2334	0.0
6362	0.005320849342447737
1771	0.0
4185	0.0
5344	0.0
2821	0.0
744	0.0
4066	0.0
2147	0.0
1573	0.0
4923	0.0
5123	0.0
4303	0.0
6363	0.00523987280634064
3817	0.0
1164	0.0
5001	0.0
3445	1.5934067627944013e-06
1611	0.0
1975	0.0
3869	1.9651620633871525e-06
6364	0.002916033684894679
5469	1.7860599223209818e-05
3293	0.0
3577	2.6383825663718654e-05
41	7.286007069397891e-06
4156	6.037383902269188e-06
5470	6.30344843856937e-06
845	9.189196786149286e-05
3924	0.0
6365	0.0011540110910195805
525	1.7866612630026154e-05
530	5.301620324867668e-06
2952	0.0
538	5.741915256778146e-06
2273	0.0
6366	0.0024215757665220893
1021	6.1826137631637865e-06
734	4.557400150738353e-07
458	0.0
1947	0.0
5438	0.0
1048	2.317816416190102e-06
6367	0.0015793954996046104
5727	3.9849097088596215e-07
5839	0.0
6368	0.0026577417386322117
1007	0.0
4106	0.0
62	0.0
6369	0.0013869757228062924
739	0.0
998	9.704689312750997e-06
2575	0.0
6370	0.0007549214334295784
3399	0.0
6371	0.0030991629632115556
6372	0.00024564174635431185
238	1.3934127326079844e-05
4961	0.0
6373	0.0043992512093096086
2480	0.0
2277	0.000424530210051548
4079	1.5199686415508426e-06
1074	1.2348640169678142e-05
2542	6.537239488592624e-06
1232	2.425669724277569e-06
3934	0.0
6374	0.003716293111408843
2491	1.0497003040270027e-06
1990	0.0
3497	7.016347003002057e-06
6375	0.007907813136468052
5285	3.312670668670914e-06
3926	0.0
1123	0.00016661493781452744
4425	6.552283346769948e-06
6376	6.123174494563244e-05
6377	0.0003729156724309181
1596	1.4889888885088555e-06
6378	0.0021139636670803766
4663	0.0
4052	5.618617170253665e-07
207	0.0
6379	0.0046656773177027756
5071	0.00014654527197561983
76	3.377089242684252e-07
5592	0.0
4382	6.601649603929925e-05
1050	4.126631917096926e-07
5244	2.975505008268964e-06
2916	2.603741336430335e-06
4758	5.605859304749207e-07
6380	1.462068710562969e-06
5743	0.0
6381	0.004570969669760982
417	0.0
2235	0.0
683	0.0
1986	0.0
2295	0.0
242	0.0
4868	0.0
6382	0.0005640343799736347
6383	0.00046318251384250085
3337	2.201077879572523e-07
3220	2.201077879572523e-07
2561	3.666332396482361e-05
6384	0.0015561162200122092
6385	0.0004492933604933852
465	0.0
6386	0.0008895835925708453
1620	1.75712615507049e-06
6387	0.0020801050027682445
6388	0.0006866324206386159
3137	4.598170072471373e-06
3425	2.4802757948306017e-05
5735	0.0
5501	7.69471465194494e-06
6389	0.001109299278873092
3931	0.0
2040	5.4353697413713536e-06
3714	6.972027001226602e-06
955	2.437034140137273e-05
1710	0.0
6390	0.0005691879685652956
6391	0.002725094480760395
2090	1.3174394282619237e-06
2122	0.0
6392	0.0018284599907821655
6393	0.0013904708699145848
5662	0.0
5405	8.971930130519415e-06
553	8.201309488494729e-05
0	8.557744724435709e-05
3703	0.00011272072427438323
2496	0.0
3287	3.090983448245196e-05
1191	0.0
6394	0.0008953749276184464
57	7.587818809301524e-06
1850	0.0003299897016538826
6395	0.002512323240752337
1116	6.536444950410978e-05
3592	0.0
6396	0.0013919551639057807
6397	0.003133059338760034
1010	5.821808265395859e-05
4243	0.0
24	0.0
1014	1.0516306983450039e-05
6398	0.001313440498670758
4399	8.51044649193772e-06
3210	1.2857281569796156e-05
5624	0.0
6399	0.003476597714476397
6400	0.0003549555951032346
2633	1.1656777783933975e-05
2607	0.0
4870	0.0
3537	0.0
2625	5.733135402988474e-06
6401	0.0014733796166982217
6402	0.0015137973506733735
4661	0.0
3372	0.0
3371	0.0
6403	0.00027459526266397427
2363	1.0462358988838987e-05
1408	9.990268936083807e-06
2419	1.4459900084171821e-06
6404	0.0017882488688966956
5831	0.0
3141	0.0
1012	1.4760235953717436e-06
1619	1.0389961301370418e-05
3140	0.0
6405	1.1027400195844508e-05
6406	0.00016703228452042413
6407	0.0017928844794765566
1565	6.866848974962413e-07
5688	0.0
196	0.00011107737556638209
6408	0.001352502234920299
4173	0.0
6409	0.0021487101331046023
3908	0.0
367	0.0
6410	0.0013600652612367555
5237	6.260393638314862e-06
701	3.974445016004986e-06
4048	0.0
1339	1.5140508337688262e-05
1001	0.0
6411	0.002094135120779317
5544	0.0
609	2.631118826295499e-06
2209	0.0
5764	7.455536231908595e-06
365	7.871614101472224e-06
5677	0.0
6412	0.0008845602617015815
6413	0.0015925625168682308
1775	0.0
3280	0.0
3281	0.0
2919	0.0
3420	0.0
5647	0.0
1774	0.0
2175	0.0
996	0.0
1643	0.0
6414	0.002298352262870062
3946	0.0
547	1.8239156535837213e-05
5802	0.0
3794	0.0
6415	7.529721310060517e-08
6416	0.0021751398360852297
2620	1.1464704772298669e-06
6417	9.997377626147997e-05
4344	2.726221516434446e-05
1095	0.0
6418	0.0013066294117858213
3007	0.0
6419	0.00030256558223449806
6420	0.0008951990628802602
5205	1.6257319843719713e-05
2323	4.241313219044824e-06
6421	0.0018390429787093988
2017	0.0
5498	0.0
2274	1.4436716689671536e-05
931	0.0
6422	0.0023741385056662402
2420	3.24524386349394e-05
5444	0.0
6423	1.3244347841918752e-05
5897	9.602435322479994e-05
6424	0.0016771554114168167
1593	9.596212474736169e-05
6425	0.0036435034424770374
5668	2.0962958894479512e-05
3249	1.612853206242945e-05
2083	5.7648594135015965e-06
431	0.0
2987	0.0
2809	0.0
1400	0.0
4150	0.0
5196	0.0
3239	1.6547214224362217e-05
6426	0.004946604520826885
4385	3.326468456039589e-05
5829	0.0
504	5.33158170771268e-07
2145	0.0
222	1.380201446236119e-06
1602	8.123274366500279e-05
2662	0.00048265477992994393
3114	0.0
851	1.380201446236119e-06
2969	1.6771814550676362e-05
4128	1.6771814550676362e-05
6427	0.0004977159664408833
3555	0.0
6428	0.008404746979002857
2143	9.119442858873787e-05
2233	2.3092073455875668e-05
2179	0.0
1739	0.0
5609	0.0
2240	0.0
1002	0.0
5617	1.245323100927375e-05
3978	0.0
5316	0.00013720076969153937
2290	0.0
2038	0.0
2052	0.0
4749	2.508949579572944e-05
2992	0.0
4887	0.0
3245	6.258042180237391e-06
960	0.0001254164210634454
6429	0.002645302228979659
305	0.0
5881	3.430160613946849e-05
3787	0.0
2830	0.0
6430	0.00043416409893920883
3343	0.0
6431	0.0009265403260753864
1253	0.0
6432	0.0
6433	0.0011840364400356033
4580	0.0
6434	0.0019022418279507753
3467	0.0
3536	0.0
1894	0.0
6435	3.964732342950902e-05
6436	0.000904148508713683
563	0.0002093789008519194
2834	8.631762821086058e-07
3105	8.631762821086058e-07
6437	0.0017021933035665498
1515	0.0
1141	0.0
3514	0.0
6438	0.0017246863388995354
3227	0.0
6439	0.0028114281761988627
2616	0.0
949	0.0
1331	0.0
2059	0.0
5699	2.5224976043651417e-05
6440	0.0002561666935585563
1460	2.6900146158701705e-05
15	1.2109575929298183e-05
6441	3.765352250813684e-05
239	1.6704241324801216e-06
6442	0.006241020180985481
3837	2.037006703487219e-06
4278	0.0
6443	0.002783848025095436
3357	0.0
537	5.243338150347871e-06
721	4.643247288455304e-06
6444	0.0
6445	0.00042453021005154815
1056	0.0
6446	7.638834930968505e-05
6447	0.0009743039215271049
3324	0.0
6448	0.0014918322356569792
4701	6.9474528638024025e-06
6449	0.0026865516420733608
794	8.861221502021482e-05
4906	0.0
4427	0.0
1538	0.0
4197	0.0
1051	0.0
6450	1.4685872165939416e-07
6451	0.0015093647177898471
5415	0.0
6452	2.0392295621703058e-05
6453	0.0011660601956111712
5754	2.4887971696248476e-05
5441	6.05106210057863e-06
3789	2.5322084258780897e-05
1906	1.2949729625922662e-06
6454	0.0007396746005894379
6455	0.004347813548886129
1155	0.0
2483	3.049656075707759e-06
2066	8.303005090378117e-05
4676	3.049656075707759e-06
4220	0.0
213	1.8730852834147722e-05
315	3.049656075707759e-06
4424	0.0
1872	0.0002476013799911798
4935	3.049656075707759e-06
1508	3.049656075707759e-06
6456	0.00047044424000880844
1959	0.0
6457	0.0009271195353552943
4311	1.0239938382915051e-05
1789	5.314844263377322e-05
6458	0.005131127122967109
969	0.0
3108	0.0
3859	0.0
1385	0.0
6459	0.004005851463213588
2115	0.0
4713	6.367527973659383e-06
257	7.2233345667433936e-06
3572	3.835986642218785e-06
1362	0.0
4041	8.522843969223854e-06
5386	0.0
3350	2.2198054092582616e-06
6460	0.0016712057257668497
6461	0.0007458324607662697
6462	0.0001307128464929662
6463	0.0021527611883086803
6464	0.003411631241678024
3550	0.0
900	5.024022061705897e-05
1521	0.0
6465	0.0123886849670529
6466	0.005662702604926956
5240	0.0
3081	0.0
4891	0.0
3033	0.0
5589	0.0
2788	0.0
5883	0.0
1322	5.998562308399121e-05
4932	3.4539969758500996e-05
3816	8.842029143731884e-05
5265	3.631478659564607e-05
803	0.0
5058	7.77374912556091e-05
2646	0.0
788	0.0
6467	0.0054088893152026574
3791	1.8700854436547456e-06
5116	1.7873890425125007e-05
3243	0.0002683239747823622
3864	0.0
6468	0.0017053182633288034
4029	2.8491044591530717e-06
3392	3.2379651235342375e-05
1667	1.980441108516732e-05
2248	0.0
336	0.0
6469	0.005039712391386205
4874	0.0
1943	0.0
6470	0.015464894970870469
2308	0.0
1829	0.0
1022	0.0
259	5.554164020050842e-05
4621	0.0002923926183352773
5675	0.0001082378055801773
4700	0.0
4519	0.0
700	0.0
549	2.2684606567845012e-05
1690	0.0
4489	2.2684606567845012e-05
4810	0.00011798582899162269
2609	0.00019435978807451687
2756	5.3415632796607787e-05
1130	2.1849434267275444e-05
2232	0.0
2724	0.0
3388	0.0
4122	0.0
3197	0.0
5681	0.0
4777	0.0
5435	0.0
5484	0.0
1716	0.0
1799	0.00011797805873297747
4280	8.759768177577353e-05
3096	0.0
4724	5.2844531675975196e-05
712	0.0
3175	0.00012664537302547514
2880	0.0
1736	0.0
4390	0.0
3131	4.879187506386441e-05
5282	0.0
1477	0.0
639	0.0
312	7.142906197515774e-05
6471	0.0038330127255063505
2590	2.520588080019855e-06
2688	0.0
160	6.449338803034933e-07
2946	0.0
6472	0.0014328715911628054
2962	2.560743938254146e-05
6473	0.00040668572770772573
6474	0.0035464453830404974
4963	0.0
4692	3.5157705769379677e-06
1779	1.817483482349897e-05
3624	0.0
6475	0.001006033720846879
6476	0.00017514403900841888
254	2.6324861091679322e-05
6477	0.002832014521433045
624	0.0
3481	0.0
4078	0.0
6478	0.0007017409173693398
3990	0.0001104712122639635
5582	2.3774113255574405e-07
3515	3.261375533283104e-05
6479	0.0024691351099449268
981	0.0
699	6.155808984526199e-07
6480	0.001568911260005754
244	8.885019939565113e-06
2050	0.0
6481	0.004117781755298231
6482	0.008294376641094907
966	0.0
1594	0.0
3819	0.0
5371	0.0
4380	0.0
3769	0.0
4031	0.0
5689	0.0
64	4.9220226481444994e-05
3164	0.0
4170	0.0
1049	4.8095408217325854e-05
3460	0.0
3079	0.0
1192	7.009726086657195e-05
5112	0.0
5437	0.0
2217	0.0
6483	0.001335537015391823
5399	0.0
1350	0.0
6484	0.002244075808034853
4451	0.0
4547	4.667947750741616e-06
3970	0.0
270	2.2597870641949466e-05
265	0.0
6485	0.00035655123401778343
82	1.5463603461178846e-06
6486	0.0028523098734141604
136	5.298385393840632e-06
4947	5.298385393840632e-06
1642	1.1177972643189907e-05
3151	1.5463603461178846e-06
961	1.6512249358770324e-05
6487	0.0009556004425261485
5338	0.0
4944	0.0
3472	0.0
3222	0.0
3473	0.0
3881	0.0
4650	0.0
6488	0.0005217500461124438
6489	0.0
6490	0.002780572268021491
3976	0.0
5512	1.8098046062128794e-05
5131	1.5506932072061514e-06
4433	0.0
6491	0.0017098358000460366
5803	0.0
2081	0.0
6492	0.0018443415062469085
1512	0.0
1843	0.0
2792	0.0
5490	0.0
5848	0.0
6493	0.0024609603196960273
861	1.5387640365735827e-05
6494	0.00023392745246797616
6495	0.0
6496	0.002023952418125621
1900	0.0
6497	0.00042235326998646617
6498	0.005285617058112784
1185	0.0
4371	1.193103768446851e-05
6499	0.002176258876767276
1395	9.49444851757777e-06
1039	5.767922485977858e-06
6500	0.006709452800609113
1071	0.0
4421	0.0
2762	7.72800991416287e-07
1302	0.0
6501	0.0005272491239133551
5821	0.0
6502	0.0020211884301125876
2062	0.0
4148	0.0
6503	0.0010965251054225072
6504	0.001452538206171401
5149	2.5577526285449505e-06
5692	0.0
6505	0.0033035213843424787
4285	0.0
4549	0.0
4586	0.0
646	2.604073871751494e-07
6506	0.013487108367679823
5076	0.0
2202	0.0
1437	0.0
5751	0.0
1412	0.0
3846	0.0
2057	0.0
4437	0.0
1160	1.1381231424947046e-05
4104	0.0
6507	0.0008721593394548827
6508	0.004402843805772691
1905	0.0
2591	3.964926639545495e-06
5248	0.0
1776	0.0
6509	0.007089659929994675
4807	0.0
3545	7.870228644453323e-06
204	0.0
6510	0.000629925347978581
6511	0.003175928320465923
1443	3.5909438748543173e-06
2815	0.0
781	0.0
937	0.0
6512	0.0007466145792726628
6513	0.0013095702275623274
3812	0.0002522961824552011
2188	0.0
6514	0.004056354758037595
6515	0.0012473432467937462
3248	0.0
355	0.0
1729	9.214321820081707e-07
6516	7.53739723013342e-05
6517	0.012938271110818928
5281	0.0
2015	4.6475220364266634e-05
4073	0.0
905	0.0
3002	0.0
4019	0.0
4394	0.0
140	2.0261239949264994e-05
935	0.0
3644	0.0
4738	0.0
4670	8.609295847996375e-05
5159	5.848420252084359e-06
5082	8.736950399028037e-05
296	0.0
2794	2.7207931647191026e-05
5567	0.0001512437395996013
3743	0.0
669	1.4102175234299078e-05
3510	1.4102175234299078e-05
6518	0.0025212773305399337
2426	0.0
2617	0.0
2723	0.0
6519	0.002067452834778454
1574	0.0
1142	3.9174319813779536e-06
6520	0.0009545858100313913
3605	7.819045286095344e-07
5860	0.0
6521	0.0008857327533245324
6522	0.001810999536494911
3259	6.638321642922474e-06
3336	3.019553916436427e-06
5799	0.0
6523	0.000995182339354008
2206	1.6663174012855244e-06
6524	0.002073504172022309
3221	6.401057784565031e-06
2683	8.068229975317838e-06
6525	0.004354357044509247
4894	0.0
2926	1.1504333490980574e-05
3848	0.0
4975	0.0
6526	0.0008499112597233573
6527	0.0
1870	0.0
6528	0.004298620420821095
2910	0.0
2263	0.0
4949	6.099103809124735e-05
3056	3.4685313989691735e-06
6529	0.002725340379546095
4594	9.740227699541571e-06
4281	8.746356909742567e-07
3855	0.0
6530	0.0023049329073996307
1085	0.0
6531	0.001826421254246165
1937	0.0
6532	0.002250012185168343
3788	0.0
6533	0.000670222049443467
6534	0.0016826723191593759
6535	0.002421777966182231
3408	0.0
2534	0.0
2025	0.0
4798	4.290968094969199e-06
4799	4.290968094969199e-06
4647	0.0
6536	0.0029997396056703116
2198	0.0
6537	0.0006369330676784384
2486	0.0
6538	0.00323146536794931
6539	0.0012907027519444985
2164	0.0
2710	0.0
2901	0.0
1816	0.0
243	0.0
2890	0.0
6540	0.0032078642040978466
6541	4.3477309930104405e-05
6542	0.0022579061699659563
6543	0.0009422083629652263
6544	0.000444280961089355
1979	1.2855269986393654e-05
3134	0.0
6545	0.001833341404208519
229	3.900718971872525e-05
517	0.0
2682	2.3926120304101427e-06
6546	0.002752603110915605
5132	0.0
3565	0.0
3455	0.0
6547	0.0033103809394535596
5238	0.0
5445	0.0
291	1.5729371274203355e-05
2110	0.0
5863	0.0
5575	0.0
4211	0.0
6548	0.0031969371824469095
251	0.0
1784	0.0
1393	0.0
1674	0.0
1486	5.991270646831008e-05
2039	0.0
2914	0.0
2999	0.0
6549	0.00429967003890179
5655	1.1867317462719475e-05
3155	3.136733265974751e-05
5353	0.0
4288	0.0
256	0.0
3878	0.0
1577	0.0
4346	0.0
6550	0.0007401674192549619
2963	9.275333399130076e-07
6551	0.003577167101220763
6552	1.2145450100316767e-05
6553	0.0012168719180898327
12	0.0
6554	0.004850944852572846
705	1.823615602667803e-05
4292	0.0
751	0.0
1218	0.0
1169	0.0
1126	1.8093878653919718e-05
733	0.0
1704	0.0
3285	0.0
4641	0.0
1949	0.0
6555	0.005588399281515801
3676	0.0
5844	0.0
5880	0.0
1364	2.0553429361637154e-05
620	5.545202311799596e-05
5708	0.0
206	0.0
6556	0.0012851009741029508
6557	0.004254295821274895
1125	0.0
4407	9.515368245985704e-07
6558	0.00034192178845111627
6559	1.225713561497867e-06
4802	9.848131211045905e-08
6560	0.0019714413248233453
3438	1.0273317946019694e-06
967	0.00021153698858415853
6561	0.0007473099957809755
6562	0.0011175178240602662
124	0.0
3524	0.0
3615	0.0
6563	0.0002493481758396489
6564	0.002428352310187696
3415	0.0
1163	0.0
6565	0.0008369241197567523
4964	0.0
6566	0.0028504741832717367
2071	0.0
2661	0.0
4378	0.0
4761	2.7691999212653455e-05
6567	0.002734081128604226
6568	0.0007107591858016664
1004	1.0620988728982624e-05
6569	0.0015686448055968517
1958	0.0
6570	1.4685872165939416e-07
6571	0.003289534362601974
6572	0.0015484398710503872
5810	0.0
867	1.5812080902316075e-06
1413	0.0
6573	0.006455531486623216
1489	1.3422186868962203e-05
1519	5.062542054206273e-05
3207	6.8298877056482184e-06
6574	0.0006433063923967398
6575	0.007153616132434687
5815	0.0
5440	0.0
6576	0.0038588975065824275
4097	0.0
648	3.716533469193483e-05
627	0.0
2482	0.0
1637	0.0
777	0.0
6577	0.001810927215057042
2041	0.0
6578	0.0019868302963522186
6579	1.827327134111115e-06
6580	0.0009699515410201997
3683	1.9464119662039457e-06
6581	0.0004316104140831856
3218	0.0002609083031398764
1057	0.0
6582	0.007048496297815213
5704	2.720914427957622e-05
4841	0.0
91	8.22783283060886e-06
6583	0.0
6584	0.0006934447234150701
5374	4.4563885008337475e-05
6585	0.00038667462300558076
6586	0.0004911645963157803
6587	0.0004941056495081416
1595	0.0
6588	0.0015224367954945707
2557	0.0
2442	0.0
6589	0.0010237209835877645
2746	0.0
2177	0.0
6590	0.0014188911628418034
2648	1.8098535048623332e-05
6591	0.004257028058177694
4910	0.0
4916	1.592803660487979e-06
4229	0.0
6592	0.0018978010954468307
2583	0.0
6593	0.0017058874733888306
1229	0.0
6594	0.0013183219220147852
3109	0.0
5175	0.0
6595	0.003301494133023809
6596	0.00046859627513597563
2871	0.0
6597	0.004587432219586168
5041	0.0
1742	0.0
3126	0.0
1733	0.0
2302	1.3562056983000578e-06
5106	0.0
987	0.0
6598	0.0022562067502122454
6599	4.22166171576019e-05
6600	0.0019657079442835738
4207	8.191622282670505e-06
5693	0.0
4206	0.0
4301	2.4314083037102674e-05
6601	0.0
6602	0.0020859276487070143
2196	8.18108480859716e-06
1161	0.0
5197	0.0
6603	0.0009755005118200296
808	0.0
1234	9.070735401535942e-06
2704	0.0
6604	0.0034724519075538516
3829	0.0
5467	1.0573391173194927e-06
2307	0.0
2736	0.0
6605	8.778782569903753e-08
6606	0.0003718909220480094
1859	8.642447418836707e-06
6607	0.002911927534665478
1922	0.0
546	1.0188921377091115e-06
6608	0.0009596853390686315
1093	0.0
6609	0.001003465310545931
1685	0.0
6610	0.0006502650009441078
6611	0.0006235904589190417
2638	0.0
2171	0.00022358161197043696
6612	0.002180382884289545
4572	0.0
5851	0.0
4521	0.0
1068	0.0
3190	3.132199271996858e-06
6613	0.0016203239764104615
3697	2.059420187033438e-06
373	3.1925344032409355e-05
1351	0.0
6614	0.001551104787060197
6615	0.002058767973520309
909	0.0
3564	0.0
5593	0.0
4644	0.0
2964	0.0
6616	0.00368142218009792
612	5.199462367680808e-06
6617	4.3355834663448736e-05
6618	0.0009297953057482573
619	1.4376135077771065e-06
6619	7.444467617123844e-06
6620	0.0006921822307822112
6621	0.0015139151507710838
4859	0.0
1571	0.0
1903	0.0
6622	0.0017303525604741286
6623	0.0022286361956981456
4312	0.0
3396	0.0
1532	0.0
6624	0.00063023230646968
6625	0.0005023512799789044
4543	4.050093675569796e-06
6626	0.0007489632248537001
4152	3.380436908057877e-05
4823	0.0
1249	3.366852561515918e-05
6627	0.0007961852201118674
6628	0.0017822722779853284
4662	0.0
3770	0.0
6629	0.0012691133939802173
5770	7.689133104484678e-07
6630	5.539437473539848e-05
1591	2.538158132555069e-05
6631	0.0039043078645279775
3539	0.0
3586	4.371719373720537e-05
723	2.782614909355761e-06
6632	0.00014168241830289744
6633	0.0003856283587548245
6634	0.002319422023207084
1817	0.0
2073	0.0
6635	0.003702894614356351
3745	0.0
2408	0.0
5380	0.0
6636	0.0
6637	0.0005349619772263419
741	0.000329848967499052
6638	0.001620314700294568
6639	0.00359284927391976
3088	0.0
414	0.0
5556	0.0
5587	0.0
218	6.9482750668123935e-06
1551	0.0
5659	0.0
6640	0.0010526171141665935
6641	0.0022860261778702407
523	0.0
6642	0.0014136347464848745
6643	0.004287995706819788
3483	0.0
1227	0.0
1800	0.0
5621	0.0
709	0.0
3358	0.0
4561	0.0
1483	0.0
6644	0.0006869583852162146
3657	0.0
6645	0.00040398746789923283
6646	0.00012125735990620616
6647	0.0024066951103850704
1017	0.0
4321	0.0
310	0.0
6648	0.000698136304215497
6649	0.0013932823352798295
2208	0.0
6650	0.0010579432583711708
2353	0.0
87	0.0
6651	0.0005494289492942597
5827	0.0
6652	0.00021307065999161777
6653	0.0007522923005554473
5610	0.0
6654	0.0036594006948082033
6655	0.0010414056691359704
3544	3.779534440690263e-05
4363	0.0
5801	0.0
4460	0.0
3009	1.3549672879993007e-05
4742	0.0
6656	0.001472822733041506
273	0.0
5889	0.0
3732	0.0
6657	0.0
6658	0.0017739282211593624
1197	0.0
6659	0.0019906816182944614
4464	0.0
929	0.0
3530	4.191916863500494e-06
6660	0.0008808990006195086
6661	0.0012292968317137425
2380	5.163267310352808e-06
2976	0.0
2386	0.0
6662	0.0
6663	0.003080947831697001
4731	0.0
5643	0.0
2706	0.0
6664	0.0064728815133887965
1110	0.0
4667	5.632169097055511e-07
4134	0.0
3166	0.0
1818	4.812600080988234e-06
6665	0.0017555155027768558
1788	0.0
6666	0.0021526655062845857
6667	0.0002325980192860303
1992	0.0
4780	0.0
4546	0.0
4600	0.0
6668	0.0035064303300287878
5714	0.0
6669	0.0006187403974779647
6670	0.00258561698691123
5885	5.110694301527955e-06
304	0.0
1623	0.0
3706	0.0
6671	0.0020388717440287768
1612	0.0
6672	0.002463139965772568
6673	0.0016305965049036061
3187	0.0
297	0.0
6674	0.002939286366424011
5188	0.0
2489	0.0
6675	0.001884744492899139
4977	0.0
836	0.0
973	0.0
6676	0.003945794986567281
4033	0.0
5561	0.0
2343	0.0
6677	0.0014575277582557073
6678	0.008897033548304808
710	3.609989382454657e-06
5140	0.0
1098	0.0
461	0.0
5092	9.691044345848468e-06
1888	0.0004263593781081881
6679	0.001726854262364853
6680	1.4685872165939416e-07
6681	0.0007077961684563911
6682	0.0018495812558233394
6683	0.0032166184539207028
162	0.0
165	0.0
903	4.159166521978689e-06
6684	0.0013648195391258123
3097	0.0
2892	0.0
6685	0.0
5183	0.0
6686	0.0006352996623502384
4695	0.0
6687	0.0032135398818974835
5392	0.0
4036	0.0
4084	0.0
5221	0.0
6688	0.0005192251885977913
6689	0.0011728592195237272
5788	2.7290745633068318e-06
6690	0.002644121303032059
1589	1.1413542059157214e-06
5494	0.0
4227	2.327402240281654e-06
6691	0.003972576254369478
3646	0.0
6692	0.0017371929086565038
5907	0.0
2269	0.0
3234	0.0
4863	0.0
6693	0.0014326938682240882
5625	0.0
6694	0.0007483154205736476
4209	1.1875027183719487e-05
4609	0.0
6695	0.001309174607969761
3063	0.0011747048575697287
4610	0.0
2808	0.0
2771	0.0
6696	0.0011546041773391688
4837	0.0
6697	0.0006841293431228058
2120	0.0
6698	0.0001097068618643621
6699	0.0005306523151073008
6700	0.0009721710141061439
2980	0.0
1346	0.0
6701	0.00126048936258776
4162	0.0
3200	0.0
6702	0.0013615909261894884
6703	0.0020401175152934227
2213	0.0
6704	0.0016032078566771244
5896	0.0
3326	0.0
2893	0.0
6705	0.0013639728384744949
670	0.0
4508	0.0
6706	0.001926555202712831
3300	0.0
6707	0.0037679285400183263
2113	0.0
3923	0.0
6708	0.001988765210664961
6709	0.0007620254505030122
6710	0.0009719885245401115
6711	0.004246994406682785
3369	0.0
4867	0.0
6712	0.000893865820776624
6713	0.002825689062201406
2685	0.0
5278	0.0
4788	0.0
6714	0.001046581318291484
5531	0.0
3617	1.8083466853580543e-05
6715	0.0011808858901787298
2686	0.0
6716	0.0015277056308062073
5807	0.0
2313	0.0
3269	0.0
6717	0.00020094042020509705
6718	0.0018602179326702567
6719	0.0015696845444905067
1132	0.0
1887	0.0
6720	0.002472016803833804
6721	0.0017749566863373477
4819	0.0
2473	0.0
3983	0.0
2624	0.0
6722	0.002818761555204631
2513	0.0
6723	0.0018554699568893208
6724	0.003583975967733457
3006	0.0
4864	0.0
3278	0.0
5154	0.0
4072	0.0
5174	0.0
5390	0.0
2702	0.0
6725	0.003561019082802968
6726	0.0003471849206247366
3106	0.0
3145	0.0
3068	0.0
6727	0.00474858234330566
3347	0.0
6728	0.009229986323412794
4061	0.0
4789	0.0
2555	0.0
6729	0.0007754575819176535
6730	0.0021195699769836567
172	0.0
6731	0.0041260184818669105
463	0.0
2282	0.0
5658	0.0
4092	0.0
6732	0.0016140531314861217
6733	0.0
6734	0.0032729701445548547
6735	0.003401119528921161
3291	0.0
3308	0.0
5439	0.0
5146	1.0283380375692657e-05
6736	0.0
6737	0.0016718315096584692
1329	0.0
868	0.0
6738	0.0026957509065884135
6739	0.0006574532403263526
6740	0.0
6741	0.0011013181923558726
1454	0.0
3726	4.060405453306215e-06
6742	0.00023286937283274658
6743	0.0011945402092653587
6744	0.0002029610255430733
6745	0.00024134430919821776
2937	0.0
6746	0.0005776052848247746
6747	9.013758799432075e-05
6748	0.00026558959923873225
6749	0.00375284915152223
4539	0.0
826	0.0
4846	1.8642697629449962e-05
4349	0.0
5869	2.7806387108489067e-05
3840	0.0
4845	0.0
3841	0.0
4422	0.0
6750	1.4685872165939416e-07
6751	0.0014056052806199737
4711	0.0
4635	0.0
6752	0.004092715731647257
1114	0.0
877	0.0
2841	0.0
6753	0.0027055870277452477
5213	0.0
395	0.0
6754	8.403238800694049e-05
6755	0.0006335192799783938
5426	0.0
6756	0.0019838055837286895
576	0.0
6757	0.0012569781905033535
2721	0.0
4309	0.0
6758	0.00013608807206708928
2729	1.3738788646080084e-06
6759	0.00170232774254935
2477	0.0
3147	0.0
6760	0.004539078778084735
6761	0.0010110452414393255
1972	0.0
993	0.0
2582	0.0
31	0.0
4149	0.0
6762	0.005460058211951684
3622	0.0
1757	0.0
1584	0.0
6763	0.0007096489668842348
6764	0.0041199752145757275
6765	0.0023637709793205178
4501	0.0
1741	0.0
6766	0.0036539164203008906
6767	0.002183503895104792
5870	0.0
5388	0.0
6768	0.0019197197142149186
5136	0.0
6769	0.008764514815681931
4593	0.0
3368	0.0
3554	0.0
1020	0.0
2284	0.0
1917	0.0
939	0.0
4120	0.0
6770	0.000495455296411356
6771	0.000413952453012486
6772	0.0006447348882162945
6773	0.000821574994548797
6774	0.00021188879632636116
6775	0.0007551276409715106
6776	0.003135987495351899
1819	0.0
2128	0.0
6777	0.0011577343048748373
6778	0.0010001760975480382
6779	0.0009982923309929605
6780	0.0001326801220290891
6781	0.005848803234729416
2114	0.0
1803	0.0
5122	0.0
769	0.0
3219	0.0
4648	0.0
6782	0.003816486456645161
4194	0.0
6783	0.003929012910841776
2468	0.0
835	0.0
220	0.0
5060	0.0
3566	0.0
6784	0.0017196751128955765
2190	0.0
6785	0.004295131407868219
4878	0.0
540	0.0
5570	0.0
3543	0.0
3335	0.0
5220	4.154616324918425e-06
5509	0.0
3808	4.154616324918425e-06
5549	0.0
1858	0.0
608	0.0
6786	0.001005491017417919
6787	0.00249250856076219
6788	0.002749741516730209
3522	0.0
230	0.0
5360	0.0
1546	0.0
3740	2.6488024341735915e-06
4970	0.0
6789	0.0033051415802382183
6790	0.0021619229489952285
1200	0.0
6791	5.274557781530506e-08
3344	0.0
6792	0.0043743588713422155
4616	0.0
5309	5.348428370244453e-06
2244	0.0
4615	0.0
4931	0.0
1954	0.0
3026	9.233680093526886e-06
1217	0.0
6793	0.0009727569981008653
2866	0.0
5401	0.0
6794	0.0005728539669446345
1193	0.0
6795	0.007344168017542018
381	0.0
4770	0.0
1713	0.0
4708	0.0
5515	0.0
6796	0.002050113573816334
4683	0.0
3949	0.0
6797	0.002145409322981352
4495	0.0
6798	0.002068647432347332
2189	0.0
3887	0.0
1828	0.0
2538	0.0
5252	0.0
6799	0.002077280036673358
5291	0.0
6800	0.006295982872571628
5233	0.0
6801	0.004175084866714045
6802	0.002506808784581173
2080	0.0
6803	0.0005018399318641078
2142	0.0
6804	5.17042375542247e-05
6805	0.0
6806	0.003486133164307034
2463	2.9819840964532176e-06
626	0.0
1770	0.0
2391	0.0
5679	0.0
5600	0.0
693	0.0
6807	5.555429156231899e-06
6808	8.422188008836737e-05
6809	0.0010200331725072672
3715	0.0
6810	0.0020819835607417195
6811	0.002463623602013703
5661	0.0
3232	0.0
4850	0.0
5342	0.0
6812	0.00011592071268135087
6813	0.0019659980793752543
2214	0.0
6814	0.001067975087670371
6815	0.0028238312523241327
4011	0.0
4081	0.0
2626	0.0
6816	0.002614550217421687
920	0.0
6817	0.0008489082928968592
3917	0.0
6818	0.0033994570222144562
4339	0.0
3695	0.0
3405	1.897143271466105e-05
4283	0.0
4282	0.0
2918	0.0
6819	0.008895441725595627
4231	0.0
5425	0.0
4772	0.0
302	0.0
765	2.843040481968826e-05
1664	0.0
6820	0.0022397305671528543
1274	0.0
3786	0.0
4877	0.0
6821	0.002545817672910836
2782	0.0
747	0.0
748	0.0
1555	0.0
5613	0.0
6822	0.0016723467797633569
2613	0.0
4068	0.0
6823	0.002604576712027894
6824	0.0007865357035131044
2304	0.0
6825	0.003270818207756643
756	0.0
6826	0.0008729488951015124
6827	0.0012178132316899284
6828	0.0006424731079794466
4892	0.0
2288	0.0
4637	0.0
6829	0.0014124392377718657
5767	0.0
5000	0.0
6830	0.0031782969640380804
2070	0.0
1846	0.0
3619	0.0
456	0.0
4865	2.1118034771180138e-06
6831	0.0009814217408298542
6832	0.0007328994399886139
3144	0.0
2835	0.0
6833	0.004381283622105432
6834	0.0004138092487217928
6835	0.004608524061047809
1665	0.0
2091	0.0
6836	0.0022422598391732694
6837	1.0385310252410632e-05
6838	0.0008489695142765328
5396	0.0
4482	0.0
6839	0.001608681269678498
6840	0.0018717393161182556
6841	0.0003777340725416725
6842	0.0007310732264022379
6843	0.003623677605881417
2692	0.0
1656	0.0
6844	0.0009423395261196135
331	0.0
5868	0.0
6845	0.0017688411634992655
6846	0.0011395981753242876
1491	0.0
6847	0.0042265535955186735
6848	0.003986198825536467
1086	0.0
4760	0.0
1969	0.0
2004	0.0
5461	0.0
542	0.0
1542	0.0
6849	0.0010624268761301675
6850	1.1290395596987618e-05
5306	0.0
6851	0.0005375734977649394
6852	0.0046350606785545536
3486	0.0
6853	0.0013055186192379897
1663	1.256379311751588e-06
6854	0.002352935301299884
6855	2.7271747969050204e-07
2395	0.0
2761	0.0
2840	0.0
6856	0.003083603886710519
4164	0.0
4132	0.00026551262533645794
3700	0.0
6857	0.0013618831839519137
1645	0.0
5753	0.0
6858	0.004186656936793523
1032	0.0
3731	0.0
6859	0.00040953796747570065
6860	0.0045195753392690465
4725	0.0
1277	0.0
6861	0.0011686100606672874
6862	4.868050552226005e-05
6863	0.0035706074523272403
4709	0.0
3297	0.0
1326	0.0
1563	0.0
2674	0.0
3875	0.0
6864	0.002976582467150635
526	0.0
5259	0.0
4214	0.0
6865	0.001082608146868823
6866	0.0017665787887417535
4479	0.0
2127	0.0
227	0.0
2956	0.0
6867	0.0004987746210002551
6868	0.004794893471834573
6869	0.0009138951952622567
2805	0.0
5660	5.124249638944908e-06
2410	1.2679104788820818e-05
3616	0.0
6870	0.0025863874554799306
2001	0.0
4362	0.0
3658	0.0
1686	0.0
2659	0.0
2573	0.0
6871	0.0010927009050703135
6872	0.0016559001029073789
6873	0.0004304579919134972
2858	0.0
6874	0.0016378329553782467
6875	0.0005263493266294718
2364	0.0
5155	0.0
6876	0.0005822507854904827
6877	1.7732179326576553e-05
6878	0.0014311373352572593
2000	0.0
4889	0.0
2375	0.0
6879	8.342335847724094e-06
6880	0.00044580120625444317
6881	0.0021081291981032606
5503	0.0
5100	0.0
2317	0.0
6882	3.131705725112598e-06
6883	1.6150935186115286e-06
3139	0.0
4759	0.0
6884	0.0024431186907217387
6885	0.0008425398278774433
4668	0.0
4095	0.0
3397	0.0
4038	0.0
6886	0.001160876930859899
2152	6.930865143065507e-07
1226	0.0
6887	0.00104364665287563
6888	0.00014958595826894435
6889	0.0012785320307771803
2095	0.0
6890	0.0021278424960191663
3011	0.0
6891	0.0012523056689459785
5463	0.0
6892	0.0007353508373003889
2411	0.0
6893	0.0019643865922217103
6894	0.003298152521608963
503	0.0
1	0.0
1376	0.0
6895	0.0014564599436292453
1974	0.0
1756	0.0
6896	0.001311987218020912
1268	0.0
2843	0.0
6897	0.002273068568639284
1461	0.0
2798	0.0
6898	0.0017725137388588026
2925	0.0
6899	0.0014833387011524476
427	0.0
6900	0.0010526982238220834
4927	0.0
6901	0.004544238835344599
6902	0.0002956188320813135
6903	0.0022207576245790845
3650	0.0
6904	1.4685872165939416e-07
6905	0.0002709393209549978
6906	0.0012496124549417102
6907	0.0004568401814385228
5653	0.0
360	0.0
6908	0.0014188689339905435
6909	0.00017707632794587995
