859	0	3309
2974	12	3309
3309	78	434
3309	24	94
3309	20	61
3309	70	1099
3309	74	2255
3309	50	63
3309	70	1270
2024	250	3309
3309	34	40
3310	460	3263
3310	70	2773
3310	342	3263
4	424	3310
3311	20	2682
3311	34	40
220	136	3311
3311	136	116
3311	20	730
2000	140	3311
3311	24	94
1888	136	3311
3311	70	117
3311	148	716
3311	70	1201
3312	46	21
1237	16	3312
3312	18	179
3312	52	215
3001	144	3312
3312	52	350
908	168	3312
3312	126	684
3312	322	812
3312	130	309
3312	126	908
3312	132	686
3312	118	189
3312	52	69
3312	138	908
2404	144	3312
3312	18	34
3313	126	3314
3313	46	426
3313	46	446
3282	260	3314
3313	46	730
3313	46	113
3314	78	3276
3313	46	822
3313	46	3054
3313	46	384
3314	144	3313
3314	94	1495
3314	24	94
3314	78	2932
3313	46	717
3314	70	106
3313	46	119
371	140	3314
3313	46	519
3314	78	16
3313	46	629
3314	144	2500
3313	48	61
3314	78	2031
3313	50	63
3313	46	134
3313	46	494
237	28	3314
2668	144	3313
3313	46	388
3314	70	88
3313	46	61
3314	144	2490
3314	144	1299
3313	46	21
3314	34	40
3314	74	2475
3314	72	1021
3313	46	1684
3314	298	189
3314	28	237
3314	14	2490
3314	78	322
3313	132	2041
2111	54	3314
3313	18	1503
3313	46	112
3315	136	3316
3316	136	3315
383	336	3315
3315	74	357
22	348	3316
3316	24	25
3316	406	2061
457	136	3316
3316	20	21
3315	330	75
3316	78	1336
3316	70	117
3315	70	649
195	136	3315
3315	136	220
637	250	3316
3315	70	117
3316	68	1519
3316	70	1201
3315	94	831
1646	136	3315
3315	136	1888
3316	144	3119
3316	34	40
3316	70	649
3316	70	2378
3317	18	67
440	112	3317
3317	46	98
3317	46	730
3317	46	43
3317	46	1844
3317	118	189
3317	46	717
3317	8	9
3317	46	3082
3317	46	629
3317	40	366
3317	46	327
3317	8	1424
3317	46	1526
3317	46	21
3317	46	384
3317	46	23
3317	46	113
3317	46	134
3317	52	69
948	14	3317
3317	18	179
3317	46	157
3317	46	502
3317	46	651
3317	90	196
3317	46	2101
3317	46	822
3317	46	2161
1406	144	3317
3317	46	180
3317	46	201
3317	46	33
948	144	3317
3317	46	61
3317	46	325
3317	22	112
3317	46	617
3317	40	1222
3317	46	1207
1383	100	3317
3317	46	559
3317	46	1684
3318	10	1286
2587	74	3318
3318	50	63
3318	320	1045
1449	60	3318
3319	362	2303
2395	278	3319
3319	432	2761
2840	278	3319
3319	432	2840
3320	320	1045
21	356	3320
3320	10	1955
3320	418	189
3321	108	384
3321	48	21
3321	46	426
3321	90	159
3321	40	1148
3321	18	876
3321	46	23
1708	16	3321
273	14	3321
3321	46	134
123	16	3321
3321	40	48
3321	304	273
2	16	3321
3321	46	113
952	100	3321
3321	46	119
3321	118	189
3321	46	157
3321	52	350
3321	52	1793
708	16	3321
3321	96	9
3321	62	2
3321	40	366
3321	46	519
686	100	3321
3321	132	686
697	14	3321
3321	18	601
3322	46	21
3322	46	2972
3322	46	403
3322	46	201
1630	14	3322
3322	108	23
3322	46	384
3322	62	1789
3322	46	98
3322	52	69
3322	132	211
889	16	3322
3322	62	889
1153	16	3322
3322	18	34
1789	16	3322
3322	46	157
392	16	3322
3322	40	366
79	16	3322
3322	46	112
3322	18	876
3322	322	1630
3322	108	61
3322	48	61
3322	48	112
3322	46	629
2947	28	3323
3323	28	763
3323	14	1080
3323	78	138
3323	20	21
353	28	3323
3323	74	612
3323	24	94
3323	28	1170
24	28	3323
763	28	3323
3323	70	106
3323	144	308
264	28	3323
1413	28	3323
1080	126	3323
467	28	3323
3323	12	1413
3323	28	3078
138	54	3323
3323	12	758
1649	26	3323
3078	28	3323
3323	12	1650
3323	28	264
3323	78	322
3323	28	758
1413	12	3323
3323	28	318
758	28	3323
3324	244	3325
3325	20	21
1346	256	3324
3324	244	739
3325	28	1794
3325	34	40
3325	70	106
3324	244	3012
3324	244	2967
3324	244	2777
3324	252	69
2967	14	3324
3324	344	21
1186	42	3326
3326	242	1577
2792	250	3326
3326	24	94
3326	20	21
1577	242	3326
1186	242	3326
3326	34	101
3327	78	3051
3327	144	1028
3327	50	63
3327	70	649
3327	370	1465
3327	144	1119
3327	20	384
3327	246	290
3327	144	2165
1028	138	3327
1695	184	3327
1028	322	3327
1916	140	3327
3327	70	106
3327	24	94
3328	24	94
3328	70	649
3328	20	21
3328	298	189
3328	28	1175
1175	28	3328
3328	144	2165
1174	28	3328
3328	78	1055
3328	70	106
3329	344	21
3329	50	63
3329	252	69
632	256	3329
3330	88	1412
3330	128	384
3330	186	384
3331	16	3332
3332	40	366
3332	324	1893
1325	16	3332
3332	118	189
3331	16	3298
3331	16	3217
3332	46	494
3331	16	1124
3332	62	294
3271	16	3332
3331	16	3308
3331	16	1162
3331	16	1239
3331	16	3141
3332	62	2
294	16	3332
3332	46	43
3332	46	327
3332	46	23
3331	16	1972
2	16	3332
968	16	3332
3332	52	716
3331	16	1374
3331	16	1351
3332	96	9
3332	46	717
3332	46	502
1015	16	3332
3331	16	988
3331	16	1757
3332	52	69
3331	16	677
1302	268	3332
3332	46	325
3331	16	78
3332	46	113
3331	16	1484
3332	90	357
3332	46	1684
3332	46	730
3332	46	446
340	62	3331
3331	16	3231
3331	16	1423
3332	46	3054
3331	16	326
3331	16	1985
3332	46	426
391	16	3332
3332	62	895
3331	16	107
3332	46	403
3332	46	180
2964	62	3331
3332	46	460
3332	18	759
3331	16	3124
3331	16	3085
737	16	3332
3332	46	1844
3332	46	112
3332	46	388
3331	16	476
3331	16	2217
3332	46	134
3332	46	201
3331	16	340
3332	282	1893
3331	16	3277
3331	16	171
238	62	3331
451	100	3332
3332	46	157
320	62	3331
3332	46	651
3331	16	1594
3331	16	3024
3332	46	61
3332	46	822
3331	16	2964
886	16	3332
3331	16	365
3331	16	1564
3331	16	921
3333	330	1700
3333	50	63
3333	78	1454
3333	74	615
3333	94	615
3334	70	106
3334	28	2912
3334	34	40
3334	28	541
3334	94	338
3334	28	793
3334	28	404
3334	144	405
3334	74	338
3334	20	592
1694	28	3334
404	28	3334
3335	334	189
3335	240	716
118	84	3335
275	66	3335
3335	38	99
3335	116	217
2562	60	3335
3335	314	189
716	230	3335
585	286	3335
650	80	3335
3335	258	1834
3335	146	1335
3335	164	447
3336	42	1631
3336	14	186
24	42	3336
3336	14	1721
3336	376	192
2452	174	3336
306	42	3336
3336	144	186
564	166	3336
3336	70	106
192	376	3336
3336	242	306
3336	20	21
3336	318	2452
610	166	3336
3336	42	306
3336	174	2452
306	242	3336
3337	94	3338
424	60	3338
3337	28	1182
3337	14	2203
3337	20	21
3337	78	138
680	166	3337
3337	70	1006
21	60	3338
3338	50	63
3337	24	94
3337	34	40
3339	46	548
3339	46	201
3339	130	231
3339	46	617
3339	46	134
3339	46	426
3339	46	43
3339	50	63
3339	46	629
3339	18	34
3339	46	403
3339	46	61
3339	52	69
3339	48	112
3339	46	1999
3339	96	9
3339	46	1447
3339	46	691
3339	46	1684
1142	16	3339
3339	46	822
601	30	3339
3339	46	384
3340	28	3341
3341	174	1498
3340	28	334
3340	28	24
3042	28	3341
3340	14	1972
3340	24	94
3340	78	562
50	42	3341
3340	28	467
3340	74	734
1867	54	3340
3340	74	75
3237	174	3341
3341	242	758
27	28	3340
758	42	3341
3341	28	3042
31	28	3340
3341	78	322
2026	28	3340
3340	70	649
306	28	3340
3340	68	776
3341	28	329
1749	54	3341
3341	174	24
353	28	3340
3340	78	1878
999	54	3340
3341	144	2913
3341	70	106
3040	260	3340
3340	28	172
3341	70	88
3237	176	3341
3340	12	3020
3340	28	306
3340	28	318
3341	412	2192
24	28	3340
329	28	3341
3341	78	904
3340	28	763
334	28	3340
24	174	3341
3341	74	1014
3340	74	1308
3340	28	353
3340	28	2026
3340	70	106
1806	26	3340
3341	14	1502
3341	42	758
3020	12	3340
3340	12	27
3340	28	30
3340	144	1972
24	176	3341
3341	94	1014
3340	28	3323
3341	42	50
3340	74	357
467	28	3340
3340	78	173
1498	174	3341
1502	260	3341
3342	20	592
3342	78	2927
373	182	3342
3342	70	106
3342	78	1055
3185	166	3342
3342	34	101
3342	20	21
3342	24	94
3343	246	3344
1933	152	3344
2979	0	3343
279	152	3344
3344	152	377
3344	152	2067
278	152	3344
277	152	3344
3343	74	572
252	154	3344
3344	154	272
858	154	3344
3344	152	277
3344	152	928
3344	154	509
3343	70	649
1269	32	3344
252	160	3343
1704	154	3344
3343	20	21
169	152	3344
377	152	3344
3343	70	661
2067	152	3344
3176	152	3344
858	152	3344
3343	24	94
3343	246	252
3343	94	572
409	0	3343
3344	152	274
3344	154	278
3343	246	274
3344	154	290
3344	154	928
3344	212	928
928	152	3344
278	154	3344
532	32	3344
166	32	3344
3344	154	858
3344	154	3303
38	152	3344
3344	152	169
274	152	3344
3345	244	3346
3345	306	34
3345	306	907
3346	20	21
3346	50	63
3345	306	759
3345	306	128
3346	68	435
3345	244	1505
269	140	3346
1529	30	3345
3346	34	40
285	104	3346
3346	74	2542
2518	140	3346
3347	232	3348
3348	218	3348
3348	300	3348
3348	6	257
3348	6	1039
2181	454	3347
3347	232	2119
3347	232	1850
1023	236	3348
1673	378	3348
3348	72	1372
3156	454	3347
3347	232	2311
3089	454	3347
344	170	3348
3348	166	1214
21	60	3348
3349	442	3350
3349	114	3349
3350	454	3347
3350	456	184
3350	98	184
3350	456	2182
93	74	3349
3350	434	3046
1523	60	3349
2455	278	3350
3090	278	3350
3350	434	3090
3349	10	1330
3350	456	3090
184	278	3350
3349	320	1045
3350	98	3090
2182	278	3350
3350	362	1386
3350	354	1178
3350	378	448
93	94	3349
3350	456	2455
3351	18	34
3020	144	3351
3351	18	1734
3351	126	1276
3351	40	48
2131	14	3351
3351	126	2131
3351	18	179
3351	52	69
1276	14	3351
3351	18	1445
3351	46	119
1276	144	3351
2932	16	3351
2092	268	3351
2131	144	3351
3351	126	3224
3351	46	21
3351	46	23
3351	46	384
3351	126	3020
3153	16	3351
3224	14	3351
3224	144	3351
3351	40	366
3352	62	968
3352	18	818
3352	52	69
3150	16	3352
1258	112	3352
192	14	3352
1694	14	3352
3352	40	1222
3352	40	362
386	16	3352
3352	46	21
3352	130	309
1586	30	3352
3352	18	3005
3352	40	48
3352	48	61
3352	48	822
3353	52	69
1567	16	3353
351	14	3353
3353	52	882
1698	144	3353
3353	48	112
644	352	3353
3353	304	702
1043	14	3353
3353	62	1567
3353	40	1222
3353	46	112
351	144	3353
3353	132	1433
1534	16	3353
3353	40	232
3353	40	48
3353	18	179
1457	228	3354
1697	0	3354
2979	0	3354
3354	78	1123
1485	0	3354
3354	78	2807
2807	54	3354
713	0	3354
678	0	3354
3354	50	63
2261	0	3354
53	26	3354
3354	78	335
3026	0	3354
335	54	3354
891	54	3354
3355	298	189
3355	70	649
3118	28	3355
3355	78	999
3154	12	3355
3355	74	159
3355	24	94
3355	12	3001
3355	70	657
3355	254	644
3355	94	159
3355	144	1159
684	12	3355
3355	12	2404
3355	34	40
3355	68	191
3312	126	3355
3355	144	3239
908	12	3355
774	28	3355
3355	144	3312
3355	28	3118
3355	70	88
3355	20	21
3356	46	23
3356	46	325
3356	46	548
3356	322	2428
34	30	3356
2428	168	3356
3356	46	1684
3356	46	21
3356	46	426
3020	144	3356
569	100	3356
3356	96	9
270	14	3356
3356	46	3054
3356	46	388
3356	46	403
3356	40	48
3278	14	3356
3020	14	3356
3356	40	366
3356	48	21
3356	304	3278
3356	52	69
3356	46	201
3356	46	494
3356	46	617
3356	358	1637
3356	46	384
3356	46	113
3356	46	519
1749	16	3356
3356	40	3065
3356	46	119
3356	18	3005
2428	14	3356
3356	46	134
211	100	3356
3357	144	3358
3358	62	886
3358	48	33
3143	14	3358
3357	34	40
3358	40	1248
3357	14	1124
3358	40	1148
3153	54	3357
3357	28	348
1124	126	3357
3161	28	3357
95	16	3358
3358	18	34
347	12	3357
3118	144	3358
3357	298	189
3357	68	1519
3357	20	112
1031	16	3358
1237	16	3358
1582	30	3358
886	16	3358
3357	28	3161
3357	78	562
2369	28	3357
3358	40	366
3358	8	689
3358	40	1222
1153	16	3358
3357	78	1783
434	16	3358
3358	48	822
3357	12	85
330	16	3358
3358	18	1660
3358	18	299
3358	46	21
3358	126	3143
348	12	3357
3357	50	63
3358	48	21
3359	28	3360
3360	78	138
3359	34	40
3359	20	21
3359	70	106
1364	26	3359
3360	78	322
3359	78	322
3359	50	63
3360	20	21
3360	74	90
3359	78	2728
3359	70	1006
2195	28	3360
3359	78	406
3360	28	3241
3016	166	3359
3361	362	1386
3361	454	3347
3361	378	610
2182	278	3361
3361	98	2455
3361	98	184
3361	456	3046
3361	434	2455
3361	434	184
3361	456	3090
3361	456	2182
3090	278	3361
3361	434	2182
3362	16	3363
32	78	3362
3362	54	565
3362	2	1868
3161	78	3362
727	78	3362
1374	62	3362
3362	54	3100
3363	18	818
3362	54	172
3363	18	876
3363	46	21
3362	16	2070
3362	2	1302
3362	16	47
3362	2	2028
3362	2	1613
3362	16	149
3362	54	442
306	78	3362
3362	16	1564
3363	90	121
3362	16	171
348	78	3362
3362	16	1411
3297	78	3362
1326	62	3362
3363	40	3065
3362	16	365
3363	118	189
50	78	3362
3362	16	1236
2031	16	3363
905	78	3362
3362	16	1913
1930	78	3362
3362	16	1326
1621	78	3362
3362	16	35
3362	16	3277
613	78	3362
3362	16	340
3363	18	34
1274	78	3362
3362	54	1274
1343	16	3363
149	62	3362
3364	28	3365
3365	28	2250
3365	78	392
3365	94	357
2363	138	3365
3332	260	3364
3365	20	21
392	54	3365
3364	78	1336
3365	74	357
3019	126	3365
3364	70	649
1336	54	3364
873	138	3365
3365	12	756
2217	138	3365
3364	12	64
908	12	3365
3364	94	159
3365	74	75
2492	28	3365
2250	28	3365
885	12	3365
1337	26	3365
3365	78	1360
3365	78	1336
3365	24	25
3364	70	88
3365	12	211
3364	24	94
3365	12	908
3364	20	21
3365	28	768
3365	28	1813
756	28	3365
3364	70	132
3364	12	3365
3365	14	312
3365	28	885
64	28	3364
1920	28	3365
3364	28	64
3366	20	21
3366	342	3156
3366	34	40
3366	144	3134
3366	144	824
1386	424	3366
3366	70	416
3366	144	3036
3366	144	2070
3366	50	63
3367	74	1983
3106	166	3367
3367	20	21
3367	24	94
2180	424	3367
3367	70	2798
3367	74	2156
3368	38	99
3368	164	447
3368	106	189
585	286	3368
3368	146	2452
1548	222	3368
275	66	3368
3368	334	189
215	230	3368
111	80	3368
3368	142	1011
3368	332	1103
977	208	3368
650	80	3368
3368	240	69
347	208	3368
2562	60	3368
69	230	3368
3369	94	3370
3369	74	3370
3370	50	63
625	60	3370
3369	70	649
3369	34	40
3370	284	625
3369	180	2642
3370	128	21
3371	26	3372
731	2	3371
70	2	3371
79	2	3371
3372	70	88
3372	74	1048
1732	2	3371
282	2	3371
955	2	3371
1744	250	3372
3372	330	75
2	2	3371
3371	294	1790
3373	138	3374
3374	70	106
3374	14	3373
3373	132	632
3374	74	338
3237	174	3374
3374	74	121
3373	46	21
3374	20	21
3373	48	21
3373	40	1148
3374	174	3237
3373	118	189
3373	348	3157
3373	18	299
3157	144	3373
3373	96	9
3374	298	189
3374	34	40
3374	74	548
3373	40	366
3374	70	88
3375	454	3376
3375	378	564
3375	378	2424
3375	354	1522
3376	232	607
3376	232	564
3375	354	1333
3375	378	3348
3377	164	447
3377	88	911
3377	88	2093
3377	240	69
1548	222	3377
3377	186	394
1023	222	3377
911	88	3377
2016	84	3377
585	286	3377
3377	288	201
2016	60	3377
3377	288	822
111	80	3377
3377	122	946
559	288	3377
3377	38	99
481	288	3377
3377	258	1834
3377	288	2972
3377	288	481
3377	106	189
3377	116	217
2201	6	3378
865	6	3378
444	156	3378
3185	6	3378
1246	6	3378
530	6	3378
1283	156	3378
174	6	3378
2138	6	3378
483	6	3378
1232	6	3378
1808	6	3378
1535	156	3378
561	12	3379
3202	12	3379
3379	78	322
3379	24	94
3379	28	1505
3379	28	3202
3379	144	369
3379	28	561
3379	70	106
3379	24	25
3379	78	138
3379	28	2929
1506	244	3379
3379	28	2928
3379	34	101
2929	28	3379
3379	12	2929
1692	166	3380
392	54	3380
3380	406	2061
3380	70	88
3380	144	3264
3380	70	657
3380	34	40
3380	144	1162
391	54	3380
665	54	3380
2669	120	3380
1153	54	3380
3380	24	94
3380	78	665
3380	70	106
3381	2	3382
3381	2	1405
1272	2	3382
3382	294	845
2735	2	3382
438	2	3382
2305	2	3382
3381	2	1327
3381	2	188
3381	2	893
102	2	3382
3382	26	176
2649	2	3382
3382	26	1363
2400	2	3382
2076	2	3382
2537	2	3382
3382	26	3245
2719	2	3382
1677	2	3382
3070	2	3382
667	78	3381
1431	2	3382
3381	2	557
3382	26	2433
3382	26	1238
3381	2	53
1416	2	3382
1536	2	3382
335	2	3382
3381	2	2989
3382	26	1370
766	2	3382
3382	26	2516
3382	26	695
3381	54	462
3381	2	764
3381	2	553
1137	2	3382
3382	26	967
491	2	3382
784	78	3381
2576	2	3382
3382	26	1266
486	2	3382
594	2	3382
3382	26	492
2333	2	3382
3381	54	1002
556	2	3382
2685	2	3382
3383	422	3384
3384	70	132
3383	62	1625
443	54	3384
3047	226	3383
3383	252	69
2909	16	3383
3383	62	2570
3383	126	3384
3384	78	443
3383	306	818
792	226	3383
3383	50	63
3384	28	2198
564	166	3384
295	226	3383
406	16	3383
811	226	3383
3384	12	520
2167	12	3384
3384	210	508
3384	12	2167
3384	28	3047
1868	268	3383
3383	344	21
3383	126	3047
3384	12	3047
1084	226	3383
1475	16	3383
1371	222	3385
3385	122	1160
2202	222	3385
3385	50	63
3385	196	21
3385	122	191
3385	122	223
3385	116	217
3385	326	21
3385	186	21
3385	314	189
3385	122	2057
3114	202	3385
3385	122	435
3386	28	3387
3365	28	3387
2492	28	3386
2492	28	3387
3386	28	211
2738	54	3386
3387	70	649
3387	74	357
3386	28	2617
3386	28	2492
3387	20	21
3387	24	94
211	28	3386
1348	12	3386
3387	70	1201
861	28	3386
3386	12	1920
3387	28	3386
3364	28	3386
3387	78	3023
3386	78	1360
3387	78	1336
3365	28	3386
3386	12	861
3386	28	1348
2278	28	3386
3386	28	861
1336	54	3387
3387	70	106
3387	144	2071
1336	54	3386
2048	250	3387
3387	70	117
3386	28	3365
3387	28	2492
3386	78	1336
1920	28	3386
2278	12	3386
316	104	3387
3386	44	357
1199	144	3388
1877	144	3388
3388	22	112
3388	48	21
3388	18	3005
3388	40	1222
3388	46	21
1612	144	3388
3388	132	1990
3388	18	128
686	100	3388
1698	144	3388
3388	8	1424
3388	96	9
3388	52	69
3389	28	3390
3390	28	2928
85	12	3390
3390	14	3317
3389	20	134
3390	12	1505
2928	12	3390
3389	34	101
3202	28	3390
3379	12	3389
3390	298	189
3379	28	3389
1505	12	3390
3390	318	3379
2929	28	3389
3357	12	3390
1505	12	3389
3389	14	1506
3389	78	138
3390	12	3161
1124	126	3390
2928	28	3389
3390	70	106
3390	144	3317
1506	244	3389
3390	20	822
3390	28	347
3390	144	1124
3390	28	3379
1505	28	3390
3379	28	3390
3389	12	2929
3202	12	3390
3389	28	2928
3389	144	56
2929	12	3389
3390	12	85
3390	28	3389
3389	12	3390
2928	28	3390
1505	28	3389
3390	28	3161
3379	174	3390
3390	28	348
2028	26	3390
3391	70	376
349	140	3391
3391	136	2434
3391	70	117
3391	136	220
3391	136	2731
3391	20	21
3392	100	3393
1748	132	3392
3202	144	3393
601	30	3393
3392	100	2295
3392	100	145
3392	100	417
1433	28	3392
3393	46	357
1237	16	3393
3392	100	1118
3258	16	3393
3392	78	392
3393	282	2566
3392	100	817
3393	18	19
3392	78	28
3392	100	171
3393	118	189
3393	40	48
653	28	3392
3393	46	21
3392	100	700
3393	282	2226
3392	78	443
2372	144	3393
3393	52	350
34	30	3393
3392	28	653
3393	40	232
3393	46	519
3393	46	822
28	16	3393
3393	18	876
3392	100	2697
3393	46	426
3393	46	113
3392	100	2403
3393	52	69
3392	72	126
1433	276	3392
3393	224	545
3392	28	1433
172	144	3393
3393	46	75
3051	16	3393
3394	144	3395
3395	138	2428
3394	70	106
349	140	3394
3395	118	189
92	14	3395
3395	46	113
3394	78	2
108	16	3395
3331	16	3395
3394	78	1578
3395	46	691
3394	144	645
3395	46	112
3395	46	327
3395	46	134
386	16	3395
3395	96	9
968	16	3395
3395	46	519
3394	24	94
2660	26	3394
173	16	3395
3395	62	950
3395	46	403
3395	46	3054
3395	40	1222
566	16	3395
2428	168	3395
3394	70	649
92	144	3395
3020	14	3395
3394	78	2927
1783	16	3395
3394	78	2935
1015	16	3395
564	166	3394
1343	16	3395
3394	20	21
3395	46	2972
3394	78	1708
3395	46	1508
3395	46	426
1203	14	3395
3395	46	43
282	16	3395
3395	46	157
1203	144	3395
3020	144	3395
3395	46	119
3395	52	69
3271	16	3395
2079	184	3394
3395	126	92
3395	46	617
3395	40	48
16	16	3395
3396	46	134
1789	16	3396
3396	48	61
3396	304	1849
3396	46	157
3396	62	1312
3396	46	1684
3396	46	1844
3396	46	730
3396	118	2374
3396	40	366
3396	46	651
3396	46	33
3396	46	388
3396	130	231
3396	46	325
3396	46	384
3396	52	69
3396	46	426
3396	46	45
3396	46	112
3396	46	403
3396	46	23
3396	46	21
3396	132	2041
3396	46	691
3396	304	408
3396	46	201
3396	46	3054
3396	46	113
3396	46	519
3396	48	822
3396	46	119
3397	40	1222
3397	46	23
3397	52	69
211	100	3397
3397	132	211
3397	46	822
3397	46	3054
3397	46	157
3397	46	134
3397	46	519
3397	46	548
3397	46	61
3397	46	3082
3397	46	113
3397	46	403
3397	46	384
3397	46	426
3397	282	2566
3397	46	388
3397	304	1128
3398	70	292
252	160	3398
3398	70	726
3398	32	272
3398	32	928
3398	78	1876
1348	42	3398
335	54	3398
1327	26	3398
3398	74	121
3398	28	375
3398	28	932
3398	20	384
3398	70	1224
2685	54	3398
3398	32	38
1702	0	3398
3398	42	1348
3398	32	169
3398	12	932
3398	78	486
1876	54	3398
2526	0	3398
3398	32	751
3398	32	872
1676	12	3398
3398	78	2685
3398	32	1206
3398	12	375
3399	40	1248
3399	40	366
3399	18	759
3399	90	2292
3399	48	384
3399	90	90
3399	18	67
964	144	3399
3399	40	48
3400	6	3401
1056	60	3400
3400	166	3327
384	60	3400
1198	6	3401
779	6	3401
3401	34	40
444	156	3401
344	156	3401
316	156	3401
3400	10	1286
3400	6	1695
665	54	3402
3402	78	282
2195	28	3402
3402	28	318
3402	34	40
3402	78	1783
3402	78	283
3402	20	1467
3402	78	173
3360	28	3402
3402	28	763
3323	28	3402
3402	74	1014
3276	54	3402
3402	78	3276
3402	78	1749
3402	78	322
318	28	3402
3402	148	69
3402	20	112
27	28	3402
353	28	3402
3402	28	264
3402	28	3359
308	138	3402
467	28	3402
3340	28	3402
2564	26	3402
3402	70	400
24	28	3402
3402	78	566
3402	28	467
334	28	3402
3402	78	3362
2111	54	3402
3402	28	2947
237	12	3402
269	140	3403
3403	70	88
3403	34	40
467	174	3403
6	166	3403
3403	70	657
3403	168	853
3403	20	21
3404	16	3405
754	78	3404
3404	16	655
1625	16	3405
3405	62	1625
1529	30	3405
3405	62	1820
406	16	3405
991	62	3404
3405	62	406
3404	16	1105
3120	78	3404
2911	78	3404
3404	54	614
1475	16	3405
3404	16	685
3404	2	1364
3359	14	3405
1549	14	3405
685	62	3404
3404	54	957
3404	16	154
3404	54	3359
3405	344	21
654	256	3405
3404	384	1821
3405	306	1586
3404	16	3128
3404	54	2910
3404	16	1774
3405	306	3005
3405	62	2570
1364	268	3405
3159	78	3404
3405	126	3359
3405	62	1108
1910	78	3404
3406	50	63
3406	304	3278
3233	14	3406
3406	18	1734
3406	96	9
3406	90	357
3406	48	21
3406	126	809
809	14	3406
3406	282	2566
3406	126	3020
3406	52	1139
3406	126	2240
1586	30	3406
3406	46	61
3406	118	189
809	144	3406
3406	18	818
2937	142	3407
822	142	3407
197	142	3407
276	142	3407
559	142	3407
3408	46	3409
3409	332	1103
1338	46	3409
887	46	3409
3408	46	519
2964	46	3409
156	46	3409
5	66	3409
473	46	3409
1070	46	3409
1606	46	3409
1632	46	3409
824	46	3409
3409	88	2161
3409	186	394
1803	46	3409
958	46	3409
3409	38	136
1159	46	3409
1063	46	3409
3409	334	189
603	46	3409
3408	118	189
3409	76	46
3175	46	3409
3409	38	46
2033	46	3409
3408	380	2544
3409	76	636
1186	144	3408
2964	48	3409
3409	164	224
3408	96	1529
951	46	3409
3409	314	189
72	46	3409
3409	76	275
354	178	3409
3126	46	3409
3408	46	98
396	46	3409
3239	46	3409
3408	40	366
1023	222	3409
3206	46	3409
1548	222	3409
181	414	3409
3409	258	1377
493	46	3409
3207	46	3409
3313	46	3409
3332	46	3409
2983	46	3409
3322	46	3409
2180	80	3409
1779	46	3409
682	46	3409
2609	108	3409
3304	46	3409
1186	168	3408
305	46	3409
3408	46	388
3087	46	3409
1417	286	3409
3408	46	21
1267	88	3409
3409	88	388
820	46	3409
3131	46	3409
78	108	3409
355	46	3409
2544	380	3408
284	46	3409
3395	46	3409
3409	38	99
3408	52	69
1665	178	3409
953	46	3409
258	46	3409
1428	286	3409
3249	46	3409
1748	46	3409
3409	76	389
3408	46	691
1212	46	3409
3409	164	447
3409	164	44
1894	46	3409
3409	258	1834
3408	46	43
82	66	3409
3409	10	240
3408	108	426
1415	230	3409
417	46	3409
3408	46	113
3165	46	3409
771	46	3409
838	46	3409
179	30	3408
200	46	3409
3410	46	822
3410	46	519
3410	46	21
3410	52	1793
3410	118	189
3410	272	3194
3410	46	157
3410	46	548
314	100	3410
3410	46	1844
3194	14	3410
1680	16	3410
3410	46	112
3150	16	3410
3410	8	1424
3410	40	1248
3410	46	2972
3410	62	1680
1586	30	3410
3410	46	201
3410	46	481
3410	46	403
1383	100	3410
3410	52	69
3410	46	43
3410	138	600
3410	46	629
3410	50	63
3410	46	113
3410	46	3409
3410	46	119
3410	46	23
3410	132	314
3410	62	150
3410	46	388
3410	52	2491
3410	18	3005
507	14	3410
904	16	3410
3410	46	325
123	16	3410
1325	16	3410
869	30	3411
3411	18	3005
3411	50	63
3411	48	21
3411	48	112
3411	18	34
3411	130	231
575	144	3411
3411	18	2635
963	144	3411
3002	144	3411
1175	70	3412
1857	70	3412
507	70	3412
2198	70	3412
1407	70	3412
1408	70	3412
1621	70	3412
2502	70	3412
3194	70	3412
863	70	3412
577	70	3412
2054	70	3412
1577	70	3412
3300	70	3412
442	70	3412
503	70	3412
3270	70	3412
2949	70	3412
1583	70	3412
468	70	3412
2980	70	3412
1931	70	3412
620	70	3412
2522	70	3412
1782	70	3412
1191	70	3412
264	70	3412
2022	70	3412
358	70	3412
2090	70	3412
3314	70	3412
913	70	3412
1180	70	3412
475	70	3412
815	70	3412
404	70	3412
3099	70	3412
2162	70	3412
3384	70	3412
2278	70	3412
3116	70	3412
794	70	3412
254	70	3412
1219	70	3412
1741	70	3412
710	70	3412
2443	70	3412
1188	70	3412
511	70	3412
160	70	3412
575	70	3412
1810	70	3412
2398	70	3412
1367	70	3412
1348	70	3412
3364	70	3412
3071	70	3412
1882	70	3412
3247	70	3412
3403	70	3412
93	70	3412
2115	70	3412
2196	70	3412
964	70	3412
1104	70	3412
3120	70	3412
3241	70	3412
3100	70	3412
1614	70	3412
819	70	3412
270	70	3412
2124	70	3412
1203	70	3412
153	70	3412
1901	70	3412
1170	70	3412
948	70	3412
1005	70	3412
87	70	3412
1106	70	3412
1940	70	3412
3086	70	3412
1599	70	3412
1125	70	3412
855	70	3412
3047	70	3412
1765	70	3412
2910	70	3412
675	70	3412
2112	70	3412
3056	70	3412
1932	70	3412
1429	70	3412
3291	70	3412
3412	56	3412
2225	70	3412
2962	70	3412
256	70	3412
295	70	3412
1591	70	3412
2744	70	3412
3413	2	3414
3414	294	1790
3413	2	1984
731	2	3414
3414	268	3248
392	2	3414
3413	2	3
3413	2	1280
3413	2	2200
3313	62	3413
3413	16	3313
18	62	3413
3413	2	2628
3414	26	2074
3413	2	732
3413	2	1942
3413	2	709
352	78	3413
3413	2	1890
3413	2	2564
282	2	3414
3414	26	1352
3413	2	2009
3414	26	1930
3413	2	2534
3413	2	719
2949	78	3413
3413	2	1900
3414	268	2490
3413	2	387
1237	2	3414
123	2	3414
3413	2	1986
314	78	3413
955	2	3414
3413	2	1471
3414	26	3066
3415	268	3416
3416	52	215
3416	18	601
3416	18	791
1237	2	3415
3416	18	34
3415	26	1599
282	2	3415
3276	2	3415
3415	26	442
731	2	3415
3416	62	391
330	2	3415
3362	16	3416
1399	2	3415
1732	2	3415
3415	294	1790
882	30	3416
3415	26	739
3416	96	9
3416	18	1660
392	2	3415
3416	62	109
123	2	3415
708	16	3416
123	16	3416
95	2	3415
3415	26	1694
955	2	3415
3416	52	882
2072	100	3416
3415	268	281
3417	126	55
3417	358	1398
3417	62	16
3417	46	21
55	14	3417
791	30	3417
173	16	3417
3417	304	874
1586	30	3417
1940	168	3417
55	144	3417
3417	126	1755
3417	62	173
3417	62	1399
16	16	3417
3417	396	103
566	16	3417
3417	118	189
3417	52	69
3417	18	818
1157	100	3417
3417	18	34
3195	144	3417
1940	14	3417
3417	48	21
3417	18	3005
3418	290	513
3418	290	1379
2344	342	3418
3418	214	749
3418	290	796
3418	214	1379
1379	278	3418
3418	214	513
796	278	3418
3419	320	1045
3419	114	3419
21	356	3419
3419	368	3419
3419	398	3419
3419	418	189
3420	14	1774
3121	28	3420
3420	12	1643
3420	70	106
1116	12	3420
3420	74	75
996	28	3420
3420	246	151
3281	28	3420
3420	28	1775
1613	26	3420
2175	28	3420
3121	12	3420
3420	78	406
996	12	3420
3420	34	40
3420	28	3280
3420	28	969
3420	12	996
2175	12	3420
3420	28	3281
969	28	3420
252	160	3420
3420	28	2175
1774	244	3420
3420	20	21
2919	348	3420
1775	28	3420
3420	12	3280
3421	46	629
3421	46	1447
3421	46	2972
3421	46	3054
3421	46	426
3421	118	189
3421	46	559
3421	46	119
3421	46	1207
3421	48	822
3421	46	2161
3421	46	617
3421	18	3005
3421	40	366
3421	40	1222
3421	46	691
569	100	3421
3421	40	1148
1680	16	3421
3421	46	1113
3421	46	3409
264	144	3421
3421	46	548
3421	46	21
3421	46	113
3421	46	502
3421	46	481
3421	46	388
3421	90	1700
3421	46	61
3421	46	23
3421	96	9
1531	268	3421
3421	46	134
3421	46	401
3421	46	494
644	352	3421
3421	46	325
3421	46	1684
1586	30	3421
252	160	3422
3422	20	21
3422	34	40
3422	50	63
3422	58	1251
1478	0	3422
509	160	3422
705	160	3422
3422	78	70
274	160	3422
3422	94	3228
3422	74	3228
3422	74	1251
3422	70	980
2526	0	3422
2866	250	3422
3422	330	75
3423	70	3424
3423	34	40
3423	20	592
1848	166	3423
1188	70	3424
3423	24	94
3423	70	1270
2893	250	3423
256	70	3424
3423	68	191
3268	70	3424
3374	70	3424
3031	70	3424
2433	70	3424
2085	70	3424
1400	272	3423
1899	70	3424
3423	70	1201
3179	70	3424
2994	136	3423
503	70	3424
3423	136	245
3423	70	376
3423	280	174
1106	70	3424
3423	136	1887
3423	70	862
1032	70	3424
3425	16	3426
95	16	3426
3425	54	1948
3425	16	340
3426	46	21
1423	62	3425
3426	40	366
3426	138	3305
921	62	3425
3425	16	677
3425	16	1502
108	16	3426
3425	2	1776
3426	132	569
3425	16	320
185	14	3426
3426	40	1222
3426	18	19
3426	96	9
3425	16	1619
3387	78	3425
3425	16	3019
3425	16	3308
3426	118	189
531	78	3425
3425	2	2601
3425	16	1010
2962	78	3425
3425	16	1484
3425	16	17
3426	90	1308
1261	78	3425
3425	16	3231
3425	16	78
3425	16	797
3426	304	3305
3425	16	3024
2082	112	3426
3425	16	238
3426	50	63
3425	16	1037
3425	54	2196
2740	144	3426
569	100	3426
885	78	3425
3425	16	1564
3426	62	108
3425	54	2809
3427	132	1157
3427	52	2108
3427	40	232
1157	100	3427
2419	14	3427
1237	16	3427
3427	18	791
3427	18	34
889	16	3427
434	16	3427
3427	40	48
3427	40	1222
3427	48	21
3427	52	69
791	30	3427
3427	126	2419
1012	40	3428
3187	40	3428
1168	40	3428
2582	40	3428
2621	40	3428
1812	40	3428
887	40	3428
258	40	3428
3307	40	3428
3028	40	3428
3429	90	1983
3429	48	21
3429	40	1148
3429	260	672
3429	118	189
3429	18	146
3429	132	671
3429	40	48
3429	40	2425
1621	14	3429
211	100	3429
3429	96	9
3429	90	75
3429	18	299
2285	144	3429
3429	46	21
3429	40	362
3429	18	3005
3430	114	3430
1755	94	3430
1755	74	3430
3430	320	1045
3431	166	3432
3431	6	175
3432	144	892
1584	54	3432
3431	346	189
606	170	3431
3432	24	94
3432	20	21
3431	6	380
3431	50	63
344	170	3431
3431	266	699
21	60	3431
3432	70	106
316	170	3431
3433	78	322
65	28	3433
282	54	3433
3433	68	191
3433	78	3362
3433	20	157
3433	298	189
2131	28	3433
864	126	3433
3433	162	3042
3433	78	173
3256	166	3433
3433	144	864
3433	144	281
281	126	3433
3433	78	1783
3433	70	106
3433	50	63
322	54	3433
65	12	3433
3433	14	1010
3433	34	40
3433	78	16
1626	12	3433
3433	14	281
3433	78	566
3362	54	3433
3434	34	40
3434	70	88
3434	20	592
26	26	3434
3434	78	138
3434	144	206
2943	28	3434
3434	70	106
3434	14	206
3435	300	3435
21	60	3435
1334	236	3435
126	60	3435
3435	218	3435
3435	72	126
3435	6	2298
606	170	3435
3436	54	1073
3436	54	525
3436	54	2206
3436	54	739
3436	16	2995
2943	78	3436
1239	62	3436
35	62	3436
2995	62	3436
3436	54	27
1978	78	3436
3436	54	2943
3437	70	2378
3437	12	2412
3437	24	94
2412	28	3437
3437	94	615
3437	34	101
3437	28	3032
3437	20	21
3031	28	3437
3437	28	2412
2697	18	3438
104	18	3438
3438	30	645
3438	30	2697
3439	74	3440
3440	50	63
21	60	3440
3439	298	189
3439	70	1006
2618	44	3440
3440	10	1286
3440	418	189
3439	144	1029
3439	78	3404
3439	20	21
3439	144	235
3439	24	94
3439	148	69
3439	34	40
3439	94	3440
3439	70	106
3441	214	1379
3441	214	749
3441	290	749
796	278	3441
3441	290	513
3442	180	3443
1346	256	3443
3443	252	69
3369	12	3442
3442	34	40
3443	344	21
3443	50	63
3444	80	3445
3445	102	189
1548	222	3445
3445	38	275
3165	46	3445
82	66	3445
2983	46	3445
3445	76	99
3445	76	82
4	80	3445
3444	80	3409
3445	76	961
1016	338	3444
1017	80	3445
3445	38	136
389	316	3444
3444	4	275
3444	80	1207
46	338	3444
3445	258	658
3444	80	730
3445	88	693
3444	80	45
2075	198	3445
1164	338	3444
3445	258	1834
1113	88	3445
156	46	3445
1159	46	3445
636	316	3444
3444	80	327
3313	46	3445
3444	80	384
3444	80	426
3444	80	119
3445	76	275
3444	80	849
3444	80	113
3445	38	46
99	316	3444
350	230	3445
3445	76	136
3444	80	3054
3444	80	1447
3444	80	1113
3444	4	389
3445	314	189
3444	80	157
3444	80	629
1023	222	3445
305	46	3445
1611	316	3444
1975	316	3444
3444	80	401
402	60	3445
3445	38	1642
3444	80	519
730	88	3445
389	338	3444
3444	80	388
3444	80	134
3445	142	1200
3444	80	494
3445	258	1377
3444	80	1684
3445	76	46
1207	88	3445
3444	80	548
3444	80	21
3446	144	3447
3446	34	101
3446	78	1567
34	30	3447
3447	18	299
1433	100	3447
28	16	3447
3446	70	106
3446	14	3447
3447	90	2156
3258	16	3447
3446	20	21
3447	52	69
3446	78	1336
3447	96	9
121	340	3448
2615	340	3448
1983	340	3448
1508	340	3448
338	340	3448
1526	340	3448
2292	340	3448
1308	340	3448
2788	340	3448
3054	340	3448
1155	340	3448
828	340	3448
3081	340	3448
2438	340	3448
2066	340	3448
2646	340	3448
1251	340	3448
1696	340	3448
1544	340	3448
3449	46	3450
3449	304	874
3449	46	3054
3449	62	1783
3165	46	3450
3449	62	2
3449	48	21
3449	46	822
3450	164	224
99	66	3450
427	14	3449
200	46	3450
3449	40	232
440	178	3450
2132	46	3450
3207	46	3450
3317	46	3450
3253	20	3450
3450	38	99
3449	358	2315
82	66	3450
3450	186	394
887	46	3450
2564	268	3449
3251	144	3449
284	46	3450
3036	46	3450
1426	46	3450
3450	76	1576
1783	16	3449
3449	46	502
3402	144	3449
3011	66	3450
2983	46	3450
2087	46	3450
3449	46	112
772	46	3450
3087	46	3450
3264	46	3450
326	46	3450
3450	76	5
3450	192	112
3150	16	3449
3450	38	136
2964	46	3450
3449	46	494
3450	38	82
72	46	3450
2972	192	3450
3450	258	1377
1124	46	3450
3339	46	3450
3449	46	201
838	46	3450
3449	46	113
874	14	3449
3450	38	46
3313	46	3450
1145	46	3450
3450	192	325
1173	46	3450
3449	46	98
1161	46	3450
1153	16	3449
391	16	3449
3449	46	519
3449	52	69
3410	46	3450
22	22	3450
1063	46	3450
3332	46	3450
405	108	3450
2315	14	3449
3450	164	1859
3072	66	3450
3450	76	1642
1548	222	3450
3449	46	691
33	192	3450
3084	16	3449
21	288	3450
3249	46	3450
1723	46	3450
3115	46	3450
473	46	3450
396	46	3450
1147	46	3450
1632	46	3450
3450	142	1200
3449	46	61
134	192	3450
3356	46	3450
392	16	3449
1031	16	3449
3175	46	3450
3450	164	1417
3449	46	23
1017	80	3450
3450	192	33
1573	86	3450
3450	76	1016
2971	46	3450
1884	46	3450
3450	288	21
305	46	3450
3449	46	157
3449	46	3073
4	80	3450
1736	46	3450
3450	164	447
3396	46	3450
3450	332	1103
226	46	3450
3450	192	21
3449	126	3402
3449	46	548
715	46	3450
810	46	3450
824	46	3450
354	178	3450
848	86	3450
3449	396	103
3449	46	43
953	46	3450
3451	78	3452
3452	54	3305
3452	16	1239
3452	16	320
3452	16	2503
537	78	3452
768	78	3452
3452	16	396
352	78	3452
3305	78	3452
431	78	3452
3452	16	1037
1948	78	3452
3452	16	2046
319	78	3452
3451	70	88
1826	78	3452
3452	16	3249
1213	78	3452
3451	70	649
3452	16	35
1982	78	3452
3451	70	117
3452	54	1366
3451	70	657
3451	24	94
1010	62	3452
2428	78	3452
3451	70	106
3452	16	2987
156	322	3451
3452	16	757
2366	78	3452
3452	54	1982
339	78	3452
3087	260	3451
1009	78	3452
3396	62	3452
3452	16	60
3452	16	238
3452	16	550
521	62	3452
3451	20	119
2043	42	3451
3452	54	1213
3452	16	1400
3451	34	40
550	62	3452
3452	16	1568
39	78	3452
3453	28	3454
2042	28	3453
3454	78	1123
3454	28	3453
1033	228	3454
2979	0	3454
713	0	3454
274	160	3454
903	12	3453
3454	246	278
3454	28	1357
3453	20	21
3454	28	2439
3453	28	1020
3454	28	1944
893	26	3453
3453	28	1357
3454	70	292
3454	246	252
1259	0	3453
3454	246	928
3454	24	94
252	160	3454
3453	94	159
3453	78	335
3454	78	335
2439	28	3454
3455	78	556
3455	32	3176
3455	32	858
3455	12	1370
3455	78	177
1259	0	3455
3455	32	278
3455	78	335
3455	32	252
3455	32	274
2550	28	3455
176	12	3455
3455	12	176
3455	32	1176
3455	32	3279
3455	28	1370
1370	28	3455
3455	32	272
883	0	3455
3455	28	2550
3455	32	3208
3456	32	3457
3457	160	1517
3457	160	1223
3457	152	3208
2006	212	3457
268	152	3457
1277	32	3457
3201	154	3457
377	154	3457
3457	152	985
3457	154	687
3457	152	1218
274	154	3457
3457	160	1154
1264	152	3457
3344	152	3457
1001	154	3457
3457	154	252
2012	32	3457
277	270	3457
1964	32	3457
3457	160	1430
3344	154	3457
3457	160	1452
42	152	3457
1176	270	3457
1977	228	3456
1206	152	3457
3176	270	3457
701	152	3457
3457	270	514
3457	152	272
3457	92	2291
3456	50	63
3457	160	1220
3457	152	278
928	154	3457
3021	152	3457
1086	154	3457
3457	152	1704
290	152	3457
3457	152	514
1517	32	3457
3457	152	38
3456	32	705
3457	154	3285
3246	154	3457
3457	154	928
3457	154	858
3201	152	3457
3457	154	872
1964	264	3457
3457	154	701
3122	32	3457
3021	154	3457
3457	152	2347
3457	152	3344
1176	154	3457
858	152	3457
509	152	3457
3071	32	3457
3457	270	704
3457	152	857
2979	0	3456
496	154	3457
3457	152	1001
3457	270	1264
3457	152	3303
3176	152	3457
3457	270	2067
705	152	3457
279	154	3457
1027	264	3457
3457	152	3279
1964	246	3457
377	152	3457
3457	270	909
3457	152	928
279	152	3457
38	152	3457
3457	152	1254
510	152	3457
3457	212	272
3457	152	290
409	0	3456
3457	270	928
3456	70	726
3285	154	3457
3457	154	496
705	154	3457
3456	70	292
3208	154	3457
151	154	3457
1217	246	3457
3457	154	3021
3457	154	290
3457	152	1176
3456	70	400
3456	246	151
3457	152	1670
252	154	3457
272	160	3456
272	154	3457
272	152	3457
985	154	3457
3457	154	3246
1027	32	3457
3457	152	377
278	152	3457
3457	152	268
3457	154	705
3455	32	3457
3180	32	3457
496	152	3457
335	54	3456
3456	24	94
3457	152	510
169	152	3457
3278	264	3457
1001	152	3457
3457	154	985
167	32	3457
3343	246	3457
858	270	3457
3457	154	279
3457	152	3176
3457	270	510
3457	152	277
3278	32	3457
3457	154	706
1841	264	3457
704	154	3457
269	140	3456
3014	416	3458
3015	452	3458
3458	202	126
2662	416	3458
3458	202	222
3458	202	2970
3261	452	3458
3458	202	1143
2144	416	3458
3458	202	1602
3458	452	3261
3458	202	76
3458	202	459
975	452	3458
2441	416	3458
3114	452	3458
2145	452	3458
3458	202	734
3008	452	3458
3458	202	1048
3458	202	851
3458	452	2145
3458	202	1934
3458	202	1050
3458	202	625
3458	202	1372
3458	202	775
3458	202	1449
3458	452	3008
3459	70	657
1153	54	3459
1705	54	3459
1360	54	3459
3459	78	1336
3459	70	649
3459	20	21
3459	168	987
3459	34	40
3459	70	117
3460	52	69
3460	46	388
3460	46	3450
3460	46	1447
3460	46	401
3460	46	201
3460	46	519
3460	46	629
3460	130	309
3460	46	426
3460	46	730
3460	46	23
3460	46	822
3460	46	61
3460	46	548
3460	48	822
3460	46	1684
3460	46	3054
3460	46	1844
3460	46	691
569	100	3460
2372	144	3460
3460	46	21
3460	46	98
3460	46	494
3460	46	2972
3460	46	43
3460	96	9
3460	46	157
3460	46	134
3460	282	2226
3460	118	189
1092	30	3460
3460	46	403
3460	40	48
3460	96	689
3460	46	446
3460	46	113
3461	18	3462
3461	90	357
84	306	3462
3233	14	3461
731	16	3461
3461	118	189
3271	16	3461
2403	18	3462
3033	14	3461
992	306	3462
386	16	3461
1380	100	3461
3383	306	3462
3331	16	3461
3461	40	366
686	100	3461
3461	40	1222
1214	144	3461
3461	48	21
3461	40	48
3461	40	232
1343	16	3461
3461	52	69
546	14	3461
1571	306	3462
3233	144	3461
1586	30	3461
1192	18	3462
3461	90	75
3027	306	3462
3461	126	2240
1303	306	3462
3461	46	21
999	16	3461
3417	18	3462
737	16	3461
128	30	3461
2452	14	3461
3463	40	1148
3463	40	1248
3463	62	108
3463	126	1345
79	16	3463
3463	18	34
3463	48	21
2206	14	3463
3463	126	236
3463	50	63
3463	126	2206
2278	14	3463
2206	144	3463
3295	144	3463
3463	18	876
1345	14	3463
869	30	3463
3463	52	882
3463	40	48
3463	52	716
3463	396	103
236	100	3463
386	16	3463
1345	144	3463
3463	118	189
3463	96	9
3463	40	3065
3464	88	3465
2156	88	3465
21	356	3464
3464	320	1045
3465	320	1045
625	60	3464
3465	418	189
3464	418	189
3465	10	1286
3466	94	831
3466	70	862
3466	136	246
3466	136	1887
3466	136	3112
3466	70	117
3212	166	3466
3466	136	2434
3466	74	126
3466	34	101
349	140	3466
3466	136	2392
3466	24	94
3466	20	21
3467	68	191
3467	70	416
3467	70	649
2925	434	3468
183	456	3468
3156	434	3468
3468	278	3045
2925	456	3468
3468	278	3156
3361	456	3468
3045	434	3468
2181	456	3468
3468	278	2940
2181	434	3468
3468	278	3089
2181	98	3468
3468	464	2455
3046	464	3468
3089	98	3468
2455	444	3468
183	98	3468
3156	456	3468
184	464	3468
1385	456	3468
3350	98	3468
1960	78	3469
3469	2	1405
3469	2	1840
273	78	3469
3469	54	273
1788	78	3469
3469	54	1387
3469	54	506
3469	54	910
1387	78	3469
499	78	3469
3469	2	595
3012	78	3469
20	78	3469
3469	54	884
3469	54	2396
3469	2	893
3469	54	702
910	78	3469
3469	2	53
874	78	3469
3469	2	1327
3278	78	3469
3469	54	12
3469	54	499
967	78	3469
3469	2	3382
884	78	3469
3469	384	845
3469	54	20
3469	54	1788
3469	2	188
1397	78	3469
532	78	3469
3469	54	1885
3469	54	1960
3470	330	3471
3470	70	117
3471	50	63
3471	320	1045
3471	114	3471
3470	20	21
3403	94	3471
94	190	3471
3471	146	511
3470	70	106
3471	146	374
1362	94	3471
21	60	3471
2162	74	3471
2738	54	3470
536	222	3471
3470	78	123
3470	70	649
3470	28	2462
1217	330	3471
3471	10	1286
3472	28	3473
3472	24	25
3472	28	3222
3473	28	3472
3473	20	592
3473	34	40
3222	12	3472
3222	28	3473
3472	12	3222
3472	144	187
138	54	3473
3472	70	106
3472	144	2959
3222	28	3472
3472	12	3473
3472	78	138
1692	166	3472
3473	94	338
3222	12	3473
3473	78	138
3474	46	201
3474	46	502
3474	46	519
3474	40	48
3474	46	3054
3474	40	366
3474	118	189
3474	90	357
2072	14	3474
3474	46	559
347	144	3474
511	144	3474
3474	46	426
3474	46	822
3474	46	23
3474	282	357
3474	18	3005
3474	46	98
3474	46	3409
3474	46	403
3474	46	112
3474	46	43
3001	144	3474
1127	14	3474
1127	144	3474
1809	292	3474
3474	48	21
3474	46	113
3474	18	1734
3474	52	69
3474	282	75
3474	46	548
468	144	3474
3475	78	125
1604	166	3475
2700	54	3475
3475	34	40
3475	24	94
3475	70	649
3475	70	1201
3476	328	1429
3476	130	309
1680	16	3476
1013	14	3476
1749	16	3476
3476	52	716
3476	18	179
686	100	3476
3476	126	1429
3476	48	21
3476	52	1139
3476	96	9
3476	52	1415
3476	52	69
314	100	3476
3476	328	1547
3476	118	189
3477	308	69
3477	50	63
3477	86	21
3478	304	2396
1586	30	3478
3033	144	3478
3478	90	75
644	352	3478
1749	16	3478
3478	52	69
3118	144	3478
686	100	3478
3478	18	818
3478	96	9
3478	132	686
2841	112	3478
3478	118	189
3479	40	3480
1018	40	3480
3276	16	3479
3479	46	629
2070	40	3480
79	16	3479
3479	62	1153
3205	40	3480
2217	40	3480
1991	40	3480
434	16	3479
1237	16	3479
3084	16	3479
3480	116	217
3479	132	686
544	40	3480
3479	46	23
68	40	3480
838	40	3480
392	16	3479
3479	62	3084
104	40	3480
112	30	3479
2450	40	3480
3479	52	69
3408	40	3480
3479	46	61
2582	40	3480
17	40	3480
1300	40	3480
601	30	3479
3479	18	876
2	16	3479
3479	46	426
1328	40	3480
3481	244	3482
3481	344	21
3482	78	1878
3481	244	2158
3482	14	3109
2099	14	3481
3482	78	3258
83	16	3481
1878	16	3481
16	54	3482
3482	14	3481
3482	24	94
676	16	3481
3100	226	3481
3481	306	34
3100	14	3481
3482	144	3109
3483	18	34
1380	100	3483
3483	46	548
3483	46	388
3483	46	3450
3483	52	1139
3483	46	494
3483	46	98
3331	16	3483
3483	18	199
391	16	3483
1630	168	3483
3483	46	201
3483	46	691
1630	14	3483
3483	46	384
709	268	3483
2932	16	3483
861	14	3483
1783	16	3483
3483	62	3452
112	30	3483
3483	18	19
1031	16	3483
123	16	3483
3483	46	403
3483	46	43
3483	18	983
3483	46	327
889	16	3483
601	30	3483
3483	46	113
3483	46	21
3483	46	730
3483	46	157
3483	126	1630
79	16	3483
109	16	3483
3483	46	3409
3483	40	48
3483	132	2041
3483	46	717
3483	46	3054
3425	16	3483
3483	46	119
3483	46	23
3483	48	61
3483	40	366
3483	62	1312
3483	46	426
617	356	3484
3484	326	617
3485	46	21
3485	52	69
3485	48	21
404	144	3485
3485	18	299
1698	144	3485
3485	62	1567
3485	132	1433
490	16	3485
3485	48	112
1433	100	3485
3485	40	48
3485	118	189
3485	292	3353
3485	52	350
3486	80	3487
3486	80	426
2303	80	3487
3151	316	3486
3487	76	82
1417	286	3487
3449	46	3487
3486	80	559
3487	38	1642
3486	80	1113
4	80	3487
1297	46	3487
3487	164	659
3487	164	44
716	230	3487
1606	46	3487
3487	38	275
3486	80	33
3487	76	1611
2132	46	3487
3486	80	730
3152	80	3487
3487	60	2982
111	80	3487
3486	80	3445
2033	46	3487
3067	46	3487
22	22	3487
1426	46	3487
3486	80	1844
3487	88	98
1802	46	3487
61	88	3487
3486	80	822
1642	316	3486
3483	46	3487
473	46	3487
3487	332	1103
810	46	3487
3487	38	3011
3487	240	716
3486	4	5
3396	46	3487
3486	4	82
200	46	3487
1063	46	3487
1803	46	3487
3486	80	21
402	60	3487
3487	38	99
82	66	3487
3487	38	46
3486	80	519
3249	46	3487
585	286	3487
3487	76	389
181	84	3487
8	46	3487
3397	46	3487
1618	86	3487
3487	38	5
396	46	3487
3487	258	1834
3487	186	394
953	48	3487
2983	46	3487
3487	240	1139
5	66	3487
1588	222	3487
21	288	3487
3072	316	3486
3487	76	1642
275	66	3487
3487	38	961
226	46	3487
3486	80	45
305	46	3487
3486	80	43
1856	20	3487
3487	76	636
242	20	3487
3487	76	961
1642	338	3486
3487	106	189
136	338	3486
3486	4	136
682	46	3487
248	46	3487
1884	46	3487
3487	164	224
3487	76	46
3487	38	82
3486	80	61
3317	46	3487
715	46	3487
3259	46	3487
3487	164	447
820	46	3487
3216	74	3487
1139	230	3487
326	46	3487
961	338	3486
1918	80	3487
1124	46	3487
838	46	3487
3421	46	3487
3486	80	629
3487	76	5
3072	338	3486
3487	10	11
547	46	3487
3486	4	3151
3126	46	3487
3487	164	1507
3486	80	201
3486	4	961
3036	46	3487
650	80	3487
3488	50	63
3488	78	2506
3488	254	644
3488	70	2164
3488	34	101
3488	24	25
3489	432	2395
2761	278	3489
3489	432	2761
3489	354	1333
3490	16	2961
320	62	3490
1084	78	3490
254	78	3490
3490	16	3019
3490	16	331
3490	16	1426
1429	78	3490
340	62	3490
3490	16	988
3490	16	854
3490	16	951
3490	16	1985
3490	16	677
1572	78	3490
1948	78	3490
3490	16	921
3490	16	284
3490	16	1423
3490	16	3024
3019	62	3490
3490	16	3085
3490	16	3332
3490	16	824
3490	16	238
3490	16	647
3490	16	3124
3490	16	820
792	78	3490
3490	16	3217
3365	78	3490
339	78	3490
3490	16	320
237	78	3490
3491	116	217
2138	6	3491
1771	274	3491
344	156	3491
269	140	3492
3492	24	94
3492	70	292
3492	78	2296
3492	70	400
3492	78	1115
2659	28	3492
3492	28	2659
3492	78	708
70	54	3492
2927	16	3493
3493	252	69
3493	304	1488
3493	18	34
3493	52	69
2103	256	3493
3493	304	1365
233	30	3493
3493	96	9
3494	24	94
4	424	3494
533	244	3494
3494	34	40
3494	78	1878
3494	144	367
3494	70	106
3495	304	3496
3495	118	189
282	16	3495
968	16	3495
3019	304	3496
3233	144	3495
2240	168	3495
3496	50	63
3495	18	1922
1153	16	3495
3495	348	3233
3495	18	3005
3276	16	3495
3495	40	1222
3351	304	3496
566	16	3495
3084	16	3495
703	144	3495
123	16	3495
3496	24	94
3496	28	487
322	16	3495
3495	130	231
3495	46	21
226	126	3496
3496	94	357
211	100	3495
3495	18	34
709	268	3495
3495	18	3462
386	16	3495
442	144	3495
3496	74	357
3495	52	69
1783	16	3495
1879	112	3495
3496	20	21
3495	96	9
2809	144	3495
1810	28	3497
3497	28	539
3497	20	21
371	140	3497
3497	24	94
999	54	3497
1599	28	3497
1515	184	3497
3497	34	40
3497	78	322
3497	78	1867
3497	14	810
3497	70	88
3497	144	1484
2581	438	3497
3497	28	722
3497	70	657
3497	28	1810
3497	12	1599
3212	166	3497
3497	70	3412
3497	28	1599
3497	70	1006
3497	78	562
3497	28	538
3498	144	1853
3498	298	189
3498	144	3147
2467	140	3498
3498	70	106
3498	70	88
3498	70	657
3498	20	21
3499	378	3500
3499	378	1808
516	278	3499
3499	216	516
3499	378	607
3499	378	1833
3500	6	257
3500	346	189
3499	378	157
3500	364	1395
3145	278	3499
3499	378	564
3499	378	2119
2602	232	3500
21	60	3500
75	442	3499
3500	72	1048
3499	362	2180
3500	166	981
3499	454	563
3500	150	189
3347	232	3500
3500	204	485
3501	54	3502
3501	54	3302
1915	78	3501
278	92	3502
3021	92	3502
2923	0	3502
252	92	3502
1840	26	3502
3501	54	1915
3502	78	3501
409	0	3502
3457	92	3502
764	26	3502
3302	78	3501
43	76	3503
446	76	3503
3503	316	650
403	76	3503
3450	76	3503
3503	360	658
519	76	3503
849	76	3503
3503	316	2180
229	76	3503
3503	338	4
3503	316	4
119	76	3503
3444	4	3503
822	76	3503
629	38	3503
111	4	3503
3503	198	2438
1114	76	3503
61	76	3503
3503	316	111
849	38	3503
384	38	3503
822	38	3503
651	38	3503
3503	338	111
629	76	3503
1114	38	3503
3504	144	2314
3504	34	40
3504	74	1444
3504	78	138
3504	28	3029
3029	28	3504
3504	20	21
211	100	3505
3505	46	21
1609	144	3505
3505	62	79
386	16	3505
3505	118	189
123	16	3505
3505	62	1153
282	16	3505
3505	62	3276
3505	52	215
3276	16	3505
3505	62	3084
3505	62	889
3505	52	936
3505	18	199
392	16	3505
601	30	3505
285	170	3506
3506	204	2627
3506	204	485
3506	410	189
3506	346	189
3506	218	3506
3184	170	3506
1023	236	3506
3506	266	3284
842	0	3507
1697	0	3507
3507	246	151
3507	176	3174
3507	34	40
3507	246	857
272	160	3507
3507	70	726
409	0	3507
3507	32	3457
1997	228	3507
274	160	3507
3507	50	63
3507	20	21
3507	376	3174
3507	94	97
3507	246	3457
3507	246	274
3507	70	292
3507	246	252
3507	24	94
3397	138	3508
3508	168	921
3508	148	69
3508	168	821
3100	42	3508
3508	298	189
3508	210	508
22	138	3508
3100	28	3508
3508	70	649
3508	14	2582
3508	42	3100
3508	78	392
3508	78	3051
3508	226	3383
3508	168	2582
1862	28	3508
811	28	3508
921	138	3508
392	54	3508
1364	26	3508
3508	144	8
349	140	3508
3508	78	391
811	12	3508
3508	78	1153
3100	12	3508
1900	26	3508
3508	70	106
3508	20	21
3508	24	94
3508	78	1454
3508	168	2309
