859	0.0
3309	0.00842098342641811
2974	0.0
434	0.0002733511606716881
94	0.05456165944518563
61	0.0048959752218114
1099	0.0
2255	0.0
63	0.04545303575459445
1270	7.017647744467889e-05
2024	0.0
40	0.03866327040766474
3310	0.0027200821354468126
3263	0.0
2773	0.0
4	0.005115374181812592
3311	0.006145248280422353
2682	0.0
220	4.050714356519953e-05
116	0.0
730	0.001881001853749331
2000	0.0
1888	1.5737776346925574e-05
117	0.0009240400125369483
716	0.0016060803921107182
1201	0.0005613960858069114
3312	0.005122421556301578
21	0.31318589060991137
1237	0.0013005482288181566
179	0.00033196798061042827
215	0.0001777254986906903
3001	3.495767460036304e-05
350	0.00028196426161949565
908	0.00011988403294868028
684	0.0
812	0.0
309	5.5016435659218854e-05
686	0.0003928534495684473
189	0.0689634163791079
69	0.02535852969356038
2404	0.0
34	0.006112193652386627
3313	0.027840280050171463
3314	0.0259235845809868
426	0.0018856413042276654
446	0.00010960428505581153
3282	0.0
113	0.00194151546632556
3276	0.0009195081840126688
822	0.007846841320872776
3054	0.007883823191487747
384	0.02197798016853085
1495	0.0
2932	0.0004394330366097205
717	0.000102629056686116
106	0.02397157166429334
119	0.0015489447419182291
371	2.17385878796301e-05
519	0.001496063418953803
16	0.0008403406300593125
629	0.0005060015972867641
2500	0.0
2031	3.5219261455682526e-05
134	0.002980428142002219
494	0.00036550996850032635
237	0.0009023806479951516
2668	0.0
388	0.0011754581789714753
88	0.004375348493336303
2490	0.00045001000945051154
1299	0.0
2475	0.0
1021	0.0
1684	0.00035303450239447374
322	0.002522220511051086
2041	3.0022276184202778e-05
2111	4.1329412026514256e-05
1503	0.0
112	0.007134611769787903
3315	0.005200106139552948
3316	0.010045690253285439
383	0.0
357	0.004210481686181566
22	0.0010177634292869607
25	0.0011185145143634107
2061	2.7479405375456438e-05
457	0.0
75	0.009531073514721926
1336	0.0003764074271885773
649	0.00894978579453676
195	0.0
637	0.0
1519	4.180500471619856e-05
831	4.313195282209965e-05
1646	0.0
3119	0.0
2378	2.811186464748711e-05
3317	0.0215766940266496
67	4.8065951636089864e-05
440	0.0
98	0.0004004076872393387
43	0.0009723643251957045
1844	0.000137572936310927
9	0.005582380087034165
3082	3.4160361015236357e-06
366	0.002792908605164498
327	0.00014274890552279268
1424	5.774364534828576e-05
1526	0.0006666904761937683
23	0.001377472256032556
948	0.0020358339331963456
157	0.005647527829080655
502	0.00012129878326547706
651	9.852960473223367e-05
196	0.0
2101	0.0
2161	9.888762068018463e-05
1406	0.0
180	1.3137036256490038e-05
201	0.001342625385276524
33	0.0002890178375699381
325	0.0002097132144274636
617	0.0014650668158431286
1222	0.0015367338875700712
1207	4.557653105381164e-05
1383	1.0150178780858308e-05
559	0.0010723872102765858
3318	0.003509398883668997
1286	0.0004175779651505984
2587	0.0
1045	0.004388511786954982
1449	0.0008263905822083204
3319	0.004122588171868896
2303	0.005460707337045432
2395	0.00011998080369123646
2761	0.00011998080369123646
2840	0.0
3320	0.0023200118166150545
1955	0.0
3321	0.012401494591406171
159	0.0005908322983824118
1148	0.00026831874517872155
876	0.00025150904456538726
1708	4.2632639003814897e-05
273	0.0032749576159451896
123	0.003327802783053561
48	0.0033152343816249177
2	0.0011919651799657737
952	0.0
1793	1.6240669044351286e-05
708	0.00047179173295090266
697	0.0
601	0.0004811816168876165
3322	0.005809768707270866
2972	0.0003833150857672991
403	0.0007986078626184047
1630	5.0968162494170875e-06
1789	3.6125079471902714e-06
211	0.0009338447189353669
889	0.00011410730001046792
1153	0.001005925498566613
392	0.006749224391962244
79	0.0008014526925405161
2947	0.0
3323	0.01597934446899845
763	0.0
1080	0.0
138	0.0010041939113518102
353	0.0
612	0.0
1170	0.0005986137026161432
24	0.00041197646415623655
308	0.0
264	0.003870386674326617
1413	0.0
467	0.00019102449748754184
3078	0.0
758	2.8559052294469823e-05
1649	0.0
1650	0.0
318	0.0
3324	0.007597746223147678
3325	0.002146718470495525
1346	7.3438042051231906e-06
739	0.0013998254975141316
1794	0.0
3012	0.0017024999948504682
2967	0.0
2777	0.0
1186	3.1030896602272976e-05
3326	0.0030407334575365454
1577	0.00032064059657037206
2792	0.0
101	0.0009096695311754391
3327	0.010127496427513165
3051	0.0002985035443238594
1028	0.0
1465	0.0
1119	0.0
290	0.0008911800837714851
2165	1.7745126250504466e-05
1695	0.0
1916	0.0
3328	0.004639487911625539
1175	0.00030244170545456393
1174	0.0
1055	1.1391077172399135e-05
3329	0.0008203048949044242
632	2.160600870398889e-06
3330	0.0013605085964507088
1412	0.0
3331	0.0254355318238759
3332	0.02702245433414468
1893	0.0
1325	1.998735947072517e-05
3298	0.0
3217	2.8794574338445745e-05
1124	0.001740866895534281
294	0.0
3271	5.8143552497134105e-05
3308	3.858396529015689e-05
1162	0.0002660623326790089
1239	0.0015207688941169678
3141	0.0
1972	0.0007687644497260991
968	0.00013264528421198343
1374	0.00013044371778176165
1351	0.0
1015	1.1007637104302511e-05
988	2.8794574338445745e-05
1757	0.0
677	0.00010081764059354438
1302	0.0008532793889671952
78	0.0007324436136552246
1484	0.0008364721808882997
340	0.0008838148034950857
3231	3.858396529015689e-05
1423	0.00010081764059354438
326	0.0006227533557645165
1985	2.8794574338445745e-05
391	0.0009117022349576956
895	0.0
107	0.0
2964	0.0005385755815930622
460	0.0
759	0.00029096950990821225
3124	2.8794574338445745e-05
3085	2.8794574338445745e-05
737	3.035026988936416e-05
476	0.0
2217	0.0012178831923081515
3277	0.00013044371778176165
171	0.0014173122842552738
238	0.0005643444277680452
451	0.0
320	0.0005643444277680452
1594	0.0
3024	0.00010081764059354438
886	5.464646985110394e-05
365	0.00013044371778176165
1564	0.0004112024092080795
921	0.000861489458975208
3333	0.0005063403162747848
1700	0.00011587732735891634
1454	8.807296725190825e-05
615	2.8501604860876243e-05
3334	0.005621553646673112
2912	0.0
541	0.0
338	0.0010724739719865943
793	0.0
404	0.0016392369076979824
405	0.000906560895454831
592	0.00044745183943211407
1694	0.00029851642921273667
3335	0.004056340416617978
118	0.0
275	0.0003892253239106419
99	0.0008362857736338166
217	0.0032011622942466843
2562	5.937572055107131e-06
585	0.0001584405947657842
650	0.00020183540377159654
1834	0.0003075272476044946
1335	0.0
447	0.000596959468577688
3336	0.009346172347173203
1631	0.0
186	0.0
1721	0.0
192	2.9466646891017504e-05
2452	0.00023657266306823711
306	0.0006696373008969163
564	0.0038616167085995263
610	0.0012972080734883972
3337	0.004976269997438015
3338	0.0015457777849847757
424	0.0
1182	0.0
2203	0.0
680	0.0
1006	0.00014602226053558642
3339	0.0058044665935437275
548	0.0009410090242308363
231	0.00014367517015205017
1999	0.0
1447	2.606202881677438e-05
691	0.0003459695287029968
1142	0.0
3340	0.023903298380218995
3341	0.007822885445725784
1498	0.0
334	0.0
3042	5.309270680385777e-05
562	0.00034531934530044125
50	0.00026971620276497737
734	0.005016899113276222
1867	0.00014471467872155283
3237	9.915556928684996e-05
27	0.0019181444814260337
31	0.0
2026	0.0
776	0.0
329	0.0
1749	0.0010719202608770208
1878	0.0003046648604978482
999	0.0005580172682152708
2913	0.0
3040	0.0
172	0.0006694450285534453
3020	0.0008146751800099237
2192	0.0
904	0.0006285403750379333
1014	4.884312488566765e-05
1308	0.001723139389549459
1806	0.0
1502	0.0003479175913651883
30	0.0
173	0.0008262958747815001
3342	0.010995356916372774
2927	0.000328964244182821
373	0.0
3185	0.0060212093941901836
3343	0.03230836645870055
3344	0.008316250197703854
1933	0.0
2979	0.00043122457186944575
279	0.0
377	0.0
2067	0.0
278	0.0003540611955556436
277	0.0
572	0.0
252	0.009788407706693904
272	0.001321937307200141
858	5.13353963669218e-06
928	0.00042068661171033574
509	0.00032865676633924806
1269	0.0
1704	0.0
169	0.00022091696757230088
661	0.0
3176	5.13353963669218e-06
409	0.0014373547305315789
274	0.002108491788949867
532	0.0005296925692212559
166	0.0
3303	0.0
38	0.00022091696757230088
3345	0.001981545318232166
3346	0.006786078533048653
907	0.0
128	0.00011729688708657994
435	3.2890729852911416e-05
1505	0.00013756204472443076
269	0.0006321800805194466
1529	0.0002311025242533263
285	7.695889699128917e-05
2542	0.0
2518	0.0
3347	0.011646864874699445
3348	0.018378672295227695
257	2.3332716252692478e-05
1039	0.0
2181	0.00010925040349337834
2119	0.0002342341928343977
1850	0.0
1023	0.0017354546439361284
1673	0.0
1372	0.0023814311337611474
3156	0.007868857098345785
2311	0.0
3089	0.00010925040349337834
344	0.0020270674708249455
1214	0.00019352205281309554
3349	0.004647943370249209
3350	0.006717298010097373
184	6.1747859531315035e-06
2182	6.1747859531315035e-06
93	0.002618142983734284
3046	6.1747859531315035e-06
1523	0.0
2455	6.1747859531315035e-06
3090	6.1747859531315035e-06
1330	0.0
1386	0.00394172961195261
1178	0.0
448	0.0
3351	0.008442259821331293
1734	3.9007722355407045e-05
1276	0.0
2131	7.829475276691878e-05
1445	0.0
2092	0.0
3224	0.0
3153	3.869771568407931e-05
3352	0.005070450580060275
818	0.00034480048218494473
3150	4.370965254098412e-05
1258	0.0
362	1.3079655418948882e-05
386	0.0002778193318558398
1586	0.000907572533963053
3005	0.0015093450838717624
3353	0.007329462523393901
1567	3.387825963714351e-05
351	0.0
882	0.0001695308756375296
1698	2.228342676515526e-05
644	0.0008281590913588525
702	0.0014819287591705153
1043	0.0
1433	0.0005343064662864453
1534	0.0
232	0.00024771755038334475
1457	0.0
3354	0.015065795744316973
1697	0.00021784321953737939
1123	5.434656999404834e-05
1485	0.0
2807	0.0
713	5.434656999404834e-05
678	0.0
2261	0.0
53	0.0018892903281588652
335	0.024452530799396438
3026	0.0
891	0.0
3355	0.011034944320434352
3118	0.00010212392873209996
3154	0.0
657	0.0006439798216818764
1159	0.0002841996434905042
191	0.0011040292351132317
3239	0.00020493806569368099
774	0.0
3356	0.018467260672329774
2428	0.0012951482392807162
569	6.836836800829236e-05
270	0.0012748996117772254
3278	0.015715439508266253
1637	0.0
3065	5.381719498377253e-05
3357	0.007491211492293312
3358	0.009308496221262215
3143	0.0
1248	0.00022748237193088107
348	0.00019397931399443277
3161	0.00019397931399443277
95	0.00017660196642796792
347	0.00016234149632960844
1031	0.00011156380758232162
1582	0.0
2369	0.0
689	1.4078834937704532e-05
1783	0.0008287302549657515
85	0.0
330	4.679934335914641e-05
1660	2.5726834663283832e-05
299	0.00011110257836958587
3359	0.011661137005150677
3360	0.002959205596854311
1364	0.0006443475925951811
90	6.798134977165395e-05
2728	0.0
2195	0.0
406	0.00023631493455264407
3241	0.00020206142312390236
3016	0.0
3361	0.0035027647525895716
3362	0.02931606301266656
3363	0.0074394518622284056
32	0.0
565	0.0
1868	0.0002628117923461017
727	0.0
3100	0.003944130308354656
2070	0.0018377388027106248
47	0.0
2028	0.00011607034578008205
1613	0.000924545467398875
149	0.0
442	0.0033945144378538868
121	0.003877559848573596
1411	0.0
3297	0.0
1326	0.0
1236	0.0
905	0.0
1913	0.0
1930	0.0004024567001052291
1621	0.0022830224268188277
35	0.001895381148857487
613	0.0
1274	0.0
1343	5.556831851156315e-05
3364	0.017637283239980515
3365	0.02170057035102334
2250	0.0
2363	0.0
3019	0.0002945724593853248
873	0.0
756	0.0
64	0.0
2492	0.0
885	7.274037818622857e-05
1337	0.0
1360	3.969710566643426e-05
768	0.0005044410568632745
1813	0.0
132	6.765346088996298e-05
312	0.0
1920	0.0
3366	0.018993199900104066
3134	0.0
824	0.0018321528818524677
416	7.045348925545939e-05
3036	0.0006965009912823163
3367	0.004872312213294204
1983	0.0006881085828120501
3106	0.0
2180	0.0017531580697494483
2798	0.0
2156	4.323800907498245e-05
3368	0.005026643519033096
1548	0.0002988695163994419
111	0.00018715624608768775
1011	0.0
1103	0.0002258606658982406
977	0.0
3369	0.0015294555648934615
3370	0.003902574721084949
625	0.004775909734366658
2642	0.0
3371	0.0018968581592957764
3372	0.0026431121976213737
731	0.0005241755372688434
70	0.0005450856316602258
1048	0.0039762298945933625
1732	1.8207692434668763e-05
282	0.002534234593843639
955	7.531917077392636e-05
1744	0.0
1790	7.531917077392636e-05
3373	0.0027628036912508303
3374	0.011977495750864141
3157	0.0
3375	0.005690421994151353
3376	7.56545049041933e-05
2424	0.0
1522	0.0
607	7.653770079054933e-05
1333	0.0013184592088429604
3377	0.007806856955141181
911	0.0
2093	0.0
394	0.0002344180789486149
2016	0.0
946	0.0
481	5.983321079228691e-05
2201	0.0
3378	0.011519850738591953
865	0.0
444	0.00101644288702882
1246	0.0
530	0.0
1283	0.0
174	0.002794725983491386
2138	0.0003472962969111171
483	0.0
1232	0.0
1808	0.0026438116777753435
1535	0.0
561	0.0
3379	0.007053257535020211
3202	0.00019350796424408737
369	0.0
2929	0.0
1506	0.0
2928	0.0
1692	4.750977941292104e-05
3380	0.005895061358310481
3264	0.0003812765427566046
665	4.625325689838423e-05
2669	0.0
3381	0.01013038647810275
3382	0.04098414460430983
1405	0.00015034540833066022
1272	0.0
845	0.0
2735	0.0
438	0.0
2305	0.0
1327	0.002888675667975809
188	0.00015034540833066022
893	0.0067032226980550235
102	0.0
176	0.0004390987045665427
2649	0.0
1363	0.0
2400	0.0
2076	0.0
2537	0.0
3245	0.0
2719	0.0
1677	0.0
3070	0.0
667	0.0
1431	0.0
557	0.0
2433	0.004185266516520816
1238	0.0
1416	0.0
1536	0.0
2989	0.0
1370	0.0004390987045665427
766	0.0
2516	0.0
695	0.0
462	0.0
764	0.0006243217604877242
553	0.0
1137	0.0
967	0.0
491	0.0
784	0.0
2576	0.0
1266	0.0
486	0.0019199957393588238
594	0.0
492	0.0
2333	0.0
1002	0.0
556	0.0004390987045665427
2685	0.0019199957393588238
3383	0.015513210674374866
3384	0.006571476943562608
1625	2.7388629538735482e-05
443	0.000856600412944961
3047	0.00044322801083310605
2909	0.0
2570	2.7388629538735482e-05
792	0.00018319969942853518
2198	0.0
295	0.00044322801083310605
811	0.0
520	0.0
2167	0.0
508	0.00010783624021206648
1084	0.00018319969942853518
1475	2.7388629538735482e-05
1371	0.0
3385	0.014345473212009817
1160	0.0
2202	0.0
223	0.0
2057	0.0
3114	0.0035904480365443565
3386	0.0034322076382123676
3387	0.011813902828336015
2738	1.2746073025132212e-05
2617	0.0
1348	0.005267614408548015
861	0.00016357001173006398
3023	0.0
2278	0.0013088010763743368
2071	0.0
2048	0.0
316	0.00038552523270509793
1199	0.0
3388	0.0068821302926002645
1877	0.0
1612	0.0
1990	0.0
3389	0.002766073925649231
3390	0.007468026101001846
56	0.0
3391	0.0036312139729414157
376	6.822948662156116e-05
349	0.0002476916594669868
2434	1.3164805897400211e-05
2731	0.0
3392	0.014021639887869666
3393	0.016762201789524207
1748	0.0006676694879446666
2295	0.0
145	0.0
417	0.0006676694879446666
1118	0.0
3258	0.00010304128506566016
2566	4.180041624455979e-05
817	0.0
19	0.00011410963475187029
28	4.074030527648087e-05
653	0.0
700	0.0
2226	1.1041090603113082e-05
2372	1.1041090603113082e-05
2697	0.00020844540739571834
2403	0.00028031578840482786
126	0.00723500577508328
545	0.0
3394	0.013306198471662117
3395	0.01726797367923393
92	0.0
108	7.541706737897451e-05
1578	0.0
645	0.001066497212663244
2660	0.0
950	0.0
566	0.00039886169904620745
2935	0.0
1508	0.0005130583795961429
1203	0.0016855625863278682
2079	0.0
3396	0.018183146479332044
1849	0.0
1312	8.081403115038032e-06
2374	0.0
45	1.4112998083953191e-05
408	0.0
3397	0.004246368164312513
1128	0.0
3398	0.026462873847970178
292	0.0009382699618139185
726	0.0003272227438737889
1876	0.0
375	0.0
932	0.0
1224	0.0
1702	0.0
2526	0.00028797722504483
751	0.0
872	0.00017189360606220447
1676	0.0
1206	0.00017189360606220447
3399	0.0022295050226471156
2292	0.00014002292558078677
964	0.0005310360173174547
3400	0.002828301442324562
3401	0.005832953608564217
1056	0.0
1198	0.0
779	0.0
3402	0.02510362522066833
283	0.0
1467	0.0
2564	0.00176212785042815
400	0.001117629108726112
3403	0.011156148884486182
6	0.0
853	0.0
3404	0.018642856513091336
3405	0.010692485526730518
754	0.0
655	0.0
1820	0.0
991	0.0
1105	0.0
3120	0.0010733733284550978
2911	0.0
614	0.0
685	0.0
1549	0.0
957	0.0
154	0.0
654	0.0
1821	0.0
3128	0.0
2910	0.0010733733284550978
1774	0.0006089584882633223
3159	0.0
1108	0.0
1910	0.0
3406	0.008436150792994783
3233	4.397340907680396e-05
809	0.0
1139	0.00022470762030826495
2240	4.397340907680396e-05
2937	0.0
3407	0.004082113711631382
197	0.0
276	0.0
3408	0.01115314764829305
3409	0.05242595083948041
1338	0.0
887	0.004522230701167892
156	0.0002852424587557034
5	0.00011891699594149468
473	8.733016148510756e-05
1070	0.0
1606	3.609065233803244e-05
1632	2.7227251931268763e-05
1803	3.609065233803244e-05
958	0.0
136	8.756580407418106e-05
1063	8.733016148510756e-05
603	0.0
46	0.00016028607065557014
3175	2.7227251931268763e-05
2033	3.609065233803244e-05
2544	0.0
636	5.115764361389809e-05
224	8.733016148510756e-05
951	0.00020684770167918678
72	2.7227251931268763e-05
354	2.7227251931268763e-05
3126	3.609065233803244e-05
396	0.001360474871163663
3206	0.0
181	3.609065233803244e-05
1377	5.5978969617793925e-05
493	0.0
3207	2.7227251931268763e-05
2983	0.00013202787508614726
1779	0.0
682	3.609065233803244e-05
2609	0.0
3304	0.0
305	0.00013202787508614726
3087	0.00037274067505270773
1417	8.733016148510756e-05
1267	0.0
820	0.0005429714471288812
3131	0.0
355	0.0
284	0.0004436521885137384
1665	0.0
953	8.733016148510756e-05
258	0.001485822385427864
1428	0.0
3249	0.001360474871163663
389	5.115764361389809e-05
1212	0.0
44	3.609065233803244e-05
1894	0.0
82	0.00016361470954253456
240	0.0
1415	8.888348636323111e-05
3165	5.5978969617793925e-05
771	0.0
838	0.0016816964813743888
200	8.733016148510756e-05
3410	0.02151733592446368
3194	0.001303423252968999
314	0.0006264301008382596
1680	3.0014377257171206e-05
600	0.0
150	0.0
2491	0.0
507	0.001303423252968999
869	1.72345562394704e-05
3411	0.006085375672906848
575	0.0005117705818403725
2635	0.0
963	0.0
3002	0.0
3412	0.10434054783032075
1857	0.0
1407	0.0
1408	0.0
2502	0.0
863	0.0
577	0.0
2054	0.0
3300	0.0
503	0.0007733658763540957
3270	0.0
2949	0.0024096896159915074
1583	0.0
468	0.0008874543286609264
2980	0.0
1931	0.0
620	0.0
2522	0.0
1782	0.0
1191	0.0
2022	0.0
358	0.0
2090	0.0
913	0.0
1180	0.0
475	0.0
815	0.0
3099	0.0
2162	0.0003150281514759148
3116	0.0
794	0.0
254	0.001239599761928148
1219	0.0
1741	0.0
710	0.0
2443	0.0
1188	0.0007733658763540957
511	0.0012535735322191776
160	0.0
1810	0.0
2398	0.0
1367	0.0
3071	0.00895715169888648
1882	0.0
3247	0.0
2115	0.0
2196	0.0013064879648414418
1104	0.0
1614	0.0
819	0.0
2124	0.0
153	0.0
1901	0.0
1005	0.0
87	0.0
1106	0.0007733658763540957
1940	0.0011570670820049654
3086	0.0
1599	0.0008569377257828254
1125	0.0
855	0.0
1765	0.0
675	0.0
2112	0.0
3056	0.0
1932	0.0
1429	0.002050168416468369
3291	0.0
2225	0.0
2962	0.0013064879648414418
256	0.0007733658763540957
1591	0.0
2744	0.0
3413	0.022405203459216053
3414	0.007827255299418719
1984	0.0
3248	0.0
3	0.0
1280	0.0
2200	0.0
18	0.0
2628	0.0
2074	0.0
732	0.0
1942	0.0
709	0.0014531085292843755
352	0.0007697020613029211
1890	0.0
1352	0.0
2009	0.0
2534	0.0
719	0.0
1900	0.0006358553056741258
387	0.0
1986	0.0
1471	0.0
3066	0.0
3415	0.004893689681546302
3416	0.002883788583676995
791	7.447138783468429e-05
1399	0.00011147316883890325
109	5.377227726056897e-05
2072	4.476188265940238e-05
281	7.238315001414735e-05
3417	0.015833869185177946
55	0.0
1398	0.0
874	0.011603242432306952
1755	0.0003789275547814312
103	0.00010365238085893089
1157	1.4432450698965126e-05
3195	0.0
3418	7.480459636842386e-06
513	4.675287273026491e-07
1379	4.675287273026491e-07
2344	0.0
749	4.675287273026491e-07
796	4.675287273026491e-07
3419	0.0009595032201643595
3420	0.020153527856352608
3121	0.0
1643	0.0
1116	0.0
996	0.0
151	0.0007852819098796758
3281	0.0
1775	0.0
2175	0.0
3280	0.0
969	0.0
2919	0.0
3421	0.014063946788420613
1113	2.1890882350020277e-05
1531	0.0
401	9.665390534974923e-06
3422	0.015207054353877435
1251	0.0007550825605034621
1478	0.0
705	0.0002747241940208023
3228	0.0
980	0.0
2866	0.0
3423	0.014344693100267706
3424	0.013257893272068612
1848	0.0
2893	0.0
3268	0.0
3031	0.00012065796850010828
2085	0.0
1400	0.0012136198555085086
1899	0.0
3179	0.0
2994	0.0
245	0.0
1887	0.0001206933931866927
862	0.0001206933931866927
1032	0.0
3425	0.019309508381433232
3426	0.0117494566716436
1948	0.000334602977345032
3305	0.0003447710594803138
1776	0.0
185	0.0
1619	0.0
531	0.0
2601	0.0
1010	0.0007518841003785561
17	0.00048119783638489856
1261	0.0
797	0.0
2082	0.0
1037	0.0001344034179235723
2740	0.0
2809	0.0002835654141672091
3427	0.0047740355529830554
2108	0.0
2419	0.0
1012	0.0
3428	0.009548877188512194
3187	0.0
1168	0.0
2582	0.0054738569058811765
2621	0.0
1812	0.0
3307	0.0
3028	0.0
3429	0.010297084419940986
672	0.0
146	0.0
671	0.0
2425	0.0
2285	0.0
3430	3.260069805661229e-05
3431	0.007495579169017164
3432	0.003253026563584273
175	0.0
892	0.0
1584	0.0
606	2.151147026986072e-05
380	0.0
699	0.0
3433	0.01658703920267664
65	0.0
864	0.0
3256	0.0
1626	0.0
3434	0.004361677118199679
26	0.0
206	0.0
2943	0.00037748519932215237
3435	0.005084665549792481
1334	0.0
2298	0.0
3436	0.006088368881728925
1073	0.0
525	0.0
2206	0.0014095948053268437
2995	0.0
1978	0.0
3437	0.005897898139428545
2412	0.0
3032	0.0
3438	0.00012466094061883127
104	0.00020555162973755388
3439	0.012181442180407428
3440	0.0021457134226449907
2618	0.0
1029	0.0
235	0.0
3441	2.805172363815895e-06
3442	6.328356869699601e-05
3443	0.0015696825263739357
3444	0.012170305843595894
3445	0.007187011741236416
961	1.5945995914514618e-05
1016	1.319120429355719e-05
1017	1.3240217347702687e-05
658	8.915852067312869e-06
693	0.0
2075	0.0
1164	0.0
849	0.0
1611	1.506699127586562e-05
1975	0.0
402	1.5945995914514618e-05
1642	6.249315259910921e-05
1200	1.3240217347702687e-05
3446	0.0013750860036457
3447	0.0008975197335142555
3448	0.013776304143258106
2615	0.0
2788	0.0
1155	0.0
828	0.0
3081	0.0
2438	0.00023667608887712228
2066	0.0
2646	0.0
1696	0.0
1544	0.0
3449	0.02408700390767542
3450	0.06145636446794147
427	0.0
2132	2.4012257215806373e-05
3253	0.0
2315	0.0
3251	0.0
1426	0.0005336225852307518
1576	0.0
3011	2.4012257215806373e-05
2087	0.0
772	0.0
1145	0.0
1173	0.0
1161	0.0
1859	0.0
3072	9.294682121085582e-06
3084	9.034530861936252e-05
1723	0.0
3115	0.0
1147	0.0
1573	0.0
2971	0.0
1884	2.4012257215806373e-05
3073	0.0
1736	0.0
226	0.00016874747881632187
715	2.4012257215806373e-05
810	0.001316970560903213
848	0.0
3451	0.009179892780162405
3452	0.03211392352198407
2503	0.0
537	0.0
431	0.0
2046	0.0
319	0.0
1826	0.0
1213	0.0
1982	0.0
1366	0.0
2987	0.0
757	0.0
2366	0.0
339	0.00016676045845651796
1009	0.0
60	0.0
550	0.0
521	0.0
2043	0.0
1568	0.0
39	0.0
3453	0.02800273107730864
3454	0.011222788366817381
2042	0.0
1033	0.0
903	0.0
1357	0.0
2439	0.0
1020	0.0
1944	0.0
1259	0.00033061482072700596
3455	0.009103633838238832
177	0.0
2550	0.0
1176	0.0
3279	0.0
883	0.0
3208	0.0
3456	0.015320191894165737
3457	0.07394680548329269
1517	0.0
1223	0.0
2006	0.0
268	0.0
1277	0.0
3201	0.0
985	0.0
687	0.0
1218	0.0
1154	0.0
1264	0.0
1001	0.0
2012	0.0
1964	0.0
1430	0.0
1452	0.0
42	0.0
1977	0.0
701	0.0
514	0.0
2291	0.0
1220	0.0
3021	0.0
1086	0.0
3285	0.0
3246	0.0
3122	0.0
2347	0.0
704	0.0
857	0.0
496	0.0
1027	0.0
909	0.0
1254	0.0
510	0.0
1217	0.0007727168471904314
1670	0.0
3180	0.0
167	0.0
706	0.0
1841	0.0
3014	0.0
3458	0.02626279648426691
3015	0.0
2662	0.0
222	0.0
2970	0.0
3261	0.0
1143	0.0
2144	0.0
1602	0.0
76	0.0
459	0.0
975	0.0
2441	0.0
2145	0.0
3008	0.0
851	0.0
1934	0.0
1050	0.0
775	0.0
3459	0.004030182417965024
1705	0.0
987	0.0
3460	0.008350928593911684
1092	0.0
3461	0.01689113388863572
3462	0.009173956753542446
84	0.0
3033	2.3049923867291682e-05
992	0.0
1380	5.009418634810605e-05
546	0.0
1571	0.0
1192	0.0
3027	0.0
1303	0.0
3463	0.012731102170727118
1345	0.0
236	0.0
3295	0.0
3464	0.0044633508455437535
3465	0.0007833477044482913
3466	0.01274865025789231
246	0.0
3112	0.0
3212	0.00014311588243268975
2392	0.0
3467	0.00014552992183840212
2925	0.0
3468	0.007463431193350039
183	0.0
3045	0.0
2940	0.0
1385	0.0
1960	0.0
3469	0.03280707506118833
1840	0.0002857797063740723
1788	0.0
1387	0.0
506	0.0
910	0.0
499	0.0
595	0.0
20	0.0
884	0.0
2396	0.0017755679090303343
12	0.0
1397	0.0
1885	0.0
3470	0.003234390123085814
3471	0.009853765696889992
374	0.0
1362	0.0
536	0.0
2462	0.0
3472	0.003718811566112461
3473	0.0014293541312806884
3222	0.0
187	0.0
2959	0.0
3474	0.012985064768726674
1127	0.0
1809	0.0
3475	0.004228247257236789
125	0.0
1604	0.0
2700	0.0
3476	0.0066233759109257
1013	0.0
1547	0.0
3477	0.00021801485129287405
3478	0.005370588621974755
2841	0.0
3479	0.003575068819416807
3480	0.013899740943565811
1018	0.0
3205	0.0
1991	0.0
544	0.0
68	0.0
2450	0.0
1300	0.0
1328	0.0
3481	0.007148579806139923
3482	0.002054667875419554
2158	0.0
3109	0.0
2099	0.0
83	0.0
676	0.0
3483	0.03924647417035563
199	3.2817590463054354e-05
983	0.0
3484	0.0
3485	0.006862606092040154
490	0.0
3486	0.005017822284060087
3487	0.06007715896599842
3151	0.0
1297	0.0
659	0.0
3152	0.0
2982	0.0
3067	0.0
1802	0.0
8	0.00014877069316460533
1618	0.0
1588	0.0
1856	0.0
242	0.0
248	0.0
3259	0.0
3216	0.0
1918	0.0
11	0.0
547	0.0
1507	0.0
3488	0.003056302969737699
2506	0.0
2164	0.0
3489	0.0001932888801380672
3490	0.01563800908279041
2961	0.0
331	0.0
854	0.0
1572	0.0
647	0.0
3491	0.0026099143565314585
1771	0.0
3492	0.004838004163931685
2296	0.0
1115	0.0
2659	0.0
3493	0.0056377118294940985
1488	0.0
2103	0.0
1365	0.0
233	0.0
3494	0.00412324991185331
533	0.0
367	0.0
3495	0.01427350432129179
3496	0.0038250717143143865
1922	0.0
703	0.0
487	0.0
1879	0.0
3497	0.023755001587220506
539	0.0
1515	0.0
2581	0.0
722	0.0
538	0.0
3498	0.00468774187965213
1853	0.0
3147	0.0
2467	0.0
3499	0.012249911627798081
3500	0.019727469540127923
516	0.0
1833	0.0
1395	0.0
3145	0.0
2602	0.0
981	0.0
563	0.0
485	0.00010704456217699461
3501	0.0027200821354468126
3502	0.007762167681691299
3302	0.0
1915	0.0
2923	0.0
3503	0.0065720012854721555
229	0.0
1114	0.0
3504	0.004463528138686704
2314	0.0
1444	0.0
3029	0.0
3505	0.005612578988289261
1609	0.0
936	0.0
3506	0.004737986526228878
2627	0.0
3184	0.0
3284	0.0
842	0.0
3507	0.03925653769098085
3174	0.0
1997	0.0
97	0.0
3508	0.024121725208461512
821	0.0
1862	0.0
2309	0.0
