859	3309	0.0013595837582032577
3309	2974	0.0013595837582032577
3309	434	0.0006030490925219025
3309	94	0.0027261858242907714
3309	61	0.002622491729457833
3309	1099	0.0013595837582032577
3309	2255	0.0013595837582032577
3309	63	0.0024221750462388256
3309	1270	0.000949362192159891
3309	2024	0.0013595837582032577
3309	40	0.0020573597839156662
434	3358	0.00048478181481848
434	3427	0.0004201738866695371
434	3479	0.00039753442444198753
94	3311	0.002772524977184119
94	3314	0.004560027586204087
94	3323	0.00259012473365233
94	3326	0.0010443864855926356
94	3327	0.0024207736132944376
94	3328	0.0009486755087102674
94	3337	0.0012321755973378062
94	3340	0.006136841883953847
94	3342	0.0020400956609492667
94	3343	0.005027278574643172
94	3355	0.00216927180886912
94	3364	0.0033683090126630567
94	3367	0.0018484483118992219
94	3379	0.003601288196259843
94	3380	0.0020813696107168877
94	3387	0.0026855926108173274
94	3394	0.0030263150317124754
94	3423	0.006010497507298777
94	3432	0.0010506195996038501
94	3437	0.001704638312587055
94	3439	0.002124801606959343
94	3451	0.003161127306306374
94	3454	0.008262495794065258
94	3456	0.0071773985290259825
94	3466	0.0032711395664641457
94	3471	0.0020962797758603746
94	3475	0.002421510002996129
94	3482	0.0018752594000861318
94	3492	0.00441753184101159
94	3494	0.0019306830877321025
94	3496	0.001584190371724452
94	3497	0.003669459857110613
94	3507	0.004875598374202539
94	3508	0.004420911114534924
61	3313	0.0006425916577088266
61	3317	0.0004286064106819542
61	3322	0.00024287570908128236
61	3332	0.0008115501323909144
61	3339	0.00032596997396402196
61	3352	0.0005287562430644595
61	3396	0.0003813312174083232
61	3397	0.00017428412320529018
61	3406	0.0006180408473563287
61	3421	0.00035153543274608944
61	3449	0.00047659405393694085
61	3460	0.0002911490478436225
61	3479	0.0004888447210349092
61	3483	0.0007130201713248114
61	3487	0.0012890425399929826
61	3486	0.00022982787268137242
61	3503	0.0005216453364656937
63	3313	0.005621002369894528
63	3318	0.004229184760445219
63	3327	0.002850031715841629
63	3329	0.0005568207089511745
63	3333	0.0016293849613274183
63	3338	0.0006944393847322556
63	3339	0.0023004062233709177
63	3346	0.0014186852616354388
63	3354	0.014220009054845108
63	3357	0.002334758780140137
63	3359	0.002611558709522407
63	3366	0.0036461018331944064
63	3370	0.0012888388266131833
63	3383	0.0034501854767366785
63	3385	0.0027768220720656885
63	3406	0.001333492300930782
63	3410	0.004427271433038491
63	3411	0.001427980249454491
63	3422	0.002111851158598331
63	3426	0.002930458688027072
63	3431	0.0016079309758336177
63	3433	0.004343377698437191
63	3440	0.0006784005175939496
63	3443	0.0006386876660901131
63	3456	0.006751744180016233
63	3463	0.0025744410329468542
63	3471	0.0017999445784865275
63	3477	0.0004207414330762255
63	3488	0.0031723890725933747
63	3496	0.001130865583401276
63	3507	0.004741484891032197
1270	3423	0.0005503827819233194
40	3311	0.0021460701870062078
40	3314	0.0035431750384791283
40	3316	0.0019315923569465118
40	3325	0.0008409774234558869
40	3334	0.0025046555835351878
40	3337	0.001005444728733058
40	3346	0.001697307041242249
40	3355	0.0018365582097999897
40	3357	0.0022684724278287096
40	3359	0.0016911489084919635
40	3366	0.0038748581851987015
40	3369	0.0011585651236669318
40	3374	0.0016763622911529056
40	3380	0.001500817671318399
40	3401	0.005179341891626371
40	3402	0.0045640483204606045
40	3403	0.002194047703644826
40	3420	0.0025462937383384557
40	3422	0.0025381854294658887
40	3423	0.004715093454106289
40	3433	0.0030275845727914443
40	3434	0.0024194992675042044
40	3439	0.001534695546096028
40	3442	0.0007130961767408705
40	3451	0.002224500812290747
40	3459	0.0010511472354339997
40	3473	0.002207398237846736
40	3475	0.0020435302260858683
40	3494	0.0014849616589540954
40	3497	0.003062206167007654
40	3504	0.0012389784782975211
40	3507	0.006102513345229065
3310	3263	0.0013595837582032577
3310	2773	0.0013595837582032577
3310	4	0.004073148594287508
4	3445	0.0005969179487679208
4	3450	0.0023402164994332803
4	3487	0.0020637785819261002
4	3494	0.0019409728051645407
4	3503	0.0005613212600583103
3311	2682	0.0013595837582032577
3311	220	0.00053668432012916
3311	116	0.0013595837582032577
3311	730	0.001465028979958488
3311	2000	0.0013595837582032577
3311	1888	0.0009003560684437317
3311	117	0.0003316574887820447
3311	716	0.0010986498628065952
3311	1201	0.00030356686427966543
220	3315	0.00023701827674019302
220	3391	0.000666784773208661
730	3313	0.0004752085869604846
730	3317	0.00044863936684080044
730	3332	0.0005373090639278885
730	3396	0.0003710186046078777
730	3444	0.00029538516318674835
730	3445	0.00040678035694008223
730	3460	0.0002955324571756033
730	3483	0.0006373000035934007
730	3486	0.00018424553318335942
1888	3315	0.0004906602430644531
117	3316	0.0002959014382803744
117	3315	0.00025980051639719174
117	3387	0.0004793606900737246
117	3391	0.00023816535618825208
117	3451	0.0005265197870408491
117	3459	0.0002523046690440711
117	3466	0.0005257119469799293
117	3470	0.0002957171910029155
716	3332	0.0008016506336413014
716	3335	0.00040343995571300365
716	3463	0.0006881127750427134
716	3476	0.0004109748714336914
716	3487	0.0011645282459947367
1201	3316	0.0005470566169471763
1201	3387	0.0008276365564136116
1201	3423	0.0005659670046653475
1201	3475	0.00023661501842437988
3312	21	0.003110908638570436
3312	1237	0.0005650562833486596
3312	179	0.00026048948026483987
3312	215	0.000555476785930299
3312	3001	0.0002806044068547608
3312	350	0.0002810350980942581
3312	908	0.0004272219812601533
3312	684	0.0005682652207057888
3312	812	0.0013595837582032577
3312	309	0.00032730843719342237
3312	686	0.0002705395414278434
3312	189	0.0012417561980090173
3312	69	0.0007687086682548844
3312	2404	0.0005682652207057888
3312	34	0.00043723205994052294
3312	3355	0.0005679794047302493
21	3313	0.00957618319926368
21	3316	0.0073834358860293756
21	3317	0.006965879193792696
21	3320	0.0024881065524210754
21	3321	0.004897579887234324
21	3322	0.00292704118468877
21	3323	0.010044479831450442
21	3325	0.0020379560297143634
21	3324	0.005875061933339089
21	3326	0.0029973482224494954
21	3328	0.0026001008824228637
21	3329	0.0013556815156154042
21	3336	0.007481421261543279
21	3337	0.004053731889203775
21	3338	0.0021762496280914112
21	3342	0.008593890768061847
21	3343	0.025204638206491565
21	3346	0.0049057235407341335
21	3348	0.016656365701629778
21	3351	0.005006778944568629
21	3352	0.0036503950133092832
21	3355	0.004089090143013743
21	3356	0.003883804517822558
21	3358	0.006268520881225899
21	3359	0.005481355517528938
21	3360	0.0031922512156608305
21	3363	0.004697131836757619
21	3365	0.013084183824249945
21	3364	0.0073917723506089624
21	3366	0.010189826798446
21	3367	0.004079226454150504
21	3370	0.003884865774932844
21	3373	0.002160097348719551
21	3374	0.0052685146379609004
21	3383	0.007364930234562558
21	3385	0.008075043816298439
21	3387	0.005722544389412001
21	3388	0.005243089683659232
21	3391	0.004670031612458169
21	3393	0.007432904095296079
21	3394	0.006412859072182645
21	3396	0.00786073063797266
21	3403	0.007838579915320677
21	3405	0.009212113998575097
21	3406	0.0029285736055097516
21	3408	0.006679767152281594
21	3410	0.0057053151334101595
21	3411	0.003957183156692182
21	3417	0.007069921095647631
21	3419	0.00156069944285861
21	3420	0.011116679761341033
21	3421	0.0051079977827094775
21	3422	0.008662382387744279
21	3426	0.00536032383026624
21	3427	0.004083084067041242
21	3429	0.0054719356156043755
21	3432	0.002840542663148366
21	3431	0.00446252732812901
21	3435	0.006243627334961902
21	3437	0.005333653569764591
21	3440	0.0018373524777570537
21	3439	0.004366791562851308
21	3443	0.0017876383978506778
21	3444	0.007831842651148982
21	3446	0.0018860240461384343
21	3449	0.005621104931000008
21	3450	0.026357005048725457
21	3453	0.027519986898040926
21	3459	0.003514631147179872
21	3460	0.0038145682925794203
21	3461	0.007999927998269023
21	3463	0.005457282903988121
21	3464	0.003755189195174095
21	3466	0.009225182860534415
21	3470	0.002794600363678371
21	3471	0.005336960032256414
21	3474	0.004447132814505803
21	3476	0.0037637306869131334
21	3477	0.0010050393573599779
21	3481	0.0064152027198382065
21	3483	0.012642793875790911
21	3485	0.004149170697185761
21	3486	0.004364129468974765
21	3487	0.026827938782040924
21	3495	0.005632190148792301
21	3496	0.0018595739031638235
21	3497	0.011985907453381926
21	3498	0.0033747312836196735
21	3500	0.012947376828063857
21	3504	0.004565868764888208
21	3505	0.00397431027647974
21	3507	0.024057918991513886
21	3508	0.005679920369119045
1237	3358	0.0005617463739646038
1237	3393	0.0007327122502588831
1237	3414	0.00094956411045665
1237	3415	0.0004130027943199977
1237	3427	0.0004071646946810987
1237	3479	0.0003278802983484238
179	3317	0.000552655048887276
179	3351	0.00029407443759942503
179	3353	0.0002838639259891272
179	3408	0.0003318681997715451
179	3476	0.0002996616105714371
215	3368	0.0003586830515894774
215	3416	0.0003004966719189563
215	3505	0.0004998926573516691
3001	3355	0.00047017990292961415
3001	3474	0.0006786192848474769
350	3321	0.0004341996659097884
350	3393	0.0004509891631205923
350	3445	0.0004350855916504631
350	3485	0.0003214323685097144
908	3355	0.0006002348455843798
908	3365	0.0005715674452534993
684	3355	0.0007913185374974668
309	3352	0.0002544553632700444
309	3460	0.0005102007436096146
309	3476	0.0003775017673183954
686	3321	0.00040226892884890806
686	3388	0.00024030802027755175
686	3461	0.0004031461649299873
686	3476	0.00034906217502868466
686	3478	0.000224921238859898
686	3479	0.0002539712178864935
189	3314	0.008016567309121989
189	3317	0.00203050972728292
189	3320	0.001170896972725065
189	3321	0.002330163535174639
189	3328	0.0017347737695455273
189	3332	0.0035890586190144846
189	3335	0.0038071775423731036
189	3355	0.002216777343080804
189	3357	0.0020916725216772194
189	3363	0.0018769754667733731
189	3368	0.0028189463378933428
189	3373	0.000949302631571106
189	3374	0.003438627356221011
189	3377	0.0032715056157523368
189	3385	0.003942653950689524
189	3390	0.003132148727838273
189	3393	0.0026072160371363585
189	3395	0.0023965190847208408
189	3406	0.002484240589772157
189	3409	0.01081345677552165
189	3408	0.001691516665563265
189	3410	0.0017367831736222967
189	3417	0.0033233374421760145
189	3419	0.0007693003589779225
189	3421	0.0013330639455905087
189	3426	0.0024483946647912798
189	3429	0.0023996497365875737
189	3431	0.0024585911037045757
189	3433	0.004475349478650015
189	3439	0.0032278449568736234
189	3440	0.0009755568341584266
189	3445	0.003479554184887982
189	3460	0.0012490192221791638
189	3461	0.0027069411855134007
189	3463	0.00246009381070642
189	3465	0.001640293228907057
189	3464	0.0019129111738688566
189	3474	0.0012371580487456658
189	3476	0.001296118962727048
189	3478	0.0025852765348622565
189	3485	0.0015683155900156032
189	3487	0.00775248038826342
189	3495	0.00224616037442269
189	3498	0.0016325573654697215
189	3500	0.006558790301056977
189	3505	0.0015407494390355166
189	3506	0.005477798858956259
189	3508	0.002953438739294533
69	3317	0.0012850568586535252
69	3322	0.0005577767120824612
69	3324	0.0016926608460887437
69	3329	0.00048166808424845856
69	3332	0.0019935545766102754
69	3339	0.0007948897248004587
69	3351	0.001082500570638561
69	3352	0.0007386133894115517
69	3353	0.0019738811380068644
69	3356	0.001316846055018047
69	3368	0.002152954283235886
69	3377	0.002354652779412918
69	3383	0.002316459149232201
69	3388	0.0010270455472784444
69	3393	0.001259388907895183
69	3395	0.0012874815533567212
69	3396	0.0018249128730582064
69	3397	0.0006271091851982411
69	3402	0.004000860276632004
69	3408	0.001002011799982329
69	3410	0.001179769375852766
69	3417	0.001530437603393478
69	3427	0.0008449724090839939
69	3439	0.0021109552121788746
69	3443	0.000652459759468029
69	3447	0.0008504447149226973
69	3449	0.0010317470270760278
69	3460	0.0007040277950246198
69	3461	0.0013043840806564897
69	3474	0.0008352229834241673
69	3476	0.0008078738852701213
69	3477	0.00036923700136019734
69	3478	0.001190462522625373
69	3479	0.000951412971926466
69	3485	0.0006447958932226641
69	3493	0.00357497724430575
69	3495	0.0010393960906233718
69	3508	0.001845747995557142
2404	3355	0.0007913185374974668
34	3322	0.0003912894748165848
34	3339	0.0004578915528050507
34	3345	0.0011441251771617787
34	3351	0.000526431186585562
34	3356	0.0008204577967488994
34	3358	0.0005742715518269888
34	3363	0.0004889361061078597
34	3393	0.0007206397305363224
34	3411	0.0005972671665180475
34	3416	0.0007094903646592341
34	3417	0.0008335668509559532
34	3427	0.00035146743850473025
34	3447	0.00034596406670765506
34	3463	0.0006256982389492876
34	3481	0.0008715058567607946
34	3483	0.0016488727772353046
34	3493	0.0014363465041092036
34	3495	0.0005858171793899281
3313	3314	0.0045142313798561965
3313	426	0.0003905176147549377
3313	446	0.0005528672496687116
3313	113	0.0003583603578931656
3313	822	0.0010309071030534754
3313	3054	0.001108634260955412
3313	384	0.0024755776578793587
3313	717	0.0004156140243135118
3313	119	0.00035175001972378837
3313	519	0.0003569532293183277
3313	629	0.0003359417780682037
3313	134	0.00046552684811515565
3313	494	0.00028223348526573765
3313	2668	0.0013595837582032577
3313	388	0.00027128517621961346
3313	1684	0.0002937039114037629
3313	2041	0.0005287956325285791
3313	1503	0.0013595837582032577
3313	112	0.000784372272408396
3313	3409	0.0043663563716019056
3313	3413	0.014615270377728647
3313	3445	0.0017980452460659583
3313	3450	0.0026329801925542495
3314	3282	0.0013595837582032577
3314	3276	0.0008947720614289554
3314	1495	0.0013595837582032577
3314	2932	0.0008634653637108114
3314	106	0.0028491350258782904
3314	371	0.0006912159701193472
3314	16	0.00068214549800982
3314	2500	0.0013595837582032577
3314	2031	0.0007663179195333396
3314	237	0.0009928356297313895
3314	88	0.0009264019725085331
3314	2490	0.0016239059674853626
3314	1299	0.0013595837582032577
3314	2475	0.0013595837582032577
3314	1021	0.0013595837582032577
3314	322	0.0007516625750822732
3314	2111	0.0007802266966612329
3314	3412	0.012522334911078521
426	3321	0.00035458804426210605
426	3332	0.0004126070889100037
426	3339	0.0002001407113433582
426	3356	0.00037898867458930154
426	3393	0.0004883885500598127
426	3395	0.00033188973517097085
426	3396	0.0002775285114243538
426	3397	0.0001423980280945626
426	3408	0.00030289236034599574
426	3421	0.0002382691514072041
426	3444	0.00023691659603505293
426	3460	0.00016305238794685122
426	3474	0.00026498290504301615
426	3479	0.0003200802869650462
426	3483	0.0004288241942362135
426	3486	0.00019364950064840194
446	3332	0.00046820134209169683
446	3460	0.000380647429369982
446	3503	0.00017677684192478685
113	3317	0.000290702267185659
113	3321	0.00034353310258867197
113	3332	0.0004070888558985125
113	3356	0.0003355749736575846
113	3393	0.0005069071235008512
113	3395	0.00031896356065930204
113	3396	0.00027370069067406523
113	3397	0.00013756095261759183
113	3408	0.0003271452736564662
113	3410	0.00031466050931453263
113	3421	0.0002213230101218842
113	3444	0.00023325872752028403
113	3449	0.000332389246641394
113	3460	0.00015491911125858232
113	3474	0.0002453055807070167
113	3483	0.0004359166598923486
3276	3402	0.0006314961222349581
3276	3415	0.00036417769541336717
3276	3479	0.00047474736870371743
3276	3495	0.0004487054945828342
3276	3505	0.00038218906642210323
822	3317	0.0005446790593705056
822	3332	0.000988656846617202
822	3339	0.0003789688186652759
822	3352	0.0005533160965509028
822	3358	0.0007880187612209737
822	3377	0.0009016916069840705
822	3390	0.0010597573244321315
822	3393	0.0009681381347148018
822	3396	0.0007713747204723149
822	3397	0.0003243406472694865
822	3407	0.004485016432870906
822	3410	0.0007439589216384169
822	3421	0.0005033206508489908
822	3449	0.0010360549636015699
822	3460	0.0003699622387800705
822	3474	0.0005750826947544693
822	3486	0.0003594789481430488
822	3503	0.0006491029727993917
3054	3332	0.0010944949829918083
3054	3356	0.0008330909676587406
3054	3395	0.0007552345086708052
3054	3396	0.0007639545441713303
3054	3397	0.00044528602898550804
3054	3421	0.0007690090375412397
3054	3444	0.0005865017246957861
3054	3448	0.007156156461958888
3054	3449	0.0010289373515675398
3054	3460	0.0005455343997159102
3054	3474	0.0007981667997570669
3054	3483	0.0012206885719855893
384	3317	0.0023899224410896887
384	3321	0.001230171062841965
384	3322	0.0014004407801118997
384	3327	0.0026661831930779476
384	3330	0.0027172999562990936
384	3339	0.0009510382306446036
384	3351	0.001164800621475172
384	3356	0.0012895649139278726
384	3396	0.0021185658906961876
384	3397	0.0010698962801858176
384	3398	0.014291519120043944
384	3399	0.0012248796779642031
384	3400	0.002556330897565229
384	3444	0.0017748495837652456
384	3483	0.004420458701176622
384	3503	0.0015139959603765994
2932	3351	0.0004683598864207542
2932	3483	0.0009054239445790844
717	3317	0.00039581979539818015
717	3332	0.000337879855348049
717	3483	0.00041524778925705857
106	3323	0.0011825775179478545
106	3325	0.0007114269097815728
106	3327	0.0021909537757827955
106	3328	0.0006557119580792413
106	3334	0.002184206494758503
106	3336	0.0018774451541831508
106	3341	0.0026167760087032295
106	3340	0.002609139124145046
106	3342	0.0014047426210587971
106	3359	0.0013273430144523967
106	3374	0.0014720390470431858
106	3379	0.0016076172293969545
106	3380	0.001008138840886187
106	3387	0.001770762521660403
106	3390	0.001841562406185203
106	3394	0.0018106154611420722
106	3420	0.0025824437026827412
106	3432	0.0007512550429229793
106	3433	0.0020723968933977145
106	3434	0.0020096730931601194
106	3439	0.0011476067929680283
106	3446	0.0006607988009857979
106	3451	0.0016573717730478
106	3470	0.0007809669943254868
106	3472	0.00388378205677633
106	3494	0.0011641199213769675
106	3498	0.0008576469463188645
106	3508	0.002548975860298791
119	3321	0.00035881444900829707
119	3351	0.0003821288942075502
119	3356	0.0003665699703325057
119	3395	0.00036616401682316237
119	3396	0.00025598951470742976
119	3410	0.00036284261081831286
119	3421	0.0002856313514961861
119	3444	0.0002245840840874939
119	3451	0.000698649736358124
119	3483	0.0004233040640364485
119	3503	0.00037681244098161556
371	3497	0.0007117855687943185
519	3321	0.00030987051092397924
519	3356	0.0003298835308692984
519	3393	0.0004715384682071962
519	3395	0.00036731164749950973
519	3396	0.00028306697074765555
519	3397	0.00013483148531788578
519	3408	0.00029989198240882106
519	3410	0.0003110727347132952
519	3444	0.00020031285341763833
519	3449	0.00032324969269121326
519	3460	0.0001505079203259418
519	3474	0.000255038156393782
519	3486	0.0001710972397083394
519	3503	0.0003829965685981699
16	3395	0.0007336960257427632
16	3417	0.000590719648921292
16	3433	0.0005021645016893744
16	3482	0.000529243331308204
629	3317	0.0002717288176210324
629	3322	0.0001768150619849326
629	3339	0.00015487852652790375
629	3410	0.0003005615027499117
629	3421	0.0002217625338072348
629	3444	0.00017317525721759184
629	3460	0.00017185946256806207
629	3479	0.00024521416694792993
629	3486	0.00013457280145925157
629	3503	0.0001836945257993499
2031	3363	0.000663608134090967
134	3317	0.000294380322281737
134	3321	0.0005526413055398319
134	3332	0.0005338651396266209
134	3339	0.00019915540585570485
134	3356	0.0004689445497902525
134	3389	0.002014024964903378
134	3395	0.0004925824305495769
134	3396	0.0003650977921011135
134	3397	0.00022488754729825628
134	3421	0.00031858680082490036
134	3444	0.00029754125275943005
134	3450	0.0008903026420171586
134	3460	0.00019475979425497494
494	3332	0.000316825322553967
494	3356	0.00031377789883741775
494	3421	0.00021723389790157045
494	3444	0.00017513774815376584
494	3449	0.0003021384527629171
494	3460	0.00016244597718306146
494	3483	0.00031981225142934907
237	3402	0.00107598118730527
237	3490	0.0010930627162607396
388	3332	0.0003180251207568998
388	3356	0.0006012173196703
388	3396	0.00030586514542583685
388	3397	0.00020237194095496107
388	3408	0.00024670533917714026
388	3409	0.0006490713932958147
388	3410	0.0002566531646791499
388	3421	0.00018514652789629056
388	3444	0.0001561291824075533
388	3460	0.00020448714576552172
388	3483	0.0003103310255283462
88	3341	0.0011117375472293049
88	3355	0.0007385369101603447
88	3364	0.000928876081901601
88	3372	0.0014755312561044653
88	3374	0.0007140523105434502
88	3380	0.00049398146098576
88	3403	0.0006840548764455417
88	3434	0.0009221437736281275
88	3451	0.0007888271245951682
88	3497	0.0008490783142770371
88	3498	0.0004651046124163708
2490	3414	0.0006344682740739698
1684	3317	0.0002366516162799633
1684	3332	0.00034104588459416474
1684	3339	0.00013638187984524314
1684	3356	0.00033337501443557634
1684	3396	0.00021231974329591048
1684	3421	0.00019983740467252806
1684	3444	0.00015974383185739474
1684	3460	0.00015162890146450434
322	3323	0.0003862944604164108
322	3341	0.000814285263476115
322	3360	0.00020238339696419146
322	3359	0.0005065443867272346
322	3379	0.0008667583701609551
322	3402	0.000520483872365697
322	3433	0.0006235554787321806
322	3495	0.0009058981695180823
322	3497	0.0008192674939905249
2041	3396	0.0003893933707253559
2041	3483	0.0005013572792407322
2111	3402	0.0006619029637042716
112	3317	0.0005169589185669224
112	3322	0.00026463315006926464
112	3332	0.0007343112227185997
112	3339	0.0003191485803008241
112	3353	0.0016115738230868498
112	3357	0.0008366842917267783
112	3388	0.0008465120903166642
112	3395	0.0005634245500293656
112	3396	0.0005837651341317541
112	3402	0.002381492953445807
112	3410	0.0005065035467747455
112	3411	0.000957269139707339
112	3449	0.0003926579769324246
112	3450	0.001929527213577994
112	3474	0.00047085206670605817
112	3479	0.000545141032168576
112	3483	0.0008535160446075232
112	3485	0.0005109698157222807
3315	3316	0.0022849035691133086
3315	383	0.0013595837582032577
3315	357	0.00123443776999061
3315	75	0.0013353746161342437
3315	649	0.0015148948492398828
3315	195	0.0013595837582032577
3315	831	0.00030974698174747234
3315	1646	0.0013595837582032577
3316	22	0.0008379112780261434
3316	25	0.0006869749141369134
3316	2061	0.0008339163442351296
3316	457	0.0013595837582032577
3316	1336	0.0003640533538655045
3316	637	0.0013595837582032577
3316	1519	0.0006941234422913722
3316	3119	0.0013595837582032577
3316	649	0.0007159754115269275
3316	2378	0.0007689211376364206
357	3332	0.0015571259369429103
357	3340	0.001819716841666961
357	3365	0.0007789886000994334
357	3387	0.0005011242503397888
357	3386	0.0007261950808734975
357	3393	0.00066970935370921
357	3406	0.0007095701411956261
357	3461	0.0006444656085666765
357	3474	0.0007625746337354683
357	3496	0.0003651348651232821
22	3450	0.0008961695805590899
22	3487	0.0007987643540041273
22	3508	0.0008594846297908605
25	3365	0.0013458544874292255
25	3379	0.0005567712433818932
25	3472	0.0004945183312967682
25	3488	0.0005094377600995828
2061	3380	0.000580551144376485
75	3340	0.0022431111605316118
75	3365	0.001730023397878896
75	3372	0.0018546503102572656
75	3393	0.001226371967924367
75	3420	0.0019016668908551052
75	3422	0.0019732593804175913
75	3429	0.0009605089381452491
75	3461	0.0013057229125715147
75	3474	0.001385363801160028
75	3478	0.0012152431005561153
75	3499	0.0032643931267485977
1336	3364	0.0005223201260007533
1336	3365	0.00033811005023079546
1336	3387	0.0002856148883172717
1336	3386	0.00010780416922621811
1336	3446	0.00024364562007610251
1336	3459	0.0002498219692703503
649	3327	0.0010398432891572103
649	3328	0.0004001250995337341
649	3340	0.002025596439519771
649	3343	0.0028171368059887363
649	3355	0.0008179696744187775
649	3364	0.0016303780308914461
649	3369	0.0006752284789395133
649	3387	0.0008220639664270617
649	3394	0.001041383342317469
649	3451	0.0010463324488008145
649	3459	0.00047287766359454245
649	3467	0.00113919911034289
649	3470	0.0004275516669261873
649	3475	0.0010241191624261537
649	3508	0.0016240269405739117
1519	3357	0.0007489561040199219
831	3466	0.0011359828352343554
2378	3437	0.0006468095414884598
3317	67	0.0012711940826274745
3317	440	0.0006843460355247764
3317	98	0.000252907305694021
3317	43	0.0002619156165295481
3317	1844	0.00029935049886035205
3317	9	0.0006944177452454366
3317	3082	0.0010056309649417769
3317	366	0.00038547513459235796
3317	327	0.000386167598722925
3317	1424	0.0005895441814791579
3317	1526	0.0019247545713177634
3317	23	0.00026656459810415854
3317	948	0.0029216607763436057
3317	157	0.0006636466486391729
3317	502	0.0003264729152014933
3317	651	0.0005080594082476918
3317	196	0.0013595837582032575
3317	2101	0.0013595837582032575
3317	2161	0.0006492082737312509
3317	1406	0.0013595837582032575
3317	180	0.0008151488217799711
3317	201	0.00025982089910439024
3317	33	0.0003938865061370754
3317	325	0.00022423156316832052
3317	617	0.0006522626911211461
3317	1222	0.00047018586331597516
3317	1207	0.0005473473428806743
3317	1383	0.000668337982048575
3317	559	0.0007090831310612572
3317	3390	0.0018643224231123402
3317	3450	0.0018572987005626056
3317	3487	0.0021698356969446155
67	3399	0.00018439025111125835
440	3450	0.0006752377226784813
98	3322	0.00015889133548697247
98	3408	0.00023529058071045133
98	3449	0.00031705449106770244
98	3460	0.0001947419083102996
98	3474	0.00031526737764733435
98	3483	0.0003409905764897671
98	3487	0.0003441615472009578
43	3332	0.00031953974870816364
43	3339	0.00017372519022336975
43	3395	0.00029120714784993643
43	3408	0.0002723710757112565
43	3410	0.0003184293461694748
43	3449	0.00038384637225776376
43	3460	0.00015685208619847194
43	3474	0.00025473482482875917
43	3483	0.000408715071704492
43	3486	0.000157291786501642
43	3503	0.0003030274087828303
1844	3332	0.0003311144092169116
1844	3396	0.0002713445778203717
1844	3410	0.0003751111671491629
1844	3460	0.00020401401437230562
1844	3486	0.00015341908106636726
9	3321	0.0005063712574433735
9	3332	0.0009157452005687101
9	3339	0.0003718974053973324
9	3356	0.0006216320641619825
9	3373	0.0003563563959635538
9	3388	0.0005074214630996334
9	3395	0.000606001624039617
9	3406	0.0006005183333018209
9	3416	0.0009294310020967428
9	3421	0.0005332066383568774
9	3426	0.0006429968532894635
9	3429	0.0006451799317591281
9	3447	0.0004060471385451913
9	3460	0.00035854327022482473
9	3463	0.0006091719442761838
9	3476	0.00041343970125153854
9	3478	0.0005618337640110472
9	3493	0.0016783416855110044
9	3495	0.0005505381091187606
3082	3397	0.0003607755320325652
366	3321	0.0003853355857488074
366	3322	0.00019744078921928344
366	3332	0.0005655757702808083
366	3351	0.00038580963032961774
366	3356	0.0004064479324288251
366	3358	0.0004895479872909322
366	3373	0.0002856042284688807
366	3396	0.0004001751535553948
366	3399	0.0007537137123708677
366	3408	0.0004151933486720065
366	3421	0.0003237085100825163
366	3426	0.00046236468375829564
366	3461	0.0005686456091106686
366	3474	0.00031148625309777725
366	3483	0.0006012457416969223
327	3332	0.0003040836748104371
327	3395	0.0002640278874774656
327	3444	0.00026351842728076716
327	3483	0.0004268939566252307
1424	3388	0.00026264997681971377
1424	3410	0.0006227191210781484
1526	3448	0.0007663885805949061
23	3321	0.0003001599315843708
23	3322	0.0001295846684407945
23	3332	0.0004008030667300977
23	3351	0.0003452395660251248
23	3356	0.0003178192443459168
23	3396	0.00024509217699984754
23	3397	0.0001281298942937184
23	3410	0.00031688026792527026
23	3421	0.0002210085046156784
23	3449	0.0003261858349803547
23	3460	0.0001575077568535003
23	3474	0.000237038955255473
23	3479	0.0003036051207680754
23	3483	0.0004151450979469964
948	3412	0.0025040284604567428
157	3321	0.0006180951567095334
157	3322	0.00026506068450688397
157	3332	0.0008410932434391131
157	3395	0.0005461803357746324
157	3396	0.0005944751121048053
157	3397	0.00031926767110059245
157	3410	0.0006493663257753592
157	3433	0.001469369755996915
157	3444	0.0005425137371482764
157	3449	0.0007596781649852308
157	3460	0.0003696964889625713
157	3483	0.0009629264161112894
157	3499	0.00403783927120558
502	3332	0.0003187024148618125
502	3421	0.0002719866762238133
502	3449	0.0004009311811979381
502	3474	0.0002837567198085422
651	3332	0.00046609180900917353
651	3396	0.000423067194835658
651	3503	0.0001591553490049034
2161	3409	0.00048705967439798074
2161	3421	0.00042082086667844535
180	3332	0.000570673115394586
201	3322	0.00015025233552893593
201	3332	0.0003813393353803316
201	3339	0.00016900448553604501
201	3356	0.0004445853226772446
201	3377	0.0007016920608498027
201	3396	0.0002570102911329409
201	3410	0.0003009253302292636
201	3449	0.00035374466116796165
201	3460	0.0001561176416913088
201	3474	0.00024280418033884
201	3483	0.00047168688326936864
201	3486	0.00015218272648024564
33	3358	0.0004445457661365763
33	3396	0.0003029871301767127
33	3450	0.0006166774914617528
33	3486	0.00017873287320815286
325	3332	0.00030164036823418803
325	3356	0.0003180093281871453
325	3396	0.00020493974962650232
325	3410	0.00026982653922669647
325	3421	0.000216834587813325
325	3450	0.0002429550638773397
617	3339	0.0003106830034751964
617	3356	0.0007697619004414677
617	3395	0.0006313672402571361
617	3421	0.0005620558815939324
617	3484	0.0013595837582032577
1222	3352	0.00022446155081178035
1222	3353	0.0005370502282170028
1222	3358	0.0003695508238342137
1222	3388	0.000279501611361266
1222	3395	0.0004419642344588358
1222	3397	0.0002393166022042988
1222	3421	0.00037180271103133506
1222	3426	0.00045161465063262333
1222	3427	0.00024878460439289223
1222	3461	0.0004012276459496843
1222	3495	0.00039339228066471733
1207	3421	0.00044255340786387065
1207	3444	0.00030147362306922416
1207	3445	0.00015923792045598794
1383	3410	0.0007115184009874901
559	3377	0.0002761561278103384
559	3407	0.0009488901578333304
559	3421	0.0005816730875993164
559	3474	0.0006502217978088916
559	3486	0.00033540385694307885
3318	1286	0.0003039769325161578
3318	2587	0.0013595837582032577
3318	1045	0.0005230013014703673
3318	1449	0.0019530462513661694
1286	3400	0.00035867503875809133
1286	3440	0.000529455885077149
1286	3465	0.00023771038114780733
1286	3471	0.0007637805276031985
1045	3320	0.0009746812779839559
1045	3349	0.003215111567026732
1045	3419	0.0009459688031977169
1045	3430	0.0010186829641111654
1045	3464	0.001032677076994574
1045	3465	0.00041594286152752156
1045	3471	0.001998551010437912
1449	3458	0.0010570607734881304
3319	2303	0.005458850034666817
3319	2395	0.0013875312034810196
3319	2761	0.0013875312034810196
3319	2840	0.0013595837582032577
2303	3487	0.006807228432225538
2395	3489	0.00021168634570118406
2761	3489	0.00021168634570118406
3320	1955	0.0013595837582032577
3321	159	0.0005838577851939132
3321	1148	0.00036387628108417943
3321	876	0.0003546174534587823
3321	1708	0.0007842092249936986
3321	273	0.004457285259993047
3321	123	0.0008219431366627178
3321	48	0.00040768320257612666
3321	2	0.00048120734967182626
3321	952	0.0013595837582032577
3321	1793	0.0005478644500531955
3321	708	0.0012191379489839415
3321	697	0.0013595837582032577
3321	601	0.00036404704311523045
159	3355	0.0005721343693194801
159	3364	0.0007317442282705077
159	3453	0.0006518976762869499
1148	3358	0.00025098451794471077
1148	3373	0.000177134790394037
1148	3421	0.0004761934310838998
1148	3429	0.0003035525923034464
1148	3463	0.00032374652442479864
876	3322	0.0003214143541699138
876	3363	0.000255347703845919
876	3393	0.0003424129000320446
876	3463	0.0003948274318659188
876	3479	0.00019329482077957928
1708	3394	0.000660523328596961
273	3469	0.0034432657584723297
123	3410	0.0010461131338862016
123	3414	0.0020677950511470357
123	3415	0.0007752700550435103
123	3416	0.0003394326565396867
123	3470	0.0006322072257823364
123	3483	0.0014958542116490477
123	3495	0.0005015476489199086
123	3505	0.00032593384734922327
48	3351	0.00039193002135085383
48	3352	0.0003182326415604324
48	3353	0.0006865664920593444
48	3356	0.0004721260179449592
48	3393	0.0005450548783667184
48	3395	0.0005170449806628123
48	3399	0.0007462064191123554
48	3427	0.000332100283562328
48	3429	0.0005757429396665283
48	3460	0.00030348831881078255
48	3461	0.0005277541735063853
48	3463	0.0005352919188851715
48	3474	0.0003609282163085151
48	3483	0.0009911583512847413
48	3485	0.00026968564835887226
2	3332	0.0008279683120274259
2	3371	0.000806960285945928
2	3394	0.0007076718135096494
2	3449	0.000671393146474326
2	3479	0.00024505647504125856
1793	3410	0.0008441562728260756
708	3416	0.000399565471844659
708	3492	0.0006831747548257792
601	3339	0.00026202632030522874
601	3393	0.0003772386318795153
601	3416	0.00025807053046650075
601	3479	0.00017091788473890866
601	3483	0.0006378121893953249
601	3505	0.0002505196882065111
3322	2972	0.0002397540914246528
3322	403	0.00014666153388008602
3322	1630	0.0005360049303890064
3322	1789	0.0006227747687839757
3322	211	0.00030826074122588414
3322	889	0.0003346758058789565
3322	1153	0.000298762166955502
3322	392	0.0008571528764246077
3322	79	0.0003617791093549597
3322	3409	0.0020739052232468702
2972	3377	0.0002635719428942393
2972	3395	0.0003817882828108735
2972	3410	0.00031953696146606864
2972	3421	0.00026544306829011654
2972	3450	0.0004742683930281756
2972	3460	0.00018080388084622446
403	3332	0.00032911623350636194
403	3339	0.0001564693661535853
403	3356	0.00036058816796545026
403	3395	0.00027572727370973025
403	3396	0.0002063116511516076
403	3397	0.00012634433372211496
403	3410	0.0003103105203411358
403	3460	0.0001548685318383459
403	3474	0.00025403258423114557
403	3483	0.00034603825968202383
403	3503	0.00028814903856279453
1630	3483	0.0008337585345856325
1789	3396	0.0007440241350733718
211	3356	0.0005733587281711866
211	3365	0.0005671008453523868
211	3386	0.00041670202624335273
211	3397	0.00032942647730922845
211	3429	0.0003550312002205338
211	3495	0.0004327350665781975
211	3505	0.00024210662267011495
889	3427	0.00026792584927809687
889	3483	0.0006825020957692045
889	3505	0.00030238283871867396
1153	3358	0.00033510550294849447
1153	3380	0.0005255274171755888
1153	3449	0.0005473306523454876
1153	3459	0.00029963949500574785
1153	3479	0.00022880409419447477
1153	3495	0.0004209231240587587
1153	3505	0.00020348537537837858
1153	3508	0.0005091084969501027
392	3365	0.0016466821944511494
392	3380	0.0011713822720316636
392	3392	0.0030908245456958265
392	3414	0.0025791870428655333
392	3415	0.0010885611188650617
392	3449	0.0020094174364270233
392	3479	0.0005221313602744835
392	3505	0.00044185134222848426
392	3508	0.001432401849060796
79	3371	0.0006421030986351391
79	3463	0.0005514968495338468
79	3479	0.00021420005730992363
79	3483	0.0009206351254256884
79	3505	0.00027008514156970354
2947	3323	0.0006734283103799207
2947	3402	0.0006861554478233378
3323	763	0.0004897336310736886
3323	1080	0.0013595837582032577
3323	138	0.0006893621231868151
3323	353	0.0004897336310736885
3323	612	0.0013595837582032577
3323	1170	0.0014411673988621687
3323	24	0.0004100244035380947
3323	308	0.0006734283103799207
3323	264	0.0009667886535378118
3323	1413	0.0013595837582032577
3323	467	0.0003111116747292905
3323	3078	0.0013595837582032577
3323	758	0.001182285484542539
3323	1649	0.0013595837582032577
3323	1650	0.0013595837582032577
3323	318	0.0004897336310736885
3323	3340	0.0019058645939785664
3323	3402	0.0011909723460398634
763	3340	0.0003152037269021028
763	3402	0.0005546464002274722
138	3337	0.0004403575795905115
138	3360	0.0004357333297971402
138	3379	0.00025540790641024274
138	3389	0.00034956824473649265
138	3434	0.0002890516923831657
138	3473	0.00020270094010862386
138	3472	0.00031219997977427146
138	3504	0.0003908460857082679
353	3340	0.00031520372690210287
353	3402	0.0005546464002274722
1170	3412	0.0011140082080088526
24	3336	0.0005827222019484257
24	3340	0.0003371969485305721
24	3341	0.0002412931293641251
24	3402	0.0006111743843799803
308	3402	0.0006861554478233378
264	3402	0.0016292032196980918
264	3412	0.003913332196154702
264	3421	0.002580458210486839
467	3340	0.00038993277907633064
467	3402	0.0004645325634235705
467	3403	0.0005755338110926258
758	3341	0.00023433834805213229
318	3340	0.00031520372690210287
318	3402	0.000554646400227472
3324	3325	0.0006972112270269477
3324	1346	0.0006663095241849122
3324	739	0.0020187672441338033
3324	3012	0.002865139043856398
3324	2967	0.0013595837582032577
3324	2777	0.0013595837582032577
3325	1794	0.0013595837582032577
1346	3443	0.0007079417773897783
739	3415	0.0007454443027985636
739	3436	0.001391198546469886
3012	3469	0.0018947930647175877
1186	3326	0.0005744568923440806
1186	3408	0.0008471038751932247
3326	1577	0.0010740062080911315
3326	2792	0.0013595837582032577
3326	101	0.0003829610916844633
1577	3412	0.000925982676049118
101	3342	0.0004621187719967078
101	3379	0.0003089779550255027
101	3389	0.0003479263294250407
101	3437	0.00036521282507201533
101	3446	0.00030457504015685084
101	3466	0.0005824608366454889
101	3488	0.0004222045346705353
3327	3051	0.0005486509266941918
3327	1028	0.0013595837582032577
3327	1465	0.0013595837582032577
3327	1119	0.0013595837582032577
3327	290	0.0018071441111892352
3327	2165	0.0004769222351657035
3327	1695	0.0011266800773261146
3327	1916	0.0013595837582032577
3327	3400	0.0010213878876208378
3051	3393	0.0006857255659971188
3051	3508	0.000721398770705233
290	3344	0.0002627917068688935
290	3457	0.0010695731894264247
2165	3328	0.0009181032915870669
1695	3400	0.00023290368087714215
3328	1175	0.0011669872123491421
3328	1174	0.0013595837582032577
3328	1055	0.0008418219045434016
1175	3412	0.0007966536133057128
1055	3342	0.0005405128848429866
3329	632	0.0006037819689924122
632	3373	0.000760117087670578
3330	1412	0.0013595837582032577
3331	3332	0.0038064166888961814
3331	3298	0.0013595837582032577
3331	3217	0.0008536476102945309
3331	1124	0.0012998096149153743
3331	3308	0.000740515835140627
3331	1162	0.0009312830013321044
3331	1239	0.0017439682280201755
3331	3141	0.0013595837582032577
3331	1972	0.0013600345641520354
3331	1374	0.0008186122568232969
3331	1351	0.0013595837582032577
3331	988	0.0008536476102945308
3331	1757	0.0013595837582032577
3331	677	0.0006015479992379045
3331	78	0.0005382241555983487
3331	1484	0.0009447411360660014
3331	340	0.000563319118065042
3331	3231	0.000740515835140627
3331	1423	0.0006015479992379045
3331	326	0.0008036210112020802
3331	1985	0.0008536476102945309
3331	107	0.0013595837582032577
3331	2964	0.0007040396652879241
3331	3124	0.0008536476102945308
3331	3085	0.0008536476102945308
3331	476	0.0013595837582032577
3331	2217	0.0010499919879917703
3331	3277	0.000818612256823297
3331	171	0.0013853811886937986
3331	238	0.0006321703941869519
3331	320	0.0006321703941869519
3331	1594	0.0013595837582032577
3331	3024	0.0006015479992379047
3331	365	0.0008186122568232971
3331	1564	0.0006428065624160137
3331	921	0.0005665569656493091
3331	3395	0.0035472371751849247
3331	3461	0.0049329349491655
3331	3483	0.0065496078189946575
3332	1893	0.0013595837582032577
3332	1325	0.0005675807435888325
3332	294	0.0013595837582032577
3332	3271	0.0005023955138238363
3332	968	0.00046492198958878096
3332	1015	0.000757931964729475
3332	1302	0.0017532929841025389
3332	391	0.0005276834946474902
3332	895	0.0013595837582032577
3332	460	0.0013595837582032577
3332	759	0.0012601198611544052
3332	737	0.0007403121391902785
3332	451	0.0013595837582032577
3332	886	0.0008458281231059182
3332	3364	0.004935159307403098
3332	3409	0.003148155726752375
3332	3450	0.003075801133932536
3332	3490	0.004030404795314272
1325	3410	0.0008319231232841023
3217	3490	0.0005634466228852436
1124	3357	0.0008160749842565435
1124	3390	0.0006848884061991236
1124	3450	0.0009806577621199368
1124	3487	0.0010551303148531408
3271	3395	0.0003992809152996716
3271	3461	0.0005740355719087245
3308	3425	0.00069613043297275
1162	3380	0.0009596984759650216
1239	3436	0.001443276805775648
1239	3452	0.00120972140637329
1972	3340	0.0015349776441872308
968	3352	0.0003161382365175849
968	3395	0.00035078974389804256
968	3495	0.0004926619378135002
1374	3362	0.000801502533342988
1015	3395	0.000623636992171174
988	3490	0.0005634466228852436
677	3425	0.0005635201276688534
677	3490	0.0003958754544491765
1302	3362	0.0013105181875843772
78	3409	0.0014906419221053155
78	3425	0.000793603695750877
1484	3425	0.00042971401356790086
1484	3497	0.0016557875272287762
340	3362	0.0012274862579544688
340	3425	0.0006256432859873496
340	3490	0.0007083499086414895
3231	3425	0.00069613043297275
1423	3425	0.0005635201276688534
1423	3490	0.0003958754544491765
326	3450	0.000881953170351186
326	3487	0.0009178147762780229
1985	3490	0.0005634466228852436
391	3380	0.0006217965245359362
391	3416	0.00034612925190113735
391	3449	0.00047493153969442077
391	3483	0.0006126038448736262
391	3508	0.000597352582753033
2964	3409	0.0006761936492292385
2964	3450	0.0010550300888897339
759	3345	0.0003705884710903433
759	3399	0.0003100194471139852
3124	3490	0.0005634466228852436
3085	3490	0.0005634466228852436
737	3461	0.0006798892345570365
2217	3365	0.0016663494637666463
2217	3480	0.0010756811413553875
3277	3362	0.0008015025333429881
171	3362	0.0012962289804240466
171	3392	0.0015087257196608383
238	3425	0.0005462885037233477
238	3452	0.000809949777896546
238	3490	0.0004983220132664696
320	3425	0.0005462885037233477
320	3452	0.000809949777896546
320	3490	0.0004983220132664696
3024	3425	0.0005635201276688534
3024	3490	0.00039587545444917655
886	3358	0.0006228992675048735
365	3362	0.0008015025333429881
1564	3362	0.0008713096797767124
1564	3425	0.0006667488305763932
921	3425	0.00043037207497037566
921	3490	0.00044854621462089796
921	3508	0.001634733624577082
3333	1700	0.0002852662881403749
3333	1454	0.00020638703550087016
3333	615	0.00024984266229707147
1700	3421	0.0013057555200611482
1454	3508	0.001329102020683649
615	3437	0.0011666664323906205
3334	2912	0.0013595837582032577
3334	541	0.0013595837582032577
3334	338	0.0006122677382799845
3334	793	0.0013595837582032577
3334	404	0.0010269375163842575
3334	405	0.0012411281022622542
3334	592	0.0003860231413616336
3334	1694	0.0005533617641647654
338	3374	0.001440227454443125
338	3448	0.0010607840011665588
338	3473	0.0003883222515327109
404	3412	0.0019783778709095896
404	3485	0.0016282633969400843
405	3450	0.0019291005045133603
592	3342	0.0009095524315322445
592	3423	0.0005211712957254001
592	3434	0.0002623198442513881
592	3473	0.0001741981781874471
1694	3352	0.0009717994582604196
1694	3415	0.0004306397755444936
3335	118	0.0013595837582032577
3335	275	0.00022898533644347214
3335	99	0.00031794066556546825
3335	217	0.000652574863403905
3335	2562	0.0005113626060575243
3335	585	0.00015719598592588957
3335	650	0.00020413190516423255
3335	1834	0.00019453111896641973
3335	1335	0.0013595837582032577
3335	447	0.00026467419810652875
275	3368	0.00023224500015155998
275	3409	0.0004848065123089957
275	3445	0.00015809330671583507
275	3444	0.00041482776626938523
275	3487	0.0006180130269661417
99	3368	0.0002634074474493593
99	3377	0.0002921718964254636
99	3409	0.00045407880485912137
99	3445	0.00015844407638809842
99	3444	0.0003728103145907522
99	3450	0.0006457335621812321
99	3487	0.0005252836042036446
217	3377	0.0012964916124593574
217	3385	0.0020250957788499687
217	3480	0.0014269506514129147
217	3491	0.002352049095504246
2562	3368	0.0008600800733814901
585	3368	0.00019397143196402545
585	3377	0.00024267078890142317
585	3487	0.0010821938431435855
650	3368	0.00023699525539868215
650	3487	0.000987755073145219
650	3503	0.0003338208691864825
1834	3377	0.00024922190035423994
1834	3409	0.0005344069973440069
1834	3445	0.00017960351800430267
1834	3487	0.0008160344803618433
447	3368	0.00022843416262910337
447	3377	0.0002531211585051197
447	3409	0.0004880202882746972
447	3450	0.000731191485058153
447	3487	0.0005864303659856389
3336	1631	0.0013595837582032575
3336	186	0.0013595837582032575
3336	1721	0.0013595837582032575
3336	192	0.0006303755781245638
3336	2452	0.0006144983631453605
3336	306	0.000959992768847985
3336	564	0.0011846667023422356
3336	610	0.002616519157785504
192	3352	0.0007880609638965454
2452	3368	0.0004090252653420896
2452	3461	0.0008085590824559342
306	3340	0.000807820181383555
306	3362	0.0009292157996538101
564	3375	0.0014919813406394362
564	3376	0.001076419222010374
564	3384	0.0019620914896455923
564	3394	0.001976212516759814
564	3499	0.0013808950386807574
610	3361	0.0013339364630407774
3337	3338	0.00021664312057487312
3337	1182	0.0013595837582032577
3337	2203	0.0013595837582032577
3337	680	0.0013595837582032577
3337	1006	0.00027142319691626494
3338	424	0.0013595837582032577
1006	3359	0.0003842955407371326
1006	3439	0.00046692552087492715
1006	3497	0.0005285850528211445
3339	548	0.00019642675168076977
3339	231	0.0002608251422044288
3339	1999	0.0013595837582032577
3339	1447	0.00026714805057896933
3339	691	0.00016508552027233534
3339	1142	0.0013595837582032577
3339	3450	0.0016813293665906555
548	3356	0.00028391524022793036
548	3374	0.0006732610136951243
548	3397	0.00014297604767170264
548	3410	0.0002989194129277028
548	3421	0.00021577298884741238
548	3444	0.00022987098532569977
548	3449	0.00033034362445792025
548	3460	0.00016831968286699654
548	3474	0.00023828286487435427
548	3483	0.00046094213118158783
231	3396	0.0005437200459252495
231	3411	0.00031307794085034385
231	3495	0.0005289184144176355
1447	3421	0.0004689710204091385
1447	3444	0.0003065277942828309
1447	3460	0.00036898974283686956
691	3395	0.00027101108982639473
691	3396	0.00022753004166584247
691	3408	0.0002409385062639944
691	3421	0.00025745429579372323
691	3449	0.00036115900945866145
691	3460	0.0001811052925908398
691	3483	0.000346293787801112
3340	3341	0.002236886186998736
3340	334	0.0004991547867227126
3340	562	0.0005950374728792225
3340	734	0.006271759678879115
3340	1867	0.0006246865609483907
3340	27	0.0015067971387186408
3340	31	0.0013595837582032577
3340	2026	0.0013595837582032577
3340	776	0.0013595837582032577
3340	1878	0.0007116184811521943
3340	999	0.0005636901437985677
3340	3040	0.0013595837582032577
3340	172	0.0007755725468324999
3340	3020	0.0009499018863731885
3340	1308	0.0017594327247613378
3340	1806	0.0013595837582032577
3340	30	0.0013595837582032577
3340	173	0.0007428476756919887
3340	3402	0.0029501743495693625
3341	1498	0.0013595837582032577
3341	3042	0.000328231158165757
3341	50	0.0007238582346492847
3341	3237	0.00035729997222641347
3341	329	0.0013595837582032577
3341	1749	0.0009110142806682673
3341	2913	0.0013595837582032577
3341	2192	0.0013595837582032577
3341	904	0.0008952089775951704
3341	1014	0.00026756399030917723
3341	1502	0.0008071525154540245
334	3402	0.0008604289714805442
3042	3433	0.0011373929516047688
562	3357	0.0006520129561254445
562	3497	0.0008022285243205178
50	3362	0.0011744209995681754
734	3458	0.005107914931250134
1867	3497	0.0010239311594009192
3237	3374	0.0012003240076945668
27	3402	0.001714419032489338
27	3436	0.0019694157179308866
1749	3356	0.001077677857968132
1749	3402	0.0005800024236872044
1749	3476	0.0004953116764747491
1749	3478	0.000436489297276763
1878	3482	0.00016777898349645593
1878	3481	0.00073377071476469
1878	3494	0.0003549128821339791
999	3355	0.0005087079788660464
999	3461	0.0007048458897487232
999	3497	0.000696849644875603
172	3362	0.0008206609571766962
172	3393	0.0011004112265234854
3020	3351	0.0003651710986527285
3020	3356	0.0006415010441560185
3020	3395	0.0006190423587350373
3020	3406	0.00041109184183616207
904	3410	0.0017197382072548849
1014	3402	0.0011895725665045228
1308	3426	0.0013825942707242538
1308	3448	0.0016591275106975873
1502	3425	0.0012473158309676785
173	3395	0.0007229088154147162
173	3402	0.00039405248589192195
173	3417	0.000733675840336803
173	3433	0.00041643305142869536
3342	2927	0.0006678297062025851
3342	373	0.0013595837582032577
3342	3185	0.007341929029313252
2927	3394	0.0008571803647370947
2927	3493	0.0004916033662188812
3185	3378	0.0060436221254829715
3343	3344	0.007189698630933226
3343	2979	0.0010738488625444533
3343	572	0.0013595837582032577
3343	252	0.0014048721738399907
3343	661	0.0013595837582032577
3343	409	0.0010410357314778874
3343	274	0.000715343189177239
3343	3457	0.018695022758804216
3344	1933	0.001359583758203258
3344	279	0.0003120927216142483
3344	377	0.0003120927216142483
3344	2067	0.0003120927216142483
3344	278	0.0001884215501214513
3344	277	0.0003120927216142483
3344	252	0.00048719959280870285
3344	272	0.00012276462649071703
3344	858	0.00030146757860433126
3344	928	0.0001695767940918431
3344	509	0.00013031531336813652
3344	1269	0.001359583758203258
3344	1704	0.0003120927216142483
3344	169	0.00023571308683566715
3344	3176	0.0003014675786043313
3344	274	0.00016465812023398686
3344	532	0.0015041161531181345
3344	166	0.001359583758203258
3344	3303	0.0003120927216142483
3344	38	0.00023571308683566718
3344	3457	0.0007241507353249473
2979	3354	0.0005402261124621126
2979	3454	0.0002085229577355503
2979	3456	0.0003982567599872744
279	3457	0.0010474910365890148
377	3457	0.0010474910365890148
2067	3457	0.0010474910365890148
278	3454	0.0008971548034888225
278	3455	0.00013848734179251735
278	3457	0.0006586815543732234
278	3502	0.00018399351922281126
277	3457	0.0010474910365890148
252	3398	0.0021825287497292917
252	3420	0.004385210971443783
252	3422	0.0023727744890993806
252	3454	0.0007088999051670646
252	3455	0.002778157404807832
252	3457	0.0012436628225796222
252	3502	0.003611533636784929
252	3507	0.0017348151419788406
272	3398	0.0008559252235232289
272	3455	0.0007603566733744799
272	3457	0.00028789436427062795
272	3456	0.00043676417108059605
272	3507	0.0015361414632977706
858	3455	8.534205884526907e-05
858	3457	0.0009830271739624712
928	3398	0.0007495922751679915
928	3454	0.0006371802214959947
928	3457	0.0006434582738962103
509	3422	0.0014128485625045696
509	3457	0.00047283544570210577
1704	3457	0.0010474910365890148
169	3398	0.0007816812772872437
169	3457	0.0007834197309528943
3176	3455	8.534205884526907e-05
3176	3457	0.0009830271739624712
409	3456	0.00043029979877902506
409	3502	0.001465794786239251
409	3507	0.0012932357040529488
274	3422	0.0013769135802821286
274	3454	0.000359522393576283
274	3455	0.0015447894671373006
274	3457	0.0004930147025533972
274	3507	0.0009165649766154486
532	3469	0.0009134054960707539
3303	3457	0.0010474910365890148
38	3398	0.0007816812772872437
38	3457	0.0007834197309528943
3345	3346	0.0016849231246881965
3345	907	0.0013595837582032577
3345	128	0.00021232463906382802
3345	1505	0.0002974047738489836
3345	1529	0.00024831039236467153
3346	435	0.000665463381271008
3346	269	0.0007256092496258627
3346	285	0.001096320510519454
3346	2542	0.0013595837582032575
3346	2518	0.0013595837582032575
128	3388	0.0005032750907724129
128	3461	0.0008782573192421324
435	3385	0.00075981197125596
1505	3379	0.0005123539796499115
1505	3390	0.0007024258198814558
1505	3389	0.00012214742169054833
269	3403	0.0008874288250092241
269	3456	0.0006234667515421949
269	3492	0.00038571182508530976
1529	3405	0.0006074976790504145
1529	3408	0.0009653493076329277
285	3506	0.00041697077145602576
3347	3348	0.005105160439122846
3347	2181	0.001401291955749201
3347	2119	0.0005711095812414543
3347	1850	0.001359583758203258
3347	3156	0.0005254729317693424
3347	2311	0.001359583758203258
3347	3089	0.0014012919557492007
3347	3350	0.0036366197531977726
3347	3361	0.00209022622995525
3347	3500	0.007171151109234008
3348	3348	0.0
3348	257	0.0005875363250695729
3348	1039	0.0013595837582032577
3348	1023	0.0018221988594645721
3348	1673	0.0013595837582032577
3348	1372	0.003646690712472329
3348	344	0.0013409382810594239
3348	1214	0.0006269121531701506
3348	3375	0.0055617434086371025
257	3500	0.0008186491150482215
2181	3468	0.00017649411107060412
2119	3499	0.0012563025784971791
1023	3377	0.0004552294143812834
1023	3409	0.0016013899347738498
1023	3445	0.00047636652856413163
1023	3506	0.00047056662953665117
1372	3458	0.0024692486708112783
3156	3366	0.009006050980129942
3156	3468	0.007544274433437182
3089	3468	0.00017649411107060412
344	3401	0.0008582794386815038
344	3431	0.0015879053859688406
344	3491	0.0016210571584307407
1214	3461	0.0011191869618811185
3349	3350	0.002031828312362679
3349	3349	0.0
3349	93	0.002676663804079947
3349	1523	0.0013595837582032577
3349	1330	0.0013595837582032577
3350	184	0.0005902529983993828
3350	2182	0.0006739204268081809
3350	3046	0.0005902529983993828
3350	2455	0.0005902529983993828
3350	3090	0.0006739204268081809
3350	1386	0.0025619727862483486
3350	1178	0.0013595837582032577
3350	448	0.0013595837582032577
3350	3468	0.0007076382881164651
184	3361	0.0005956530004498962
184	3468	0.0001860104602603679
2182	3361	0.000697996032301465
93	3412	0.003912052525461458
3046	3361	0.0005956530004498962
3046	3468	0.00018601046026036787
2455	3361	0.0005956530004498962
2455	3468	0.00018601046026036787
3090	3361	0.000697996032301465
1386	3361	0.0014432259680301825
1386	3366	0.005227074474791905
3351	1734	0.0003336653224076439
3351	1276	0.0013595837582032577
3351	2131	0.0007310536179542169
3351	1445	0.0013595837582032577
3351	2092	0.0013595837582032577
3351	3224	0.0013595837582032577
3351	3153	0.0007497719237086672
3351	3496	0.0005549863624633585
1734	3406	0.0004633507605906148
1734	3474	0.0006404765414394336
2131	3433	0.0007849057256933507
3153	3357	0.0006871015343991323
3352	818	0.0002705689129180973
3352	3150	0.0002499407917843963
3352	1258	0.0013595837582032577
3352	362	0.0006236061783730263
3352	386	0.00022468907520112628
3352	1586	0.00020342909874855903
3352	3005	0.00021058445633285287
818	3363	0.0003169730488295621
818	3383	0.0004696104356800234
818	3406	0.00039173711747399805
818	3417	0.00034402448790248714
818	3478	0.0002553286419488051
3150	3410	0.0006134847628568712
3150	3449	0.0005834580833637896
362	3429	0.0007621011539046894
386	3395	0.00044819664221524083
386	3461	0.0003109920347818688
386	3463	0.000366515046710177
386	3495	0.0003383484920293839
386	3505	0.0002257220617644278
1586	3405	0.0005955152863316504
1586	3406	0.0003303475187923236
1586	3410	0.0005162938164853278
1586	3417	0.00036904980643601414
1586	3421	0.00044327690295196595
1586	3461	0.0004477517256456928
1586	3478	0.00026658496436088265
3005	3356	0.000472983339308333
3005	3388	0.00026971709502369897
3005	3405	0.000684132662830582
3005	3410	0.00044642264713002836
3005	3411	0.00031964294925324087
3005	3417	0.00043456753615780036
3005	3421	0.00040590268604935614
3005	3429	0.00036894773625849813
3005	3474	0.00035328487336433516
3005	3495	0.0004079640505662794
3353	1567	0.00029172775335387167
3353	351	0.0013595837582032577
3353	882	0.00039893518618174125
3353	1698	0.0002406536527586757
3353	644	0.0004027433506327951
3353	702	0.0026198497140809906
3353	1043	0.0013595837582032577
3353	1433	0.000650319766937338
3353	1534	0.0013595837582032577
3353	232	0.00020638727879641829
3353	3485	0.002016179366391121
1567	3446	0.0004653749613449956
1567	3485	0.0006701449992277598
882	3416	0.00030710276689455216
882	3463	0.0009921443572882584
1698	3388	0.00048718509730289936
1698	3485	0.0006762509779923108
644	3355	0.000682361512651665
644	3421	0.0009888070860758005
644	3478	0.00029908700245637144
644	3488	0.0006406402593465198
702	3469	0.001699542576782503
1433	3392	0.0007162420518272478
1433	3447	0.00019589004143022066
1433	3485	0.0008642849768483226
232	3393	0.0004014085830628381
232	3427	0.00021582403875676246
232	3449	0.0006096206327132237
232	3461	0.00042110150173255725
1457	3354	0.0013595837582032577
3354	1697	0.00038875119379512383
3354	1123	0.0005589057031626022
3354	1485	0.0013595837582032577
3354	2807	0.0013595837582032577
3354	713	0.0005589057031626021
3354	678	0.0013595837582032577
3354	2261	0.0013595837582032577
3354	53	0.0026607770237952696
3354	335	0.003005350771841103
3354	3026	0.0013595837582032577
3354	891	0.0013595837582032577
1697	3507	0.0014059238034295177
1123	3454	0.0009092227071325938
713	3454	0.0009092227071325939
53	3381	0.0014282399372891764
53	3469	0.001043985458004446
335	3382	0.022717690809680443
335	3398	0.0028425333124297734
335	3453	0.011634485002493583
335	3454	0.002976161146309285
335	3455	0.001339456999441186
335	3456	0.0056821571213594765
3355	3118	0.0007091807425984421
3355	3154	0.0013595837582032575
3355	657	0.0004385140923128773
3355	1159	0.0009723554763790025
3355	191	0.0007433547652633762
3355	3239	0.0009643105065986491
3355	774	0.0013595837582032575
3118	3358	0.00048169896112843457
3118	3478	0.0003726728848129033
657	3380	0.00029584187885326444
657	3403	0.0004074035919505705
657	3451	0.0004044577757219932
657	3459	0.00025396236808994084
657	3497	0.0005321361897782496
657	3498	0.00031346799715060444
1159	3409	0.0007195656139337608
1159	3445	0.0002352854531133298
191	3385	0.0007751402333637879
191	3423	0.0008845853755986533
191	3433	0.0008431057607306875
191	3467	0.00031843962015323915
3239	3409	0.0008045894429217685
3356	2428	0.0015969391750105602
3356	569	0.0004810478216765849
3356	270	0.002197891550846674
3356	3278	0.01006334404716262
3356	1637	0.0013595837582032577
3356	3065	0.00072389237640642
3356	3450	0.003788447005841265
2428	3395	0.0008806531234575328
2428	3452	0.001468749281905125
569	3421	0.0003923557975761606
569	3426	0.0003088205225944871
569	3460	0.00031390955355292037
270	3412	0.001708008098638426
3278	3406	0.004637258678361308
3278	3457	0.008196997709267498
3278	3469	0.009849923980632237
3065	3363	0.00031872074496200797
3065	3463	0.00042445798528603016
3357	3358	0.0012593042422459717
3357	348	0.0006600192868458914
3357	3161	0.0006600192868458914
3357	347	0.0003950760128042477
3357	2369	0.0013595837582032577
3357	1783	0.00033046218010657696
3357	85	0.0007872889420329506
3357	3390	0.0004340516425686109
3358	3143	0.0013595837582032577
3358	1248	0.00034769431139502994
3358	95	0.0005376577998280158
3358	1031	0.0003578639264999542
3358	1582	0.0013595837582032577
3358	689	0.0005057875069328322
3358	330	0.001108315306651709
3358	1660	0.0010781345394944655
3358	299	0.00036554579164315034
1248	3399	0.00024378137154423344
1248	3410	0.0007724718019249145
1248	3463	0.00044997948066551437
348	3362	0.0005637121876440621
348	3390	0.0005232809135765027
3161	3362	0.0005637121876440621
3161	3390	0.0005232809135765027
95	3415	0.00037275473621944114
95	3426	0.0008018926359777797
347	3368	0.0002383342274202754
347	3390	0.0002903078247109502
347	3474	0.0007601051299261037
1031	3449	0.0005681756480009349
1031	3483	0.0006563669797206156
689	3460	0.0008819154543837104
1783	3395	0.000344048045528496
1783	3402	0.000516417171982112
1783	3433	0.00037979822547853513
1783	3449	0.0004122928452293105
1783	3483	0.0006720103608089244
1783	3495	0.00035975114868668537
85	3390	0.0005722948161703077
330	3415	0.00034473927121148593
1660	3416	0.00033283259613737235
299	3373	0.0003024256577671815
299	3429	0.0004068333671563458
299	3447	0.0001197123756216372
299	3485	0.00038696816379682133
3359	3360	0.00026021974569394757
3359	1364	0.0003952851664949942
3359	2728	0.0013595837582032577
3359	406	0.0003897673880650635
3359	3016	0.0013595837582032577
3359	3402	0.002130555310742725
3359	3405	0.0009579141550281357
3359	3404	0.005794841378544397
3360	90	0.0010692562552115186
3360	2195	0.0005493943741790616
3360	3241	0.0009794987612169077
3360	3402	0.0005811726119946929
1364	3404	0.0006348533149816805
1364	3405	0.00023701466869942324
1364	3508	0.0013793652806694504
90	3399	0.0004261044611422277
2195	3402	0.0008101893840241999
406	3383	0.0006055075198900551
406	3405	0.0002716429682734081
406	3420	0.0005646500818599322
3241	3412	0.0007836557628431072
3361	3468	0.00030520314090467897
3362	3363	0.00526172494498621
3362	32	0.0013595837582032577
3362	565	0.0013595837582032577
3362	1868	0.0006421754788457809
3362	727	0.0013595837582032577
3362	3100	0.0019516094609821433
3362	2070	0.0017153306101202128
3362	47	0.0013595837582032577
3362	2028	0.0006645132098516473
3362	1613	0.0013639879082386007
3362	149	0.0013595837582032577
3362	442	0.0018870635763719543
3362	1411	0.0013595837582032577
3362	3297	0.0013595837582032577
3362	1326	0.0013595837582032577
3362	1236	0.0013595837582032577
3362	905	0.0013595837582032577
3362	1913	0.0013595837582032577
3362	1930	0.0014631393664349018
3362	1621	0.0017808366621092644
3362	35	0.002084315904723321
3362	613	0.0013595837582032577
3362	1274	0.0013595837582032577
3362	3402	0.005414228929634966
3362	3416	0.0016460167690873012
3362	3433	0.0052003067352309335
3363	121	0.0019506293170837299
3363	1343	0.0003881138080145645
1868	3383	0.0012423137990432637
3100	3412	0.003680593267108481
3100	3481	0.0009937699922217408
3100	3508	0.0026110953422822892
2070	3366	0.0018555366095401164
2070	3480	0.0014591729996944797
2028	3390	0.0009268941078194778
1613	3420	0.001842160704250378
442	3412	0.0032993937021573586
442	3415	0.0009503454078108924
442	3495	0.002002535317959217
121	3374	0.0014817878942873814
121	3398	0.0032311687637968886
121	3448	0.0024405230543666843
1930	3414	0.000700258183508581
1621	3412	0.0024139805578943536
1621	3429	0.001724573625643804
35	3436	0.001082521500887879
35	3452	0.0019783300132883075
1343	3395	0.0006099211347932801
1343	3461	0.0004725336264116793
3364	3365	0.0017881287890429587
3364	64	0.0013595837582032577
3364	132	0.0012510309634180504
3364	3386	0.0008801905755294457
3364	3412	0.011798467715761454
3365	2250	0.0013595837582032577
3365	2363	0.0013595837582032577
3365	3019	0.00048824075967071455
3365	873	0.0013595837582032577
3365	756	0.0013595837582032577
3365	2492	0.0005708908946856499
3365	885	0.0010139079182150679
3365	1337	0.0013595837582032577
3365	1360	0.0006608860275188755
3365	768	0.0014709909448716494
3365	1813	0.0013595837582032577
3365	312	0.0013595837582032577
3365	1920	0.0011201061103899767
3365	3387	0.0010167771223074129
3365	3386	0.0008044731731909645
3365	3490	0.004521084928399193
3019	3425	0.00035932418242875624
3019	3490	0.0003729400582038671
3019	3496	0.0007274188338853643
2492	3386	0.00014499804745196624
2492	3387	0.0006436948160656418
885	3425	0.0004909578521579477
1360	3386	0.00018259837724309217
1360	3459	0.0005953851027368169
768	3452	0.0008960966728044274
132	3384	0.00024367487104357422
1920	3386	0.000239477647813281
3366	3134	0.0013595837582032577
3366	824	0.0017792061750973227
3366	416	0.0013076909921952208
3366	3036	0.0010481597628165071
824	3409	0.0011250721396752893
824	3450	0.0010106791995658343
824	3490	0.0011039261253788838
416	3467	0.0001926072486466735
3036	3450	0.0008578352878382644
3036	3487	0.0008446876819402237
3367	1983	0.0007865238694326032
3367	3106	0.0013595837582032577
3367	2180	0.0008366575421010461
3367	2798	0.0013595837582032577
3367	2156	0.0008208721623501286
1983	3429	0.0011536428593817032
1983	3448	0.0007937541169179359
2180	3409	0.0018958211747916694
2180	3499	0.001573010892058745
2180	3503	0.0005556202393797974
2156	3447	0.00033477780556439153
2156	3465	0.0002902916718018866
3368	1548	0.00022750105341214297
3368	111	0.0002149715184966722
3368	1011	0.0013595837582032577
3368	1103	0.000244420172812917
3368	977	0.0013595837582032577
1548	3377	0.0002416013787657879
1548	3409	0.00047160565601956814
1548	3445	0.00017151024076791682
1548	3450	0.0008442878786585864
111	3377	0.00025836841518583263
111	3487	0.0009521576750219797
111	3503	0.0003078872858105211
1103	3409	0.00041680486126410637
1103	3450	0.0006134946301099238
1103	3487	0.0005359683201682586
3369	3370	0.0011559893339887386
3369	2642	0.0013595837582032577
3369	3442	6.494935285049542e-05
3370	625	0.0028243764923763853
625	3458	0.004840565474713055
625	3464	0.0032334123261466554
3371	3372	0.0009346676627662737
3371	731	0.00019993793717818252
3371	70	0.0006038823427376833
3371	1732	0.0005058209853775871
3371	282	0.0005869956531797908
3371	955	0.00043387471920391886
3371	1790	0.00043387471920391886
3372	1048	0.0010141535480884584
3372	1744	0.0013595837582032577
731	3414	0.0004243799140383619
731	3415	0.0003140237008683853
731	3461	0.0014681611070569182
70	3422	0.0014600655530523712
70	3492	0.0003843178207291192
1048	3458	0.00388269025152105
1048	3500	0.004404335731675026
1732	3415	0.0008901284099014735
282	3395	0.0010647746194793189
282	3402	0.0010728801259041634
282	3414	0.0013408798600876225
282	3415	0.0004749400807618711
282	3433	0.0008117393804034635
282	3495	0.000616170515580934
282	3505	0.0004527485722588542
955	3414	0.0003909540192389037
955	3415	0.0006851875712242027
1790	3414	0.00039095401923890365
1790	3415	0.0006851875712242027
3373	3374	0.0005270205979816346
3373	3157	0.0013595837582032577
3374	3424	0.007389633250681822
3375	3376	0.00028134876680457167
3375	2424	0.0013595837582032577
3375	1522	0.0013595837582032577
3375	1333	0.002670639112941377
3376	607	0.00015291807289914417
607	3499	0.0013595319674841427
1333	3489	0.0013222607153826544
3377	911	0.0013595837582032577
3377	2093	0.0013595837582032577
3377	394	0.00026808461812973997
3377	2016	0.0013595837582032577
3377	946	0.0013595837582032577
3377	481	0.0001874011086007566
394	3409	0.0004116505266371163
394	3450	0.0006083587223702343
394	3487	0.0005396855624088874
481	3410	0.0007271777812246984
481	3421	0.0005645078112443666
2201	3378	0.0013595837582032577
3378	865	0.0013595837582032577
3378	444	0.00108406403427832
3378	1246	0.0013595837582032577
3378	530	0.0013595837582032577
3378	1283	0.0013595837582032577
3378	174	0.00283875208093897
3378	2138	0.0008136359094539061
3378	483	0.0013595837582032577
3378	1232	0.0013595837582032577
3378	1808	0.002711066017588977
3378	1535	0.0013595837582032577
444	3401	0.002305628331624591
174	3423	0.00410264778090418
2138	3491	0.0012395915455854828
1808	3499	0.003928917566990719
561	3379	0.0013595837582032577
3379	3202	0.0004440269623184978
3379	369	0.0013595837582032577
3379	2929	0.0009143196266505257
3379	1506	0.0009143196266505257
3379	2928	0.000475975008162823
3379	3389	0.0007103849734676963
3379	3390	0.001559459038850918
3202	3390	0.0003823876703561335
3202	3393	0.0009196563437319874
2929	3389	0.00044526413155273405
1506	3389	0.00044526413155273405
2928	3390	0.0007858840785662103
2928	3389	9.772467147422128e-05
1692	3380	0.0012285183848880948
1692	3472	0.00022595512400053392
3380	3264	0.0008144271960508211
3380	665	0.000491965113814095
3380	2669	0.0013595837582032577
3264	3450	0.0013066679084777913
665	3402	0.0009599987831670829
3381	3382	0.0011903308245380917
3381	1405	0.0002859850450594446
3381	1327	0.002157842603398018
3381	188	0.0002859850450594446
3381	893	0.005904704966958366
3381	667	0.0013595837582032577
3381	557	0.0013595837582032577
3381	2989	0.0013595837582032577
3381	462	0.0013595837582032577
3381	764	0.0008225033331040435
3381	553	0.0013595837582032577
3381	784	0.0013595837582032577
3381	1002	0.0013595837582032577
3382	1272	0.0013595837582032577
3382	845	0.0002943403519526229
3382	2735	0.0013595837582032577
3382	438	0.0013595837582032577
3382	2305	0.0013595837582032577
3382	102	0.0013595837582032577
3382	176	0.0007873908452839603
3382	2649	0.0013595837582032577
3382	1363	0.0013595837582032577
3382	2400	0.0013595837582032577
3382	2076	0.0013595837582032577
3382	2537	0.0013595837582032577
3382	3245	0.0013595837582032577
3382	2719	0.0013595837582032577
3382	1677	0.0013595837582032577
3382	3070	0.0013595837582032577
3382	1431	0.0013595837582032577
3382	2433	0.004389870177104111
3382	1238	0.0013595837582032577
3382	1416	0.0013595837582032577
3382	1536	0.0013595837582032577
3382	1370	0.0007873908452839605
3382	766	0.0013595837582032577
3382	2516	0.0013595837582032577
3382	695	0.0013595837582032577
3382	1137	0.0013595837582032577
3382	967	0.0002943403519526229
3382	491	0.0013595837582032577
3382	2576	0.0013595837582032577
3382	1266	0.0013595837582032577
3382	486	0.002087311470111761
3382	594	0.0013595837582032577
3382	492	0.0013595837582032577
3382	2333	0.0013595837582032577
3382	556	0.0007873908452839605
3382	2685	0.002087311470111761
3382	3469	0.009724181208659243
1405	3469	0.0013738787500009572
845	3469	0.0010652434062506288
1327	3398	0.0037794738468301704
1327	3469	0.0011917260874568212
188	3469	0.0013738787500009572
893	3453	0.007712199717562333
893	3469	0.0011308096536777358
176	3455	0.0014491905988158742
2433	3424	0.00532881145972405
1370	3455	0.0014491905988158742
764	3502	0.0017840181489148534
967	3469	0.0010652434062506288
486	3398	0.003107017876810886
556	3455	0.0014491905988158744
2685	3398	0.003107017876810886
3383	3384	0.0031631186728603863
3383	1625	0.000912053614487229
3383	3047	0.0012492588479208536
3383	2909	0.0013595837582032577
3383	2570	0.0009120536144872291
3383	792	0.0011679609406581915
3383	295	0.0012838978246381399
3383	811	0.0004728266269334891
3383	1084	0.0011679609406581915
3383	1475	0.0009120536144872291
3383	3462	0.0026782392128849954
3383	3508	0.001615605002074308
3384	443	0.0014792540240584112
3384	2198	0.0002268834960781809
3384	520	0.0013595837582032577
3384	2167	0.0013595837582032577
3384	508	0.0002739458718173127
3384	3047	4.5027152662111916e-05
3384	3412	0.004371419695719335
1625	3405	0.0005022325704723577
443	3392	0.0015911901217480508
3047	3412	0.0009505427737924267
2570	3405	0.0005022325704723579
792	3490	0.0005575216707752797
2198	3412	0.0011327002621250772
295	3412	0.0009609309497372511
811	3508	0.0008867571312697667
508	3508	0.0013010157322739747
1084	3490	0.0005575216707752797
1475	3405	0.0005022325704723579
1371	3385	0.0013595837582032575
3385	1160	0.0013595837582032575
3385	2202	0.0013595837582032575
3385	223	0.0013595837582032575
3385	2057	0.0013595837582032575
3385	3114	0.004858848286683166
3114	3458	0.0036718215772958175
3386	3387	0.0008716026044478043
3386	2738	0.0003599582147426064
3386	2617	0.0013595837582032577
3386	1348	0.0012751915993175183
3386	861	0.0003983789549937295
3386	2278	0.00044746718885343317
3387	3023	0.0013595837582032577
3387	2071	0.0013595837582032577
3387	2048	0.0013595837582032577
3387	316	0.000948328208330957
3387	3425	0.004301257092624344
2738	3470	0.0010250828641747837
1348	3398	0.005367879963154666
1348	3412	0.0052373486237327176
861	3483	0.0012878979140692982
2278	3412	0.0016768017220844193
2278	3463	0.0018493410407890297
316	3401	0.00046755898501668554
316	3431	0.000713693682635468
1199	3388	0.0013595837582032577
3388	1877	0.0013595837582032577
3388	1612	0.0013595837582032577
3388	1990	0.0013595837582032577
3389	3390	0.0009922854034637978
3389	56	0.0013595837582032577
3391	376	0.0009120363641984246
3391	349	0.0002143914304928143
3391	2434	0.0005510970596836718
3391	2731	0.0013595837582032573
376	3423	0.0005838199478856029
349	3394	0.0004345959039160204
349	3466	0.0003690191024883222
349	3508	0.0008362838870721353
2434	3466	0.0008347803408993669
3392	3393	0.0071693872357389095
3392	1748	0.0008878401657654155
3392	2295	0.0013595837582032577
3392	145	0.0013595837582032577
3392	417	0.0008878401657654155
3392	1118	0.0013595837582032577
3392	817	0.0013595837582032577
3392	28	0.00019503113751134812
3392	653	0.0013595837582032577
3392	700	0.0013595837582032577
3392	2697	0.0015261838946526904
3392	2403	0.0008492398543612081
3392	126	0.002784545600498991
3393	3258	0.001053023793605891
3393	2566	0.0005205364312180944
3393	19	0.0004874937635235097
3393	2226	0.000641818271455653
3393	2372	0.000641818271455653
3393	28	0.0010577155345520368
3393	545	0.0013595837582032577
1748	3409	0.0018052583347535507
417	3409	0.0018052583347535507
3258	3447	0.00016554822713883536
3258	3482	0.00034681277402409926
2566	3397	0.0004080084091495452
2566	3406	0.0005145255415371881
19	3426	0.0003921557358126232
19	3483	0.0007078417534125287
28	3447	0.000188206384383334
2226	3460	0.0007398175010396141
2372	3460	0.0007398175010396141
2697	3438	0.00024972115537097515
2403	3462	0.0010702095905194518
126	3435	0.002075378161642037
126	3458	0.006952027367248461
126	3466	0.00399787640363855
3394	3395	0.003172451881755119
3394	1578	0.0013595837582032575
3394	645	0.0023974812185559246
3394	2660	0.0013595837582032575
3394	2935	0.0013595837582032575
3394	2079	0.0013595837582032575
3395	92	0.0013595837582032577
3395	108	0.0005979207364411823
3395	950	0.0013595837582032577
3395	566	0.0004940222607930184
3395	1508	0.001710137021360843
3395	1203	0.0024635476909392233
3395	3409	0.00324102697675288
108	3426	0.0004325041504028045
108	3463	0.00047978694855607435
645	3438	0.001092183038163261
566	3402	0.00046878722005359993
566	3417	0.0004535228522333138
566	3433	0.00037541021186050116
566	3495	0.00036447482529227483
1508	3448	0.0006741616971833562
1203	3412	0.0022625558776620527
3396	1849	0.0013595837582032577
3396	1312	0.0005933660722034099
3396	2374	0.0013595837582032577
3396	45	0.0006187578805095935
3396	408	0.0013595837582032577
3396	3450	0.0013245992941603617
3396	3452	0.008023885620337906
3396	3487	0.0015775432252720738
1312	3483	0.000782358411893544
45	3444	0.00043946833837561224
45	3486	0.00032954497538190364
3397	1128	0.0013595837582032577
3397	3487	0.0012685056572877373
3397	3508	0.0016754173859163182
3398	292	0.0009009669641529822
3398	726	0.0005815857161572856
3398	1876	0.0013595837582032577
3398	375	0.0013595837582032577
3398	932	0.0013595837582032577
3398	1224	0.0013595837582032577
3398	1702	0.0013595837582032577
3398	2526	0.0006199899176600689
3398	751	0.0013595837582032577
3398	872	0.0007576900259338421
3398	1676	0.0013595837582032577
3398	1206	0.0007576900259338421
292	3454	0.0002604834153679596
292	3456	0.0003601323721951189
292	3492	0.0005936412192075503
292	3507	0.0011183361317768452
726	3456	0.0003356967421337072
726	3507	0.0010958527364470752
2526	3422	0.001314761467613595
872	3457	0.0009452112897324555
1206	3457	0.0009452112897324555
3399	2292	0.0010030831476796635
3399	964	0.0009203237716809387
2292	3448	0.0006361638853857632
964	3412	0.0014998811030771347
3400	3401	0.001479577780258636
3400	1056	0.0013595837582032577
3401	1198	0.0013595837582032577
3401	779	0.0013595837582032577
3402	283	0.0013595837582032577
3402	1467	0.0013595837582032577
3402	2564	0.0014833943990885641
3402	400	0.001958439425665803
3402	3449	0.004925966045286436
2564	3413	0.0019154754279561825
2564	3449	0.0014801550750464275
400	3456	0.0011541041585593768
400	3492	0.0004792447599856978
3403	6	0.0013595837582032577
3403	853	0.0013595837582032577
3403	3412	0.007667393318031169
3403	3471	0.000667790688169448
3404	3405	0.0032044762073156143
3404	754	0.0013595837582032577
3404	655	0.0013595837582032577
3404	991	0.0013595837582032577
3404	1105	0.0013595837582032577
3404	3120	0.0013817736186986355
3404	2911	0.0013595837582032577
3404	614	0.0013595837582032577
3404	685	0.0013595837582032577
3404	957	0.0013595837582032577
3404	154	0.0013595837582032577
3404	1821	0.0013595837582032577
3404	3128	0.0013595837582032577
3404	2910	0.0013817736186986355
3404	1774	0.0007964547738976559
3404	3159	0.0013595837582032577
3404	1910	0.0013595837582032577
3404	3439	0.0077255982491777455
3405	1820	0.0013595837582032577
3405	1549	0.0013595837582032577
3405	654	0.0013595837582032577
3405	1108	0.0013595837582032577
3120	3412	0.002121624082402649
2910	3412	0.0021216240824026484
1774	3420	0.0017793821398260612
3406	3233	0.00048589262391817697
3406	809	0.0013595837582032575
3406	1139	0.00045471946916447937
3406	2240	0.00048589262391817697
3233	3461	0.00042958489183181093
3233	3495	0.0005319329146804419
1139	3476	0.00037175586799178954
1139	3483	0.0005436490123933732
1139	3487	0.00043826069402340244
2240	3461	0.0004295848918318108
2240	3495	0.0005319329146804418
2937	3407	0.0013595837582032577
3407	197	0.0013595837582032577
3407	276	0.0013595837582032577
3408	3409	0.0017190759534104045
3408	2544	0.0013595837582032577
3408	3480	0.006698700794798424
3409	1338	0.0013595837582032577
3409	887	0.00198022161651216
3409	156	0.000795370862647315
3409	5	0.00039427367177783176
3409	473	0.0003969546508734881
3409	1070	0.0013595837582032577
3409	1606	0.0005440575652264445
3409	1632	0.0005051898887296012
3409	1803	0.0005440575652264445
3409	958	0.0013595837582032577
3409	136	0.0004187804328216259
3409	1063	0.0003969546508734881
3409	603	0.0013595837582032577
3409	46	0.00034235124882234447
3409	3175	0.000505189888729601
3409	2033	0.0005440575652264445
3409	636	0.0004496834510739828
3409	224	0.000396954650873488
3409	951	0.001243783633970537
3409	72	0.0005051898887296012
3409	354	0.0005051898887296012
3409	3126	0.0005440575652264445
3409	396	0.0008559417139901479
3409	3206	0.0013595837582032577
3409	181	0.0005440575652264445
3409	1377	0.00044552843691320765
3409	493	0.0013595837582032577
3409	3207	0.0005051898887296012
3409	2983	0.0003800209036597355
3409	1779	0.0013595837582032577
3409	682	0.0005440575652264445
3409	2609	0.0013595837582032577
3409	3304	0.0013595837582032577
3409	305	0.00038002090365973554
3409	3087	0.0005883705831555325
3409	1417	0.00039695465087348795
3409	1267	0.0013595837582032577
3409	820	0.0006467312058406454
3409	3131	0.0013595837582032577
3409	355	0.0013595837582032577
3409	284	0.0006248114592509521
3409	1665	0.0013595837582032577
3409	953	0.00039695465087348795
3409	258	0.002822241758370578
3409	1428	0.0013595837582032577
3409	3249	0.0008559417139901479
3409	389	0.00044968345107398295
3409	1212	0.0013595837582032577
3409	44	0.0005440575652264447
3409	1894	0.0013595837582032577
3409	82	0.0003845836835749011
3409	240	0.0013595837582032577
3409	1415	0.0007086151584004737
3409	3165	0.0004455284369132074
3409	771	0.0013595837582032577
3409	838	0.0007846901338941106
3409	200	0.00039695465087348785
3409	3410	0.003833451528416627
3409	3421	0.002378209443411605
3409	3444	0.0019391879920371898
3409	3474	0.003169590147231746
3409	3483	0.003878771321155089
887	3428	0.004503445838791669
887	3450	0.003908021883647324
156	3445	0.0003225857305454462
156	3451	0.0008113327315416919
5	3450	0.0005173422456522693
5	3486	0.0002364227656128977
5	3487	0.0004490541572182766
473	3450	0.0005937329572444473
473	3487	0.0005433178660569394
1606	3487	0.0008876088893131563
1632	3450	0.0009087739819374752
1803	3487	0.0008876088893131563
136	3445	0.0001480281153984009
136	3450	0.0006382095898252608
136	3486	0.0003294579774755274
1063	3450	0.000593732957244447
1063	3487	0.0005433178660569395
46	3444	0.0002852018013425025
46	3445	0.00012702978372966905
46	3450	0.0004825099999489439
46	3487	0.0004426251255871865
3175	3450	0.0009087739819374753
2033	3487	0.0008876088893131563
636	3444	0.00039561585232683876
636	3487	0.000616459967047683
224	3450	0.0005937329572444468
224	3487	0.0005433178660569395
951	3490	0.0005289303699362311
72	3450	0.0009087739819374754
354	3450	0.0009087739819374754
3126	3487	0.0008876088893131563
396	3450	0.0009003801178290038
396	3452	0.0014174203518847659
396	3487	0.0009030741723699372
181	3487	0.0008876088893131563
1377	3445	0.00018322170783296546
1377	3450	0.0008426386046882473
3207	3450	0.0009087739819374754
2983	3445	0.0001482405078173038
2983	3450	0.0005747321943442781
2983	3487	0.0005202851706550952
682	3487	0.0008876088893131562
305	3445	0.00014824050781730384
305	3450	0.000574732194344278
305	3487	0.0005202851706550953
3087	3450	0.0007739374538024202
3087	3451	0.000741738654205768
1417	3450	0.0005937329572444465
1417	3487	0.0005433178660569396
820	3487	0.0010712308598396787
820	3490	0.0007260810582366232
284	3450	0.0009919290091579946
284	3490	0.000628935502372295
953	3450	0.0005937329572444464
953	3487	0.0005433178660569396
258	3428	0.0015049271466845047
3249	3450	0.0009003801178290045
3249	3452	0.0014174203518847656
3249	3487	0.0009030741723699372
389	3444	0.00039561585232683876
389	3487	0.0006164599670476832
44	3487	0.0008876088893131563
82	3445	0.00013421021089525447
82	3450	0.0005068323880896674
82	3487	0.00043976831001580496
82	3486	0.00022097154998717872
1415	3476	0.0008284927214736084
3165	3445	0.00018322170783296557
3165	3450	0.0008426386046882484
838	3450	0.0011797145979250071
838	3480	0.0016576881892340757
838	3487	0.001096289000769409
200	3450	0.0005937329572444462
200	3487	0.0005433178660569396
3410	3194	0.002201547192253159
3410	314	0.0011901606897132436
3410	1680	0.0006069859233850909
3410	600	0.0013595837582032577
3410	150	0.0013595837582032577
3410	2491	0.0013595837582032577
3410	507	0.0022015471922531586
3410	3450	0.002366304224425857
3194	3412	0.001761321806169594
314	3413	0.0007429682432966872
314	3476	0.0006776034692172751
1680	3421	0.00048353649900947243
1680	3476	0.00032900808382779897
507	3412	0.0017613218061695937
869	3411	0.0005685127698768019
869	3463	0.0008254930118539243
3411	575	0.0012940237475658966
3411	2635	0.0013595837582032577
3411	963	0.0013595837582032577
3411	3002	0.0013595837582032577
575	3412	0.0010877028940398613
3412	1857	0.0013595837582032577
3412	1407	0.0013595837582032577
3412	1408	0.0013595837582032577
3412	2502	0.0013595837582032577
3412	863	0.0013595837582032577
3412	577	0.0013595837582032577
3412	2054	0.0013595837582032577
3412	3300	0.0013595837582032577
3412	503	0.0018532924221776595
3412	3270	0.0013595837582032577
3412	2949	0.0033708395292718365
3412	1583	0.0013595837582032577
3412	468	0.001380886515889246
3412	2980	0.0013595837582032577
3412	1931	0.0013595837582032577
3412	620	0.0013595837582032577
3412	2522	0.0013595837582032577
3412	1782	0.0013595837582032577
3412	1191	0.0013595837582032577
3412	2022	0.0013595837582032577
3412	358	0.0013595837582032577
3412	2090	0.0013595837582032577
3412	913	0.0013595837582032577
3412	1180	0.0013595837582032577
3412	475	0.0013595837582032577
3412	815	0.0013595837582032577
3412	3099	0.0013595837582032577
3412	2162	0.0008311255591800069
3412	3116	0.0013595837582032577
3412	794	0.0013595837582032577
3412	254	0.00208492798345617
3412	1219	0.0013595837582032577
3412	1741	0.0013595837582032577
3412	710	0.0013595837582032577
3412	2443	0.0013595837582032577
3412	1188	0.00185329242217766
3412	511	0.0015583585015046975
3412	160	0.0013595837582032577
3412	1810	0.0005205883134218354
3412	2398	0.0013595837582032577
3412	1367	0.0013595837582032577
3412	3071	0.009919875064254336
3412	1882	0.0013595837582032577
3412	3247	0.0013595837582032577
3412	2115	0.0013595837582032577
3412	2196	0.002096644004725759
3412	1104	0.0013595837582032577
3412	1614	0.0013595837582032577
3412	819	0.0013595837582032577
3412	2124	0.0013595837582032577
3412	153	0.0013595837582032577
3412	1901	0.0013595837582032577
3412	1005	0.0013595837582032577
3412	87	0.0013595837582032577
3412	1106	0.00185329242217766
3412	1940	0.0016538314278969045
3412	3086	0.0013595837582032577
3412	1599	0.001176269737796789
3412	1125	0.0013595837582032577
3412	855	0.0013595837582032577
3412	1765	0.0013595837582032577
3412	675	0.0013595837582032577
3412	2112	0.0013595837582032577
3412	3056	0.0013595837582032577
3412	1932	0.0013595837582032577
3412	1429	0.0023383173708160293
3412	3291	0.0013595837582032577
3412	3412	0.0
3412	2225	0.0013595837582032577
3412	2962	0.002096644004725759
3412	256	0.0018532924221776603
3412	1591	0.0013595837582032577
3412	2744	0.0013595837582032577
3412	3497	0.011213389230821666
503	3424	0.0010509100672136953
2949	3413	0.0028015396095046313
468	3474	0.0017511811610329683
2162	3471	0.0011576537693207731
254	3490	0.0017504684140079488
1188	3424	0.0010509100672136953
511	3471	0.0007302288074369818
511	3474	0.001574718449404245
1810	3497	0.0008389954447814216
3071	3457	0.00932953899964844
2196	3425	0.001872346043912188
1106	3424	0.0010509100672136953
1940	3417	0.0020167251088463313
1599	3415	0.0010313546907435996
1599	3497	0.000863493421322016
1429	3476	0.001448535928654543
1429	3490	0.001667465738618947
2962	3425	0.0018723460439121877
256	3424	0.0010509100672136953
3413	3414	0.002075932906131041
3413	1984	0.0013595837582032577
3413	3	0.0013595837582032577
3413	1280	0.0013595837582032577
3413	2200	0.0013595837582032577
3413	18	0.0013595837582032577
3413	2628	0.0013595837582032577
3413	732	0.0013595837582032577
3413	1942	0.0013595837582032577
3413	709	0.0015052204891656351
3413	352	0.0012413911423467083
3413	1890	0.0013595837582032577
3413	2009	0.0013595837582032577
3413	2534	0.0013595837582032577
3413	719	0.0013595837582032577
3413	1900	0.0008172197045632269
3413	387	0.0013595837582032577
3413	1986	0.0013595837582032577
3413	1471	0.0013595837582032577
3414	3248	0.0013595837582032575
3414	2074	0.0013595837582032575
3414	1352	0.0013595837582032575
3414	3066	0.0013595837582032575
709	3483	0.0017110803682993843
709	3495	0.0010455297174237035
352	3452	0.0016554937273659319
1900	3508	0.0018123373554099372
3415	3416	0.0008501493812676182
3415	1399	0.0003610953676094551
3415	281	0.00035659045363342846
3416	791	0.0002385292287227224
3416	109	0.00023470742077547914
3416	2072	0.00022732760946473304
791	3417	0.0007965535505373081
791	3427	0.0004732402808753436
1399	3417	0.0012211301567720512
109	3483	0.0012322739731585844
2072	3474	0.00122165761383149
281	3433	0.0011475618364286844
3417	55	0.0013595837582032577
3417	1398	0.0013595837582032577
3417	874	0.003831184163257853
3417	1755	0.0017103904293183814
3417	103	0.0004047956459658701
3417	1157	0.0008577032447452353
3417	3195	0.0013595837582032577
3417	3462	0.0023840034526811872
874	3449	0.008977617531091628
874	3469	0.011725564080291935
1755	3430	0.00040601311725980743
103	3449	0.0007057786862594816
103	3463	0.0004560309844693779
1157	3427	0.0005307059819305486
3418	513	3.735120214844115e-06
3418	1379	3.735120214844115e-06
3418	2344	5.602680322266172e-06
3418	749	3.735120214844115e-06
3418	796	3.735120214844115e-06
513	3441	2.801340161133086e-06
1379	3441	2.801340161133086e-06
749	3441	2.801340161133086e-06
796	3441	2.801340161133086e-06
3419	3419	0.0
3420	3121	0.0013595837582032573
3420	1643	0.0013595837582032573
3420	1116	0.0013595837582032573
3420	996	0.0013595837582032573
3420	151	0.0012972496145178545
3420	3281	0.0013595837582032573
3420	1775	0.0013595837582032573
3420	2175	0.0013595837582032573
3420	3280	0.0013595837582032573
3420	969	0.0013595837582032573
3420	2919	0.0013595837582032573
151	3457	0.0008262730791551327
151	3456	0.0002835451666103995
151	3507	0.0005209341386904795
3421	1113	0.0005862570722915113
3421	1531	0.0013595837582032577
3421	401	0.0005448946156707074
3421	3487	0.0018333026440435865
1113	3445	0.0001689833009300733
1113	3444	0.00037619111700105446
1113	3486	0.00027187422152669984
401	3444	0.00036988464418998267
401	3460	0.0004641088712416568
3422	1251	0.0019226556468019112
3422	1478	0.0013595837582032577
3422	705	0.0011481104487292605
3422	3228	0.0013595837582032577
3422	980	0.0013595837582032577
3422	2866	0.0013595837582032577
1251	3448	0.0009450301653030739
705	3456	0.0003120944372508933
705	3457	0.0004480766477127349
3423	3424	0.0037216901148916103
3423	1848	0.0013595837582032577
3423	2893	0.0013595837582032577
3423	1400	0.0018534613555448907
3423	2994	0.0013595837582032577
3423	245	0.0013595837582032577
3423	1887	0.0005310625784172246
3423	862	0.0005310625784172246
3424	3268	0.0013595837582032577
3424	3031	0.00039745266506256775
3424	2085	0.0013595837582032577
3424	1899	0.0013595837582032577
3424	3179	0.0013595837582032577
3424	1032	0.0013595837582032577
3031	3437	0.001203117363560306
1400	3452	0.0019300462124308266
1887	3466	0.0010695782027900567
862	3466	0.0010695782027900567
3425	3426	0.003798737004516073
3425	1948	0.000654514863196626
3425	1776	0.0013595837582032577
3425	1619	0.0013595837582032577
3425	531	0.0013595837582032577
3425	2601	0.0013595837582032577
3425	1010	0.0006053067168343108
3425	17	0.001446437517685686
3425	1261	0.0013595837582032577
3425	797	0.0013595837582032577
3425	1037	0.0008522077479879081
3425	2809	0.0006654797280470858
3425	3483	0.006480628970706311
3426	3305	0.0013347857954547398
3426	185	0.001359583758203258
3426	2082	0.001359583758203258
3426	2740	0.001359583758203258
1948	3452	0.0007790287106704591
1948	3490	0.0005943319232411407
3305	3452	0.0007133980842788742
1010	3433	0.0014395550929466473
1010	3452	0.0008164358210363002
17	3480	0.0008742271651005195
1037	3452	0.0007758156236091499
2809	3495	0.001260460089599423
3427	2108	0.0013595837582032577
3427	2419	0.0013595837582032577
1012	3428	0.0013595837582032575
3428	3187	0.0013595837582032575
3428	1168	0.0013595837582032575
3428	2582	0.004905789013944824
3428	2621	0.0013595837582032575
3428	1812	0.0013595837582032575
3428	3307	0.0013595837582032575
3428	3028	0.0013595837582032575
2582	3480	0.0010906979966422022
2582	3508	0.0062958546661931155
3429	672	0.0013595837582032577
3429	146	0.0013595837582032577
3429	671	0.0013595837582032577
3429	2425	0.0013595837582032577
3429	2285	0.0013595837582032577
3430	3430	0.0
3431	3432	0.0004951640125699159
3431	175	0.0013595837582032577
3431	606	0.0009256986082809124
3431	380	0.0013595837582032577
3431	699	0.0013595837582032577
3432	892	0.001359583758203258
3432	1584	0.001359583758203258
606	3435	0.0004768493159531409
3433	65	0.0013595837582032577
3433	864	0.0013595837582032577
3433	3256	0.0013595837582032577
3433	1626	0.0013595837582032577
3434	26	0.0013595837582032577
3434	206	0.0013595837582032577
3434	2943	0.0014491656566728802
2943	3436	0.0006643571198486579
3435	3435	0.0
3435	1334	0.0013595837582032577
3435	2298	0.0013595837582032577
3436	1073	0.0013595837582032577
3436	525	0.0013595837582032577
3436	2206	0.0015305819102801647
3436	2995	0.0013595837582032577
3436	1978	0.0013595837582032577
2206	3463	0.0026443401066496815
3437	2412	0.0013595837582032577
3437	3032	0.0013595837582032577
3438	104	0.00026666084224378947
104	3480	0.0015034645589598863
3439	3440	0.0002647985257235087
3439	1029	0.0013595837582032577
3439	235	0.0013595837582032577
3440	2618	0.0013595837582032577
3442	3443	0.0007079324600804823
3444	3445	0.000711979992272006
3444	1016	0.000523739154996238
3444	1164	0.0013595837582032577
3444	849	0.0010638774321089046
3444	1611	0.0005667779606271041
3444	1975	0.0013595837582032577
3444	3503	0.0011033142854059458
3445	961	0.0002281455082819597
3445	1017	0.00027180358649088915
3445	658	0.0007449624679031388
3445	693	0.0013595837582032577
3445	2075	0.0013595837582032577
3445	402	0.00028097635082462727
3445	1642	0.00015599662691909285
3445	1200	0.0002718035864908891
3445	3486	0.0005104490158638524
961	3487	0.0008094025528430856
961	3486	0.00035388412061239356
1016	3450	0.0008621909702523487
1017	3450	0.00111422443095054
658	3503	0.0006324286341831945
849	3503	0.0002957063260943546
1611	3487	0.0008228986134850561
402	3487	0.0011104558309128093
1642	3450	0.0006037539373287401
1642	3487	0.0004957447425967806
1642	3486	0.0002289040102382844
1200	3450	0.00111422443095054
3446	3447	0.0005455802312087422
3448	2615	0.0013595837582032577
3448	2788	0.0013595837582032577
3448	1155	0.0013595837582032577
3448	828	0.0013595837582032577
3448	3081	0.0013595837582032577
3448	2438	0.0005062085720606199
3448	2066	0.0013595837582032577
3448	2646	0.0013595837582032577
3448	1696	0.0013595837582032577
3448	1544	0.0013595837582032577
2438	3503	0.0013260807079163435
3449	3450	0.003282839092923826
3449	427	0.0013595837582032577
3449	2315	0.0013595837582032577
3449	3251	0.0013595837582032577
3449	3084	0.0006213914487093887
3449	3073	0.0013595837582032577
3449	3487	0.004381260155305358
3450	2132	0.0007479551100932468
3450	3253	0.0013595837582032577
3450	1426	0.0008349618210118688
3450	1576	0.0013595837582032577
3450	3011	0.0007479551100932467
3450	2087	0.0013595837582032577
3450	772	0.0013595837582032577
3450	1145	0.0013595837582032577
3450	1173	0.0013595837582032577
3450	1161	0.0013595837582032577
3450	1859	0.0013595837582032577
3450	3072	0.0009395439321678033
3450	1723	0.0013595837582032577
3450	3115	0.0013595837582032577
3450	1147	0.0013595837582032577
3450	1573	0.0013595837582032577
3450	2971	0.0013595837582032577
3450	1884	0.0007479551100932461
3450	1736	0.0013595837582032577
3450	226	0.0006012276418776781
3450	715	0.0007479551100932461
3450	810	0.0010907423772992394
3450	848	0.0013595837582032577
3450	3460	0.00107012061832487
3450	3483	0.002755690161226197
3450	3503	0.0020949264737447535
2132	3487	0.0006595875552814757
1426	3487	0.0008670307527353752
1426	3490	0.0007233783697119722
3011	3487	0.0006595875552814756
3072	3486	0.0004386037949712816
3084	3479	0.00015928249967365704
3084	3495	0.0005036839775930398
3084	3505	0.0002556696043603769
1884	3487	0.000659587555281475
226	3487	0.0005386343278392848
226	3496	0.0005567556874336482
715	3487	0.000659587555281475
810	3487	0.0011289556796027767
810	3497	0.0017702285428866295
3451	3452	0.006273845736152673
3451	2043	0.0013595837582032577
3452	2503	0.001359583758203258
3452	537	0.001359583758203258
3452	431	0.001359583758203258
3452	2046	0.001359583758203258
3452	319	0.001359583758203258
3452	1826	0.001359583758203258
3452	1213	0.001359583758203258
3452	1982	0.001359583758203258
3452	1366	0.001359583758203258
3452	2987	0.001359583758203258
3452	757	0.001359583758203258
3452	2366	0.001359583758203258
3452	339	0.0009121456822548071
3452	1009	0.001359583758203258
3452	60	0.001359583758203258
3452	550	0.001359583758203258
3452	521	0.001359583758203258
3452	1568	0.001359583758203258
3452	39	0.001359583758203258
3452	3483	0.009139447341999472
339	3490	0.0007805033631935711
3453	3454	0.0031861183828362553
3453	2042	0.0013595837582032575
3453	903	0.0013595837582032575
3453	1020	0.0013595837582032575
3453	1357	0.000978822331476141
3453	1259	0.0015262744353142484
3454	1033	0.0013595837582032577
3454	1357	0.0003807614267271146
3454	2439	0.0013595837582032577
3454	1944	0.0013595837582032577
1259	3455	0.0004936356451607076
3455	177	0.0013595837582032577
3455	2550	0.0013595837582032577
3455	1176	8.965997318974139e-05
3455	3279	8.965997318974139e-05
3455	883	0.0013595837582032577
3455	3208	8.965997318974139e-05
3455	3457	0.003621107478151806
1176	3457	0.0012699237850135167
3279	3457	0.0012699237850135167
3208	3457	0.0012699237850135167
3456	3457	0.006652865151992838
3456	1977	0.0013595837582032577
3457	1517	0.001359583758203258
3457	1223	0.001359583758203258
3457	2006	0.001359583758203258
3457	268	0.001359583758203258
3457	1277	0.001359583758203258
3457	3201	0.001359583758203258
3457	985	0.001359583758203258
3457	687	0.001359583758203258
3457	1218	0.001359583758203258
3457	1154	0.001359583758203258
3457	1264	0.001359583758203258
3457	1001	0.001359583758203258
3457	2012	0.001359583758203258
3457	1964	0.001359583758203258
3457	1430	0.001359583758203258
3457	1452	0.001359583758203258
3457	42	0.001359583758203258
3457	701	0.001359583758203258
3457	514	0.001359583758203258
3457	2291	0.001359583758203258
3457	1220	0.001359583758203258
3457	3021	0.0013048459926841376
3457	1086	0.001359583758203258
3457	3285	0.001359583758203258
3457	3246	0.001359583758203258
3457	3122	0.001359583758203258
3457	2347	0.001359583758203258
3457	704	0.001359583758203258
3457	857	0.00025532564121781
3457	496	0.001359583758203258
3457	1027	0.001359583758203258
3457	909	0.001359583758203258
3457	1254	0.001359583758203258
3457	510	0.001359583758203258
3457	1217	0.0009964711824589111
3457	1670	0.001359583758203258
3457	3180	0.001359583758203258
3457	167	0.001359583758203258
3457	706	0.001359583758203258
3457	1841	0.001359583758203258
3457	3502	0.003485237533639779
3457	3507	0.02382348799239797
3021	3502	5.473776551912123e-05
857	3507	0.0011042581169854486
1217	3471	0.0019064350219088397
3014	3458	0.0013595837582032577
3458	3015	0.0013595837582032577
3458	2662	0.0013595837582032577
3458	222	0.0013595837582032577
3458	2970	0.0013595837582032577
3458	3261	0.0013595837582032577
3458	1143	0.0013595837582032577
3458	2144	0.0013595837582032577
3458	1602	0.0013595837582032577
3458	76	0.0013595837582032577
3458	459	0.0013595837582032577
3458	975	0.0013595837582032577
3458	2441	0.0013595837582032577
3458	2145	0.0013595837582032577
3458	3008	0.0013595837582032577
3458	851	0.0013595837582032577
3458	1934	0.0013595837582032577
3458	1050	0.0013595837582032577
3458	775	0.0013595837582032577
3459	1705	0.0013595837582032577
3459	987	0.0013595837582032577
3460	1092	0.0013595837582032577
3461	3462	0.0026060693326948425
3461	3033	0.0010049341670150275
3461	1380	0.0005854794711962318
3461	546	0.0013595837582032577
3462	84	0.0013595837582032577
3462	992	0.0013595837582032577
3462	1571	0.0013595837582032577
3462	1192	0.0013595837582032577
3462	3027	0.0013595837582032577
3462	1303	0.0013595837582032577
3462	3495	0.002786407671677359
3033	3478	0.0004006864609887493
1380	3483	0.0008741557903416302
3463	1345	0.0013595837582032575
3463	236	0.0013595837582032575
3463	3295	0.0013595837582032575
3464	3465	0.0003399007294411229
3466	246	0.0013595837582032577
3466	3112	0.0013595837582032577
3466	3212	0.000661990323159792
3466	2392	0.0013595837582032577
3212	3497	0.0009834341729076613
2925	3468	0.0013595837582032577
3468	183	0.0013595837582032577
3468	3045	0.0013595837582032577
3468	2940	0.0013595837582032577
3468	1385	0.0013595837582032577
1960	3469	0.0013595837582032575
3469	1840	0.0010856990817270952
3469	1788	0.0013595837582032575
3469	1387	0.0013595837582032575
3469	506	0.0013595837582032575
3469	910	0.0013595837582032575
3469	499	0.0013595837582032575
3469	595	0.0013595837582032575
3469	20	0.0013595837582032575
3469	884	0.0013595837582032575
3469	2396	0.00198795120603783
3469	12	0.0013595837582032575
3469	1397	0.0013595837582032575
3469	1885	0.0013595837582032575
1840	3502	0.0008446632703544334
2396	3478	0.0029179170917861216
3470	3471	0.0005038168087976893
3470	2462	0.0013595837582032577
3471	3471	0.0
3471	374	0.0013595837582032577
3471	1362	0.0013595837582032577
3471	536	0.0013595837582032577
3472	3473	0.0005168032552820034
3472	3222	0.0006346199395526518
3472	187	0.0013595837582032577
3472	2959	0.0013595837582032577
3473	3222	0.000724963818650606
3474	1127	0.0013595837582032577
3474	1809	0.0013595837582032577
3475	125	0.0013595837582032577
3475	1604	0.0013595837582032577
3475	2700	0.0013595837582032577
3476	1013	0.0013595837582032577
3476	1547	0.0013595837582032577
3478	2841	0.0013595837582032577
3479	3480	0.002457834648238931
3480	1018	0.0013595837582032577
3480	3205	0.0013595837582032577
3480	1991	0.0013595837582032577
3480	544	0.0013595837582032577
3480	68	0.0013595837582032577
3480	2450	0.0013595837582032577
3480	1300	0.0013595837582032577
3480	1328	0.0013595837582032577
3481	3482	0.0011846274152700535
3481	2158	0.0013595837582032581
3481	2099	0.0013595837582032581
3481	83	0.0013595837582032581
3481	676	0.0013595837582032581
3482	3109	0.0013595837582032577
3483	199	0.0009425365042687234
3483	983	0.0013595837582032577
3483	3487	0.003339331225112906
199	3505	0.00048259276931292836
3485	490	0.001359583758203258
3486	3487	0.00048779055050120955
3486	3151	0.0013595837582032577
3487	1297	0.0013595837582032577
3487	659	0.0013595837582032577
3487	3152	0.0013595837582032577
3487	2982	0.0013595837582032577
3487	3067	0.0013595837582032577
3487	1802	0.0013595837582032577
3487	8	0.0007686768968010905
3487	1618	0.0013595837582032577
3487	1588	0.0013595837582032577
3487	1856	0.0013595837582032577
3487	242	0.0013595837582032577
3487	248	0.0013595837582032577
3487	3259	0.0013595837582032577
3487	3216	0.0013595837582032577
3487	1918	0.0013595837582032577
3487	11	0.0013595837582032577
3487	547	0.0013595837582032577
3487	1507	0.0013595837582032577
8	3508	0.0008880417704276493
3488	2506	0.0013595837582032577
3488	2164	0.0013595837582032577
3490	2961	0.001359583758203258
3490	331	0.001359583758203258
3490	854	0.001359583758203258
3490	1572	0.001359583758203258
3490	647	0.001359583758203258
3491	1771	0.0013595837582032577
3492	2296	0.0013595837582032575
3492	1115	0.0013595837582032575
3492	2659	0.0013595837582032575
3493	1488	0.0013595837582032577
3493	2103	0.0013595837582032577
3493	1365	0.0013595837582032577
3493	233	0.0013595837582032577
3494	533	0.0013595837582032577
3494	367	0.0013595837582032577
3495	3496	0.0008607668058206821
3495	1922	0.0013595837582032577
3495	703	0.0013595837582032577
3495	1879	0.0013595837582032577
3496	487	0.0013595837582032575
3497	539	0.0013595837582032577
3497	1515	0.0013595837582032577
3497	2581	0.0013595837582032577
3497	722	0.0013595837582032577
3497	538	0.0013595837582032577
3498	1853	0.0013595837582032577
3498	3147	0.0013595837582032577
3498	2467	0.0013595837582032577
3499	3500	0.0035867118354195007
3499	516	0.0013595837582032577
3499	1833	0.0013595837582032577
3499	3145	0.0013595837582032577
3499	563	0.0013595837582032577
3500	1395	0.0013595837582032575
3500	2602	0.0013595837582032575
3500	981	0.0013595837582032575
3500	485	0.0011948564533512517
485	3506	0.00037852395772463465
3501	3502	0.004073148594287508
3501	3302	0.0013595837582032577
3501	1915	0.0013595837582032577
3502	2923	0.0013595837582032577
3503	229	0.0013595837582032577
3503	1114	0.0013595837582032577
3504	2314	0.001359583758203258
3504	1444	0.001359583758203258
3504	3029	0.001359583758203258
3505	1609	0.0013595837582032577
3505	936	0.0013595837582032577
3506	2627	0.0013595837582032577
3506	3506	0.0
3506	3184	0.0013595837582032577
3506	3284	0.0013595837582032577
842	3507	0.0013595837582032577
3507	3174	0.0013595837582032577
3507	1997	0.0013595837582032577
3507	97	0.0013595837582032577
3508	821	0.0013595837582032577
3508	1862	0.0013595837582032577
3508	2309	0.0013595837582032577
