859	0.000683526999316473
3309	0.0075187969924812035
2974	0.000683526999316473
434	0.002734107997265892
94	0.02392344497607656
61	0.012303485987696514
1099	0.000683526999316473
2255	0.000683526999316473
63	0.021872863978127138
1270	0.001367053998632946
2024	0.000683526999316473
40	0.02255639097744361
3310	0.002050580997949419
3263	0.000683526999316473
2773	0.000683526999316473
4	0.004101161995898838
3311	0.0075187969924812035
2682	0.000683526999316473
220	0.002050580997949419
116	0.000683526999316473
730	0.006835269993164731
2000	0.000683526999316473
1888	0.001367053998632946
117	0.006151742993848257
716	0.004101161995898838
1201	0.0034176349965823654
3312	0.010936431989063569
21	0.06425153793574846
1237	0.004784688995215312
179	0.004101161995898838
215	0.002734107997265892
3001	0.002050580997949419
350	0.0034176349965823654
908	0.002050580997949419
684	0.001367053998632946
812	0.000683526999316473
309	0.002734107997265892
686	0.004784688995215312
189	0.03349282296650718
69	0.02665755297334245
2404	0.001367053998632946
34	0.012987012987012988
3313	0.018455228981544773
3314	0.015037593984962407
426	0.011619958988380042
446	0.002734107997265892
3282	0.000683526999316473
113	0.011619958988380042
3276	0.004101161995898838
822	0.012987012987012988
3054	0.00888585099111415
384	0.011619958988380042
1495	0.000683526999316473
2932	0.002050580997949419
717	0.002734107997265892
106	0.019822282980177717
119	0.008202323991797676
371	0.001367053998632946
519	0.010252904989747095
16	0.0034176349965823654
629	0.0075187969924812035
2500	0.000683526999316473
2031	0.001367053998632946
134	0.009569377990430623
494	0.005468215994531784
237	0.002050580997949419
2668	0.000683526999316473
388	0.008202323991797676
88	0.008202323991797676
2490	0.001367053998632946
1299	0.000683526999316473
2475	0.000683526999316473
1021	0.000683526999316473
1684	0.006151742993848257
322	0.006835269993164731
2041	0.002050580997949419
2111	0.001367053998632946
1503	0.000683526999316473
112	0.012987012987012988
3315	0.0075187969924812035
3316	0.010252904989747095
383	0.000683526999316473
357	0.0075187969924812035
22	0.002734107997265892
25	0.0034176349965823654
2061	0.001367053998632946
457	0.000683526999316473
75	0.008202323991797676
1336	0.004784688995215312
649	0.011619958988380042
195	0.000683526999316473
637	0.000683526999316473
1519	0.001367053998632946
831	0.001367053998632946
1646	0.000683526999316473
3119	0.000683526999316473
2378	0.001367053998632946
3317	0.03144224196855776
67	0.001367053998632946
440	0.001367053998632946
98	0.005468215994531784
43	0.008202323991797676
1844	0.004101161995898838
9	0.013670539986329461
3082	0.001367053998632946
366	0.010936431989063569
327	0.0034176349965823654
1424	0.002050580997949419
1526	0.001367053998632946
23	0.010252904989747095
948	0.001367053998632946
157	0.009569377990430623
502	0.0034176349965823654
651	0.002734107997265892
196	0.000683526999316473
2101	0.000683526999316473
2161	0.002050580997949419
1406	0.000683526999316473
180	0.001367053998632946
201	0.00888585099111415
33	0.0034176349965823654
325	0.004784688995215312
617	0.004101161995898838
1222	0.008202323991797676
1207	0.002734107997265892
1383	0.001367053998632946
559	0.004101161995898838
3318	0.0034176349965823654
1286	0.0034176349965823654
2587	0.000683526999316473
1045	0.005468215994531784
1449	0.001367053998632946
3319	0.002734107997265892
2303	0.001367053998632946
2395	0.001367053998632946
2761	0.001367053998632946
2840	0.000683526999316473
3320	0.002734107997265892
1955	0.000683526999316473
3321	0.018455228981544773
159	0.002734107997265892
1148	0.004101161995898838
876	0.004101161995898838
1708	0.001367053998632946
273	0.001367053998632946
123	0.006151742993848257
48	0.010936431989063569
2	0.004101161995898838
952	0.000683526999316473
1793	0.001367053998632946
708	0.002050580997949419
697	0.000683526999316473
601	0.004784688995215312
3322	0.01572112098427888
2972	0.004784688995215312
403	0.008202323991797676
1630	0.001367053998632946
1789	0.001367053998632946
211	0.005468215994531784
889	0.002734107997265892
1153	0.006151742993848257
392	0.006835269993164731
79	0.004101161995898838
2947	0.001367053998632946
3323	0.01572112098427888
763	0.002050580997949419
1080	0.000683526999316473
138	0.006151742993848257
353	0.002050580997949419
612	0.000683526999316473
1170	0.001367053998632946
24	0.0034176349965823654
308	0.001367053998632946
264	0.002734107997265892
1413	0.000683526999316473
467	0.002734107997265892
3078	0.000683526999316473
758	0.001367053998632946
1649	0.000683526999316473
1650	0.000683526999316473
318	0.002050580997949419
3324	0.005468215994531784
3325	0.0034176349965823654
1346	0.001367053998632946
739	0.002050580997949419
1794	0.000683526999316473
3012	0.001367053998632946
2967	0.000683526999316473
2777	0.000683526999316473
1186	0.001367053998632946
3326	0.004101161995898838
1577	0.001367053998632946
2792	0.000683526999316473
101	0.005468215994531784
3327	0.009569377990430623
3051	0.002050580997949419
1028	0.000683526999316473
1465	0.000683526999316473
1119	0.000683526999316473
290	0.002050580997949419
2165	0.001367053998632946
1695	0.001367053998632946
1916	0.000683526999316473
3328	0.006151742993848257
1175	0.001367053998632946
1174	0.000683526999316473
1055	0.001367053998632946
3329	0.002734107997265892
632	0.001367053998632946
3330	0.001367053998632946
1412	0.000683526999316473
3331	0.02665755297334245
3332	0.03417634996582365
1893	0.000683526999316473
1325	0.001367053998632946
3298	0.000683526999316473
3217	0.001367053998632946
1124	0.0034176349965823654
294	0.000683526999316473
3271	0.002050580997949419
3308	0.001367053998632946
1162	0.001367053998632946
1239	0.002050580997949419
3141	0.000683526999316473
1972	0.001367053998632946
968	0.002734107997265892
1374	0.001367053998632946
1351	0.000683526999316473
1015	0.001367053998632946
988	0.001367053998632946
1757	0.000683526999316473
677	0.002050580997949419
1302	0.001367053998632946
78	0.002050580997949419
1484	0.002050580997949419
340	0.002734107997265892
3231	0.001367053998632946
1423	0.002050580997949419
326	0.002050580997949419
1985	0.001367053998632946
391	0.004101161995898838
895	0.000683526999316473
107	0.000683526999316473
2964	0.002050580997949419
460	0.000683526999316473
759	0.002050580997949419
3124	0.001367053998632946
3085	0.001367053998632946
737	0.001367053998632946
476	0.000683526999316473
2217	0.002050580997949419
3277	0.001367053998632946
171	0.002050580997949419
238	0.002734107997265892
451	0.000683526999316473
320	0.002734107997265892
1594	0.000683526999316473
3024	0.002050580997949419
886	0.001367053998632946
365	0.001367053998632946
1564	0.002050580997949419
921	0.002734107997265892
3333	0.002734107997265892
1700	0.001367053998632946
1454	0.001367053998632946
615	0.001367053998632946
3334	0.006835269993164731
2912	0.000683526999316473
541	0.000683526999316473
338	0.002734107997265892
793	0.000683526999316473
404	0.002050580997949419
405	0.001367053998632946
592	0.0034176349965823654
1694	0.002050580997949419
3335	0.008202323991797676
118	0.000683526999316473
275	0.004101161995898838
99	0.005468215994531784
217	0.0034176349965823654
2562	0.001367053998632946
585	0.002734107997265892
650	0.002734107997265892
1834	0.0034176349965823654
1335	0.000683526999316473
447	0.004101161995898838
3336	0.0075187969924812035
1631	0.000683526999316473
186	0.000683526999316473
1721	0.000683526999316473
192	0.001367053998632946
2452	0.002050580997949419
306	0.002050580997949419
564	0.004101161995898838
610	0.001367053998632946
3337	0.006151742993848257
3338	0.002734107997265892
424	0.000683526999316473
1182	0.000683526999316473
2203	0.000683526999316473
680	0.000683526999316473
1006	0.002734107997265892
3339	0.016404647983595352
548	0.0075187969924812035
231	0.002734107997265892
1999	0.000683526999316473
1447	0.002734107997265892
691	0.005468215994531784
1142	0.000683526999316473
3340	0.021872863978127138
3341	0.011619958988380042
1498	0.000683526999316473
334	0.001367053998632946
3042	0.001367053998632946
562	0.002050580997949419
50	0.001367053998632946
734	0.001367053998632946
1867	0.001367053998632946
3237	0.001367053998632946
27	0.002050580997949419
31	0.000683526999316473
2026	0.000683526999316473
776	0.000683526999316473
329	0.000683526999316473
1749	0.0034176349965823654
1878	0.002734107997265892
999	0.002734107997265892
2913	0.000683526999316473
3040	0.000683526999316473
172	0.002050580997949419
3020	0.0034176349965823654
2192	0.000683526999316473
904	0.001367053998632946
1014	0.001367053998632946
1308	0.002050580997949419
1806	0.000683526999316473
1502	0.001367053998632946
30	0.000683526999316473
173	0.0034176349965823654
3342	0.006151742993848257
2927	0.002050580997949419
373	0.000683526999316473
3185	0.001367053998632946
3343	0.0075187969924812035
3344	0.01572112098427888
1933	0.000683526999316473
2979	0.002734107997265892
279	0.001367053998632946
377	0.001367053998632946
2067	0.001367053998632946
278	0.0034176349965823654
277	0.001367053998632946
572	0.000683526999316473
252	0.006835269993164731
272	0.004101161995898838
858	0.002050580997949419
928	0.002734107997265892
509	0.002050580997949419
1269	0.000683526999316473
1704	0.001367053998632946
169	0.002050580997949419
661	0.000683526999316473
3176	0.002050580997949419
409	0.002734107997265892
274	0.004784688995215312
532	0.001367053998632946
166	0.000683526999316473
3303	0.001367053998632946
38	0.002050580997949419
3345	0.004784688995215312
3346	0.006151742993848257
907	0.000683526999316473
128	0.002050580997949419
435	0.001367053998632946
1505	0.002734107997265892
269	0.002734107997265892
1529	0.002050580997949419
285	0.001367053998632946
2542	0.000683526999316473
2518	0.000683526999316473
3347	0.006835269993164731
3348	0.008202323991797676
257	0.001367053998632946
1039	0.000683526999316473
2181	0.001367053998632946
2119	0.001367053998632946
1850	0.000683526999316473
1023	0.0034176349965823654
1673	0.000683526999316473
1372	0.001367053998632946
3156	0.002050580997949419
2311	0.000683526999316473
3089	0.001367053998632946
344	0.002734107997265892
1214	0.001367053998632946
3349	0.004784688995215312
3350	0.0075187969924812035
184	0.002050580997949419
2182	0.001367053998632946
93	0.001367053998632946
3046	0.002050580997949419
1523	0.000683526999316473
2455	0.002050580997949419
3090	0.001367053998632946
1330	0.000683526999316473
1386	0.002050580997949419
1178	0.000683526999316473
448	0.000683526999316473
3351	0.012987012987012988
1734	0.002050580997949419
1276	0.000683526999316473
2131	0.001367053998632946
1445	0.000683526999316473
2092	0.000683526999316473
3224	0.000683526999316473
3153	0.001367053998632946
3352	0.011619958988380042
818	0.004101161995898838
3150	0.002050580997949419
1258	0.000683526999316473
362	0.001367053998632946
386	0.004101161995898838
1586	0.005468215994531784
3005	0.0075187969924812035
3353	0.010936431989063569
1567	0.002050580997949419
351	0.000683526999316473
882	0.002050580997949419
1698	0.002050580997949419
644	0.0034176349965823654
702	0.001367053998632946
1043	0.000683526999316473
1433	0.002734107997265892
1534	0.000683526999316473
232	0.0034176349965823654
1457	0.000683526999316473
3354	0.009569377990430623
1697	0.001367053998632946
1123	0.001367053998632946
1485	0.000683526999316473
2807	0.000683526999316473
713	0.001367053998632946
678	0.000683526999316473
2261	0.000683526999316473
53	0.002050580997949419
335	0.004784688995215312
3026	0.000683526999316473
891	0.000683526999316473
3355	0.014354066985645933
3118	0.002050580997949419
3154	0.000683526999316473
657	0.004784688995215312
1159	0.002050580997949419
191	0.0034176349965823654
3239	0.001367053998632946
774	0.000683526999316473
3356	0.02255639097744361
2428	0.002050580997949419
569	0.002734107997265892
270	0.001367053998632946
3278	0.002734107997265892
1637	0.000683526999316473
3065	0.002050580997949419
3357	0.010936431989063569
3358	0.015037593984962407
3143	0.000683526999316473
1248	0.002734107997265892
348	0.002050580997949419
3161	0.002050580997949419
95	0.002050580997949419
347	0.002734107997265892
1031	0.002050580997949419
1582	0.000683526999316473
2369	0.000683526999316473
689	0.001367053998632946
1783	0.004784688995215312
85	0.001367053998632946
330	0.001367053998632946
1660	0.001367053998632946
299	0.0034176349965823654
3359	0.009569377990430623
3360	0.005468215994531784
1364	0.002734107997265892
90	0.001367053998632946
2728	0.000683526999316473
2195	0.001367053998632946
406	0.002734107997265892
3241	0.001367053998632946
3016	0.000683526999316473
3361	0.006151742993848257
3362	0.025974025974025976
3363	0.006835269993164731
32	0.000683526999316473
565	0.000683526999316473
1868	0.001367053998632946
727	0.000683526999316473
3100	0.002734107997265892
2070	0.002050580997949419
47	0.000683526999316473
2028	0.001367053998632946
1613	0.001367053998632946
149	0.000683526999316473
442	0.002734107997265892
121	0.002734107997265892
1411	0.000683526999316473
3297	0.000683526999316473
1326	0.000683526999316473
1236	0.000683526999316473
905	0.000683526999316473
1913	0.000683526999316473
1930	0.001367053998632946
1621	0.002050580997949419
35	0.002050580997949419
613	0.000683526999316473
1274	0.000683526999316473
1343	0.002050580997949419
3364	0.008202323991797676
3365	0.0177717019822283
2250	0.000683526999316473
2363	0.000683526999316473
3019	0.002734107997265892
873	0.000683526999316473
756	0.000683526999316473
64	0.000683526999316473
2492	0.002050580997949419
885	0.001367053998632946
1337	0.000683526999316473
1360	0.002050580997949419
768	0.001367053998632946
1813	0.000683526999316473
132	0.001367053998632946
312	0.000683526999316473
1920	0.001367053998632946
3366	0.006835269993164731
3134	0.000683526999316473
824	0.002734107997265892
416	0.001367053998632946
3036	0.002050580997949419
3367	0.004784688995215312
1983	0.002050580997949419
3106	0.000683526999316473
2180	0.002734107997265892
2798	0.000683526999316473
2156	0.002050580997949419
3368	0.010936431989063569
1548	0.0034176349965823654
111	0.002734107997265892
1011	0.000683526999316473
1103	0.002734107997265892
977	0.000683526999316473
3369	0.0034176349965823654
3370	0.002734107997265892
625	0.002050580997949419
2642	0.000683526999316473
3371	0.006151742993848257
3372	0.0034176349965823654
731	0.002734107997265892
70	0.002050580997949419
1048	0.002050580997949419
1732	0.001367053998632946
282	0.005468215994531784
955	0.002050580997949419
1744	0.000683526999316473
1790	0.002050580997949419
3373	0.006151742993848257
3374	0.0075187969924812035
3157	0.000683526999316473
3375	0.004101161995898838
3376	0.002050580997949419
2424	0.000683526999316473
1522	0.000683526999316473
607	0.001367053998632946
1333	0.001367053998632946
3377	0.013670539986329461
911	0.000683526999316473
2093	0.000683526999316473
394	0.002734107997265892
2016	0.000683526999316473
946	0.000683526999316473
481	0.002050580997949419
2201	0.000683526999316473
3378	0.00888585099111415
865	0.000683526999316473
444	0.001367053998632946
1246	0.000683526999316473
530	0.000683526999316473
1283	0.000683526999316473
174	0.001367053998632946
2138	0.001367053998632946
483	0.000683526999316473
1232	0.000683526999316473
1808	0.001367053998632946
1535	0.000683526999316473
561	0.000683526999316473
3379	0.010252904989747095
3202	0.002050580997949419
369	0.000683526999316473
2929	0.001367053998632946
1506	0.001367053998632946
2928	0.002050580997949419
1692	0.001367053998632946
3380	0.009569377990430623
3264	0.001367053998632946
665	0.001367053998632946
2669	0.000683526999316473
3381	0.009569377990430623
3382	0.02665755297334245
1405	0.001367053998632946
1272	0.000683526999316473
845	0.001367053998632946
2735	0.000683526999316473
438	0.000683526999316473
2305	0.000683526999316473
1327	0.002050580997949419
188	0.001367053998632946
893	0.002050580997949419
102	0.000683526999316473
176	0.001367053998632946
2649	0.000683526999316473
1363	0.000683526999316473
2400	0.000683526999316473
2076	0.000683526999316473
2537	0.000683526999316473
3245	0.000683526999316473
2719	0.000683526999316473
1677	0.000683526999316473
3070	0.000683526999316473
667	0.000683526999316473
1431	0.000683526999316473
557	0.000683526999316473
2433	0.001367053998632946
1238	0.000683526999316473
1416	0.000683526999316473
1536	0.000683526999316473
2989	0.000683526999316473
1370	0.001367053998632946
766	0.000683526999316473
2516	0.000683526999316473
695	0.000683526999316473
462	0.000683526999316473
764	0.001367053998632946
553	0.000683526999316473
1137	0.000683526999316473
967	0.001367053998632946
491	0.000683526999316473
784	0.000683526999316473
2576	0.000683526999316473
1266	0.000683526999316473
486	0.001367053998632946
594	0.000683526999316473
492	0.000683526999316473
2333	0.000683526999316473
1002	0.000683526999316473
556	0.001367053998632946
2685	0.001367053998632946
3383	0.012303485987696514
3384	0.006835269993164731
1625	0.001367053998632946
443	0.001367053998632946
3047	0.002050580997949419
2909	0.000683526999316473
2570	0.001367053998632946
792	0.001367053998632946
2198	0.001367053998632946
295	0.001367053998632946
811	0.001367053998632946
520	0.000683526999316473
2167	0.000683526999316473
508	0.001367053998632946
1084	0.001367053998632946
1475	0.001367053998632946
1371	0.000683526999316473
3385	0.008202323991797676
1160	0.000683526999316473
2202	0.000683526999316473
223	0.000683526999316473
2057	0.000683526999316473
3114	0.001367053998632946
3386	0.009569377990430623
3387	0.010936431989063569
2738	0.001367053998632946
2617	0.000683526999316473
1348	0.002050580997949419
861	0.001367053998632946
3023	0.000683526999316473
2278	0.002050580997949419
2071	0.000683526999316473
2048	0.000683526999316473
316	0.002050580997949419
1199	0.000683526999316473
3388	0.009569377990430623
1877	0.000683526999316473
1612	0.000683526999316473
1990	0.000683526999316473
3389	0.006835269993164731
3390	0.010936431989063569
56	0.000683526999316473
3391	0.004784688995215312
376	0.001367053998632946
349	0.002734107997265892
2434	0.001367053998632946
2731	0.000683526999316473
3392	0.011619958988380042
3393	0.018455228981544773
1748	0.001367053998632946
2295	0.000683526999316473
145	0.000683526999316473
417	0.001367053998632946
1118	0.000683526999316473
3258	0.002050580997949419
2566	0.002050580997949419
817	0.000683526999316473
19	0.002050580997949419
28	0.002050580997949419
653	0.000683526999316473
700	0.000683526999316473
2226	0.001367053998632946
2372	0.001367053998632946
2697	0.001367053998632946
2403	0.001367053998632946
126	0.002734107997265892
545	0.000683526999316473
3394	0.010252904989747095
3395	0.02665755297334245
92	0.000683526999316473
108	0.002050580997949419
1578	0.000683526999316473
645	0.001367053998632946
2660	0.000683526999316473
950	0.000683526999316473
566	0.0034176349965823654
2935	0.000683526999316473
1508	0.001367053998632946
1203	0.001367053998632946
2079	0.000683526999316473
3396	0.02460697197539303
1849	0.000683526999316473
1312	0.001367053998632946
2374	0.000683526999316473
45	0.002050580997949419
408	0.000683526999316473
3397	0.014354066985645933
1128	0.000683526999316473
3398	0.016404647983595352
292	0.0034176349965823654
726	0.002050580997949419
1876	0.000683526999316473
375	0.000683526999316473
932	0.000683526999316473
1224	0.000683526999316473
1702	0.000683526999316473
2526	0.001367053998632946
751	0.000683526999316473
872	0.001367053998632946
1676	0.000683526999316473
1206	0.001367053998632946
3399	0.006151742993848257
2292	0.001367053998632946
964	0.001367053998632946
3400	0.004101161995898838
3401	0.004784688995215312
1056	0.000683526999316473
1198	0.000683526999316473
779	0.000683526999316473
3402	0.02392344497607656
283	0.000683526999316473
1467	0.000683526999316473
2564	0.002050580997949419
400	0.002050580997949419
3403	0.006835269993164731
6	0.000683526999316473
853	0.000683526999316473
3404	0.013670539986329461
3405	0.010252904989747095
754	0.000683526999316473
655	0.000683526999316473
1820	0.000683526999316473
991	0.000683526999316473
1105	0.000683526999316473
3120	0.001367053998632946
2911	0.000683526999316473
614	0.000683526999316473
685	0.000683526999316473
1549	0.000683526999316473
957	0.000683526999316473
154	0.000683526999316473
654	0.000683526999316473
1821	0.000683526999316473
3128	0.000683526999316473
2910	0.001367053998632946
1774	0.001367053998632946
3159	0.000683526999316473
1108	0.000683526999316473
1910	0.000683526999316473
3406	0.010936431989063569
3233	0.002050580997949419
809	0.000683526999316473
1139	0.002734107997265892
2240	0.002050580997949419
2937	0.000683526999316473
3407	0.0034176349965823654
197	0.000683526999316473
276	0.000683526999316473
3408	0.011619958988380042
3409	0.05878332194121668
1338	0.000683526999316473
887	0.002050580997949419
156	0.002050580997949419
5	0.002734107997265892
473	0.002050580997949419
1070	0.000683526999316473
1606	0.001367053998632946
1632	0.001367053998632946
1803	0.001367053998632946
958	0.000683526999316473
136	0.002734107997265892
1063	0.002050580997949419
603	0.000683526999316473
46	0.0034176349965823654
3175	0.001367053998632946
2033	0.001367053998632946
2544	0.000683526999316473
636	0.002050580997949419
224	0.002050580997949419
951	0.001367053998632946
72	0.001367053998632946
354	0.001367053998632946
3126	0.001367053998632946
396	0.002734107997265892
3206	0.000683526999316473
181	0.001367053998632946
1377	0.002050580997949419
493	0.000683526999316473
3207	0.001367053998632946
2983	0.002734107997265892
1779	0.000683526999316473
682	0.001367053998632946
2609	0.000683526999316473
3304	0.000683526999316473
305	0.002734107997265892
3087	0.002050580997949419
1417	0.002050580997949419
1267	0.000683526999316473
820	0.002050580997949419
3131	0.000683526999316473
355	0.000683526999316473
284	0.002050580997949419
1665	0.000683526999316473
953	0.002050580997949419
258	0.001367053998632946
1428	0.000683526999316473
3249	0.002734107997265892
389	0.002050580997949419
1212	0.000683526999316473
44	0.001367053998632946
1894	0.000683526999316473
82	0.0034176349965823654
240	0.000683526999316473
1415	0.001367053998632946
3165	0.002050580997949419
771	0.000683526999316473
838	0.002734107997265892
200	0.002050580997949419
3410	0.027341079972658923
3194	0.001367053998632946
314	0.002050580997949419
1680	0.002050580997949419
600	0.000683526999316473
150	0.000683526999316473
2491	0.000683526999316473
507	0.001367053998632946
869	0.001367053998632946
3411	0.0075187969924812035
575	0.001367053998632946
2635	0.000683526999316473
963	0.000683526999316473
3002	0.000683526999316473
3412	0.07040328092959672
1857	0.000683526999316473
1407	0.000683526999316473
1408	0.000683526999316473
2502	0.000683526999316473
863	0.000683526999316473
577	0.000683526999316473
2054	0.000683526999316473
3300	0.000683526999316473
503	0.001367053998632946
3270	0.000683526999316473
2949	0.001367053998632946
1583	0.000683526999316473
468	0.001367053998632946
2980	0.000683526999316473
1931	0.000683526999316473
620	0.000683526999316473
2522	0.000683526999316473
1782	0.000683526999316473
1191	0.000683526999316473
2022	0.000683526999316473
358	0.000683526999316473
2090	0.000683526999316473
913	0.000683526999316473
1180	0.000683526999316473
475	0.000683526999316473
815	0.000683526999316473
3099	0.000683526999316473
2162	0.001367053998632946
3116	0.000683526999316473
794	0.000683526999316473
254	0.001367053998632946
1219	0.000683526999316473
1741	0.000683526999316473
710	0.000683526999316473
2443	0.000683526999316473
1188	0.001367053998632946
511	0.002050580997949419
160	0.000683526999316473
1810	0.001367053998632946
2398	0.000683526999316473
1367	0.000683526999316473
3071	0.001367053998632946
1882	0.000683526999316473
3247	0.000683526999316473
2115	0.000683526999316473
2196	0.001367053998632946
1104	0.000683526999316473
1614	0.000683526999316473
819	0.000683526999316473
2124	0.000683526999316473
153	0.000683526999316473
1901	0.000683526999316473
1005	0.000683526999316473
87	0.000683526999316473
1106	0.001367053998632946
1940	0.001367053998632946
3086	0.000683526999316473
1599	0.002050580997949419
1125	0.000683526999316473
855	0.000683526999316473
1765	0.000683526999316473
675	0.000683526999316473
2112	0.000683526999316473
3056	0.000683526999316473
1932	0.000683526999316473
1429	0.002050580997949419
3291	0.000683526999316473
2225	0.000683526999316473
2962	0.001367053998632946
256	0.001367053998632946
1591	0.000683526999316473
2744	0.000683526999316473
3413	0.01572112098427888
3414	0.009569377990430623
1984	0.000683526999316473
3248	0.000683526999316473
3	0.000683526999316473
1280	0.000683526999316473
2200	0.000683526999316473
18	0.000683526999316473
2628	0.000683526999316473
2074	0.000683526999316473
732	0.000683526999316473
1942	0.000683526999316473
709	0.002050580997949419
352	0.001367053998632946
1890	0.000683526999316473
1352	0.000683526999316473
2009	0.000683526999316473
2534	0.000683526999316473
719	0.000683526999316473
1900	0.001367053998632946
387	0.000683526999316473
1986	0.000683526999316473
1471	0.000683526999316473
3066	0.000683526999316473
3415	0.012303485987696514
3416	0.009569377990430623
791	0.002050580997949419
1399	0.001367053998632946
109	0.001367053998632946
2072	0.001367053998632946
281	0.001367053998632946
3417	0.014354066985645933
55	0.000683526999316473
1398	0.000683526999316473
874	0.002050580997949419
1755	0.001367053998632946
103	0.002050580997949419
1157	0.001367053998632946
3195	0.000683526999316473
3418	0.0034176349965823654
513	0.001367053998632946
1379	0.001367053998632946
2344	0.000683526999316473
749	0.001367053998632946
796	0.001367053998632946
3419	0.0034176349965823654
3420	0.012987012987012988
3121	0.000683526999316473
1643	0.000683526999316473
1116	0.000683526999316473
996	0.000683526999316473
151	0.002734107997265892
3281	0.000683526999316473
1775	0.000683526999316473
2175	0.000683526999316473
3280	0.000683526999316473
969	0.000683526999316473
2919	0.000683526999316473
3421	0.028024606971975397
1113	0.002734107997265892
1531	0.000683526999316473
401	0.002050580997949419
3422	0.010252904989747095
1251	0.001367053998632946
1478	0.000683526999316473
705	0.002050580997949419
3228	0.000683526999316473
980	0.000683526999316473
2866	0.000683526999316473
3423	0.010936431989063569
3424	0.00888585099111415
1848	0.000683526999316473
2893	0.000683526999316473
3268	0.000683526999316473
3031	0.001367053998632946
2085	0.000683526999316473
1400	0.001367053998632946
1899	0.000683526999316473
3179	0.000683526999316473
2994	0.000683526999316473
245	0.000683526999316473
1887	0.001367053998632946
862	0.001367053998632946
1032	0.000683526999316473
3425	0.021189336978810664
3426	0.010936431989063569
1948	0.002050580997949419
3305	0.001367053998632946
1776	0.000683526999316473
185	0.000683526999316473
1619	0.000683526999316473
531	0.000683526999316473
2601	0.000683526999316473
1010	0.002050580997949419
17	0.001367053998632946
1261	0.000683526999316473
797	0.000683526999316473
2082	0.000683526999316473
1037	0.001367053998632946
2740	0.000683526999316473
2809	0.001367053998632946
3427	0.00888585099111415
2108	0.000683526999316473
2419	0.000683526999316473
1012	0.000683526999316473
3428	0.006835269993164731
3187	0.000683526999316473
1168	0.000683526999316473
2582	0.002050580997949419
2621	0.000683526999316473
1812	0.000683526999316473
3307	0.000683526999316473
3028	0.000683526999316473
3429	0.011619958988380042
672	0.000683526999316473
146	0.000683526999316473
671	0.000683526999316473
2425	0.000683526999316473
2285	0.000683526999316473
3430	0.002734107997265892
3431	0.006835269993164731
3432	0.004101161995898838
175	0.000683526999316473
892	0.000683526999316473
1584	0.000683526999316473
606	0.001367053998632946
380	0.000683526999316473
699	0.000683526999316473
3433	0.014354066985645933
65	0.000683526999316473
864	0.000683526999316473
3256	0.000683526999316473
1626	0.000683526999316473
3434	0.005468215994531784
26	0.000683526999316473
206	0.000683526999316473
2943	0.001367053998632946
3435	0.004784688995215312
1334	0.000683526999316473
2298	0.000683526999316473
3436	0.006835269993164731
1073	0.000683526999316473
525	0.000683526999316473
2206	0.001367053998632946
2995	0.000683526999316473
1978	0.000683526999316473
3437	0.005468215994531784
2412	0.000683526999316473
3032	0.000683526999316473
3438	0.002050580997949419
104	0.001367053998632946
3439	0.0075187969924812035
3440	0.004101161995898838
2618	0.000683526999316473
1029	0.000683526999316473
235	0.000683526999316473
3441	0.002734107997265892
3442	0.002050580997949419
3443	0.0034176349965823654
3444	0.023239917976760085
3445	0.021189336978810664
961	0.002050580997949419
1016	0.001367053998632946
1017	0.001367053998632946
658	0.001367053998632946
693	0.000683526999316473
2075	0.000683526999316473
1164	0.000683526999316473
849	0.001367053998632946
1611	0.001367053998632946
1975	0.000683526999316473
402	0.001367053998632946
1642	0.002734107997265892
1200	0.001367053998632946
3446	0.004101161995898838
3447	0.006151742993848257
3448	0.012987012987012988
2615	0.000683526999316473
2788	0.000683526999316473
1155	0.000683526999316473
828	0.000683526999316473
3081	0.000683526999316473
2438	0.001367053998632946
2066	0.000683526999316473
2646	0.000683526999316473
1696	0.000683526999316473
1544	0.000683526999316473
3449	0.02460697197539303
3450	0.05741626794258373
427	0.000683526999316473
2132	0.001367053998632946
3253	0.000683526999316473
2315	0.000683526999316473
3251	0.000683526999316473
1426	0.002050580997949419
1576	0.000683526999316473
3011	0.001367053998632946
2087	0.000683526999316473
772	0.000683526999316473
1145	0.000683526999316473
1173	0.000683526999316473
1161	0.000683526999316473
1859	0.000683526999316473
3072	0.001367053998632946
3084	0.002734107997265892
1723	0.000683526999316473
3115	0.000683526999316473
1147	0.000683526999316473
1573	0.000683526999316473
2971	0.000683526999316473
1884	0.001367053998632946
3073	0.000683526999316473
1736	0.000683526999316473
226	0.002050580997949419
715	0.001367053998632946
810	0.002050580997949419
848	0.000683526999316473
3451	0.008202323991797676
3452	0.02460697197539303
2503	0.000683526999316473
537	0.000683526999316473
431	0.000683526999316473
2046	0.000683526999316473
319	0.000683526999316473
1826	0.000683526999316473
1213	0.000683526999316473
1982	0.000683526999316473
1366	0.000683526999316473
2987	0.000683526999316473
757	0.000683526999316473
2366	0.000683526999316473
339	0.001367053998632946
1009	0.000683526999316473
60	0.000683526999316473
550	0.000683526999316473
521	0.000683526999316473
2043	0.000683526999316473
1568	0.000683526999316473
39	0.000683526999316473
3453	0.006835269993164731
3454	0.010252904989747095
2042	0.000683526999316473
1033	0.000683526999316473
903	0.000683526999316473
1357	0.001367053998632946
2439	0.000683526999316473
1020	0.000683526999316473
1944	0.000683526999316473
1259	0.001367053998632946
3455	0.012303485987696514
177	0.000683526999316473
2550	0.000683526999316473
1176	0.001367053998632946
3279	0.001367053998632946
883	0.000683526999316473
3208	0.001367053998632946
3456	0.009569377990430623
3457	0.04921394395078606
1517	0.000683526999316473
1223	0.000683526999316473
2006	0.000683526999316473
268	0.000683526999316473
1277	0.000683526999316473
3201	0.000683526999316473
985	0.000683526999316473
687	0.000683526999316473
1218	0.000683526999316473
1154	0.000683526999316473
1264	0.000683526999316473
1001	0.000683526999316473
2012	0.000683526999316473
1964	0.000683526999316473
1430	0.000683526999316473
1452	0.000683526999316473
42	0.000683526999316473
1977	0.000683526999316473
701	0.000683526999316473
514	0.000683526999316473
2291	0.000683526999316473
1220	0.000683526999316473
3021	0.001367053998632946
1086	0.000683526999316473
3285	0.000683526999316473
3246	0.000683526999316473
3122	0.000683526999316473
2347	0.000683526999316473
704	0.000683526999316473
857	0.001367053998632946
496	0.000683526999316473
1027	0.000683526999316473
909	0.000683526999316473
1254	0.000683526999316473
510	0.000683526999316473
1217	0.001367053998632946
1670	0.000683526999316473
3180	0.000683526999316473
167	0.000683526999316473
706	0.000683526999316473
1841	0.000683526999316473
3014	0.000683526999316473
3458	0.0177717019822283
3015	0.000683526999316473
2662	0.000683526999316473
222	0.000683526999316473
2970	0.000683526999316473
3261	0.000683526999316473
1143	0.000683526999316473
2144	0.000683526999316473
1602	0.000683526999316473
76	0.000683526999316473
459	0.000683526999316473
975	0.000683526999316473
2441	0.000683526999316473
2145	0.000683526999316473
3008	0.000683526999316473
851	0.000683526999316473
1934	0.000683526999316473
1050	0.000683526999316473
775	0.000683526999316473
3459	0.006835269993164731
1705	0.000683526999316473
987	0.000683526999316473
3460	0.025290498974709502
1092	0.000683526999316473
3461	0.018455228981544773
3462	0.0075187969924812035
84	0.000683526999316473
3033	0.001367053998632946
992	0.000683526999316473
1380	0.001367053998632946
546	0.000683526999316473
1571	0.000683526999316473
1192	0.000683526999316473
3027	0.000683526999316473
1303	0.000683526999316473
3463	0.015037593984962407
1345	0.000683526999316473
236	0.000683526999316473
3295	0.000683526999316473
3464	0.0034176349965823654
3465	0.0034176349965823654
3466	0.009569377990430623
246	0.000683526999316473
3112	0.000683526999316473
3212	0.001367053998632946
2392	0.000683526999316473
3467	0.002050580997949419
2925	0.000683526999316473
3468	0.00888585099111415
183	0.000683526999316473
3045	0.000683526999316473
2940	0.000683526999316473
1385	0.000683526999316473
1960	0.000683526999316473
3469	0.019138755980861247
1840	0.001367053998632946
1788	0.000683526999316473
1387	0.000683526999316473
506	0.000683526999316473
910	0.000683526999316473
499	0.000683526999316473
595	0.000683526999316473
20	0.000683526999316473
884	0.000683526999316473
2396	0.001367053998632946
12	0.000683526999316473
1397	0.000683526999316473
1885	0.000683526999316473
3470	0.005468215994531784
3471	0.010252904989747095
374	0.000683526999316473
1362	0.000683526999316473
536	0.000683526999316473
2462	0.000683526999316473
3472	0.005468215994531784
3473	0.004101161995898838
3222	0.001367053998632946
187	0.000683526999316473
2959	0.000683526999316473
3474	0.021189336978810664
1127	0.000683526999316473
1809	0.000683526999316473
3475	0.004784688995215312
125	0.000683526999316473
1604	0.000683526999316473
2700	0.000683526999316473
3476	0.010936431989063569
1013	0.000683526999316473
1547	0.000683526999316473
3477	0.002050580997949419
3478	0.00888585099111415
2841	0.000683526999316473
3479	0.012303485987696514
3480	0.011619958988380042
1018	0.000683526999316473
3205	0.000683526999316473
1991	0.000683526999316473
544	0.000683526999316473
68	0.000683526999316473
2450	0.000683526999316473
1300	0.000683526999316473
1328	0.000683526999316473
3481	0.006151742993848257
3482	0.004101161995898838
2158	0.000683526999316473
3109	0.000683526999316473
2099	0.000683526999316473
83	0.000683526999316473
676	0.000683526999316473
3483	0.03349282296650718
199	0.001367053998632946
983	0.000683526999316473
3484	0.000683526999316473
3485	0.00888585099111415
490	0.000683526999316473
3486	0.01572112098427888
3487	0.05536568694463432
3151	0.000683526999316473
1297	0.000683526999316473
659	0.000683526999316473
3152	0.000683526999316473
2982	0.000683526999316473
3067	0.000683526999316473
1802	0.000683526999316473
8	0.001367053998632946
1618	0.000683526999316473
1588	0.000683526999316473
1856	0.000683526999316473
242	0.000683526999316473
248	0.000683526999316473
3259	0.000683526999316473
3216	0.000683526999316473
1918	0.000683526999316473
11	0.000683526999316473
547	0.000683526999316473
1507	0.000683526999316473
3488	0.004101161995898838
2506	0.000683526999316473
2164	0.000683526999316473
3489	0.002050580997949419
3490	0.021872863978127138
2961	0.000683526999316473
331	0.000683526999316473
854	0.000683526999316473
1572	0.000683526999316473
647	0.000683526999316473
3491	0.002734107997265892
1771	0.000683526999316473
3492	0.006151742993848257
2296	0.000683526999316473
1115	0.000683526999316473
2659	0.000683526999316473
3493	0.005468215994531784
1488	0.000683526999316473
2103	0.000683526999316473
1365	0.000683526999316473
233	0.000683526999316473
3494	0.004784688995215312
533	0.000683526999316473
367	0.000683526999316473
3495	0.019822282980177717
3496	0.006151742993848257
1922	0.000683526999316473
703	0.000683526999316473
487	0.000683526999316473
1879	0.000683526999316473
3497	0.015037593984962407
539	0.000683526999316473
1515	0.000683526999316473
2581	0.000683526999316473
722	0.000683526999316473
538	0.000683526999316473
3498	0.005468215994531784
1853	0.000683526999316473
3147	0.000683526999316473
2467	0.000683526999316473
3499	0.008202323991797676
3500	0.006835269993164731
516	0.000683526999316473
1833	0.000683526999316473
1395	0.000683526999316473
3145	0.000683526999316473
2602	0.000683526999316473
981	0.000683526999316473
563	0.000683526999316473
485	0.001367053998632946
3501	0.002050580997949419
3502	0.006151742993848257
3302	0.000683526999316473
1915	0.000683526999316473
2923	0.000683526999316473
3503	0.014354066985645933
229	0.000683526999316473
1114	0.000683526999316473
3504	0.004101161995898838
2314	0.000683526999316473
1444	0.000683526999316473
3029	0.000683526999316473
3505	0.011619958988380042
1609	0.000683526999316473
936	0.000683526999316473
3506	0.006151742993848257
2627	0.000683526999316473
3184	0.000683526999316473
3284	0.000683526999316473
842	0.000683526999316473
3507	0.012303485987696514
3174	0.000683526999316473
1997	0.000683526999316473
97	0.000683526999316473
3508	0.0177717019822283
821	0.000683526999316473
1862	0.000683526999316473
2309	0.000683526999316473
