1283	0.0017211703958691911
3009	0.022375215146299483
368	0.0034423407917383822
1247	0.0034423407917383822
1728	0.0017211703958691911
63	0.02925989672977625
2410	0.0017211703958691911
317	0.0034423407917383822
1333	0.0068846815834767644
1472	0.0034423407917383822
285	0.0034423407917383822
1535	0.0034423407917383822
3010	0.034423407917383825
1424	0.0034423407917383822
2185	0.0017211703958691911
48	0.008605851979345956
1222	0.0068846815834767644
34	0.012048192771084338
61	0.008605851979345956
2029	0.0017211703958691911
1148	0.0034423407917383822
69	0.022375215146299483
1854	0.0034423407917383822
9	0.013769363166953529
2447	0.0017211703958691911
112	0.010327022375215147
541	0.0017211703958691911
108	0.0034423407917383822
1237	0.0034423407917383822
876	0.0017211703958691911
2601	0.0017211703958691911
3011	0.027538726333907058
651	0.0051635111876075735
388	0.0051635111876075735
43	0.0068846815834767644
157	0.008605851979345956
2303	0.0017211703958691911
384	0.012048192771084338
98	0.0051635111876075735
658	0.0034423407917383822
1377	0.0017211703958691911
1834	0.0017211703958691911
1918	0.0017211703958691911
21	0.025817555938037865
1114	0.0017211703958691911
629	0.0034423407917383822
1259	0.0051635111876075735
3012	0.025817555938037865
357	0.0034423407917383822
70	0.0034423407917383822
2002	0.0017211703958691911
1115	0.0017211703958691911
106	0.008605851979345956
1123	0.0017211703958691911
2625	0.0017211703958691911
980	0.0017211703958691911
0	0.0017211703958691911
244	0.0017211703958691911
801	0.0017211703958691911
2587	0.0034423407917383822
3013	0.0068846815834767644
75	0.0068846815834767644
126	0.0017211703958691911
792	0.0017211703958691911
3014	0.01549053356282272
3015	0.02925989672977625
976	0.0017211703958691911
2145	0.0017211703958691911
975	0.0034423407917383822
2916	0.0017211703958691911
1533	0.0017211703958691911
3008	0.0017211703958691911
94	0.008605851979345956
2662	0.0017211703958691911
1143	0.0034423407917383822
454	0.0017211703958691911
40	0.0051635111876075735
3007	0.0017211703958691911
477	0.0017211703958691911
2969	0.0017211703958691911
2144	0.0017211703958691911
625	0.0017211703958691911
1021	0.0017211703958691911
1050	0.0017211703958691911
263	0.0034423407917383822
2367	0.0017211703958691911
814	0.0017211703958691911
3016	0.06368330464716007
1617	0.0017211703958691911
2079	0.0017211703958691911
444	0.0017211703958691911
2451	0.0017211703958691911
1958	0.0017211703958691911
380	0.0017211703958691911
1759	0.0017211703958691911
492	0.0017211703958691911
1023	0.0017211703958691911
142	0.0017211703958691911
344	0.0017211703958691911
19	0.0034423407917383822
189	0.013769363166953529
2102	0.0017211703958691911
93	0.0017211703958691911
2113	0.0017211703958691911
998	0.0017211703958691911
1127	0.0017211703958691911
568	0.0017211703958691911
604	0.0017211703958691911
2988	0.0017211703958691911
2590	0.0017211703958691911
964	0.0017211703958691911
7	0.0051635111876075735
2298	0.0017211703958691911
606	0.0017211703958691911
605	0.0017211703958691911
2078	0.0017211703958691911
3017	0.008605851979345956
796	0.0068846815834767644
749	0.0068846815834767644
1379	0.0068846815834767644
4	0.0068846815834767644
513	0.0068846815834767644
3018	0.020654044750430294
292	0.0034423407917383822
1485	0.0034423407917383822
252	0.0051635111876075735
592	0.0017211703958691911
400	0.0034423407917383822
909	0.0034423407917383822
338	0.0017211703958691911
341	0.0017211703958691911
38	0.0034423407917383822
3019	0.04475043029259897
392	0.0051635111876075735
282	0.0034423407917383822
2092	0.0017211703958691911
322	0.0051635111876075735
2072	0.0017211703958691911
2419	0.0017211703958691911
283	0.0017211703958691911
1031	0.0017211703958691911
119	0.0068846815834767644
16	0.0017211703958691911
95	0.0034423407917383822
2205	0.0017211703958691911
173	0.0034423407917383822
762	0.0017211703958691911
889	0.0017211703958691911
330	0.0034423407917383822
391	0.0017211703958691911
1445	0.0017211703958691911
3020	0.04302925989672978
566	0.0017211703958691911
2031	0.0017211703958691911
264	0.0017211703958691911
2028	0.0017211703958691911
1783	0.0034423407917383822
1120	0.0017211703958691911
25	0.0068846815834767644
1276	0.0034423407917383822
306	0.0034423407917383822
2932	0.0017211703958691911
2131	0.0017211703958691911
1584	0.0017211703958691911
92	0.0017211703958691911
1345	0.0017211703958691911
809	0.0017211703958691911
562	0.0034423407917383822
6	0.0017211703958691911
1972	0.0017211703958691911
1448	0.0017211703958691911
31	0.0017211703958691911
1073	0.0017211703958691911
1620	0.0017211703958691911
3021	0.08261617900172118
667	0.0017211703958691911
1670	0.0017211703958691911
532	0.0017211703958691911
1277	0.0017211703958691911
928	0.0017211703958691911
1254	0.0017211703958691911
872	0.0017211703958691911
576	0.0017211703958691911
279	0.0017211703958691911
1206	0.0017211703958691911
509	0.0034423407917383822
542	0.0017211703958691911
687	0.0017211703958691911
1949	0.0017211703958691911
496	0.0034423407917383822
2408	0.0017211703958691911
514	0.0017211703958691911
985	0.0017211703958691911
1176	0.0017211703958691911
705	0.0017211703958691911
278	0.0017211703958691911
268	0.0017211703958691911
858	0.0017211703958691911
2030	0.0017211703958691911
1446	0.0017211703958691911
2067	0.0017211703958691911
510	0.0017211703958691911
151	0.0017211703958691911
1938	0.0017211703958691911
1091	0.0017211703958691911
2110	0.0017211703958691911
1169	0.0017211703958691911
947	0.0017211703958691911
274	0.0034423407917383822
169	0.0017211703958691911
704	0.0017211703958691911
701	0.0017211703958691911
587	0.0034423407917383822
277	0.0017211703958691911
1196	0.0017211703958691911
1543	0.0017211703958691911
707	0.0034423407917383822
857	0.0017211703958691911
42	0.0017211703958691911
3022	0.03270223752151463
2949	0.0017211703958691911
134	0.008605851979345956
2598	0.0017211703958691911
1526	0.0017211703958691911
494	0.0068846815834767644
617	0.0034423407917383822
201	0.013769363166953529
1359	0.0017211703958691911
1155	0.0017211703958691911
1503	0.0034423407917383822
3023	0.06196213425129088
3024	0.03270223752151463
797	0.0017211703958691911
2995	0.0017211703958691911
1826	0.0017211703958691911
861	0.0017211703958691911
68	0.0017211703958691911
2987	0.0017211703958691911
602	0.0017211703958691911
546	0.0034423407917383822
921	0.0017211703958691911
1564	0.0034423407917383822
1476	0.0017211703958691911
262	0.0017211703958691911
366	0.010327022375215147
396	0.0034423407917383822
451	0.0017211703958691911
434	0.0017211703958691911
1893	0.0017211703958691911
326	0.0034423407917383822
199	0.0017211703958691911
647	0.0017211703958691911
999	0.0017211703958691911
414	0.0017211703958691911
1985	0.0017211703958691911
1694	0.0017211703958691911
218	0.0017211703958691911
238	0.0017211703958691911
320	0.0034423407917383822
1572	0.0017211703958691911
1426	0.0034423407917383822
1423	0.0017211703958691911
521	0.0017211703958691911
123	0.0034423407917383822
2044	0.0017211703958691911
2196	0.0017211703958691911
1781	0.0017211703958691911
1381	0.0034423407917383822
340	0.0017211703958691911
812	0.0017211703958691911
1300	0.0017211703958691911
863	0.0017211703958691911
1124	0.0051635111876075735
107	0.0017211703958691911
50	0.0017211703958691911
3025	0.025817555938037865
3026	0.013769363166953529
1486	0.0017211703958691911
784	0.0017211703958691911
1208	0.0017211703958691911
2768	0.0017211703958691911
1217	0.0017211703958691911
2974	0.0017211703958691911
1563	0.0017211703958691911
2050	0.0017211703958691911
62	0.0017211703958691911
1452	0.0017211703958691911
436	0.0017211703958691911
1281	0.0017211703958691911
2979	0.0017211703958691911
1376	0.0017211703958691911
1841	0.0017211703958691911
552	0.0017211703958691911
1435	0.0017211703958691911
2128	0.0017211703958691911
1488	0.0017211703958691911
3027	0.0189328743545611
1183	0.0017211703958691911
1182	0.0017211703958691911
818	0.0034423407917383822
1625	0.0051635111876075735
1529	0.0017211703958691911
406	0.0051635111876075735
2909	0.0034423407917383822
2570	0.0017211703958691911
3028	0.04475043029259897
1139	0.0017211703958691911
446	0.0034423407917383822
231	0.0034423407917383822
113	0.0068846815834767644
822	0.0034423407917383822
299	0.0051635111876075735
2521	0.0034423407917383822
2374	0.0017211703958691911
691	0.0034423407917383822
1684	0.0051635111876075735
730	0.0051635111876075735
1113	0.0017211703958691911
401	0.0017211703958691911
1248	0.0017211703958691911
3029	0.025817555938037865
376	0.0017211703958691911
2728	0.0017211703958691911
1484	0.0017211703958691911
1878	0.0017211703958691911
253	0.0017211703958691911
635	0.0017211703958691911
582	0.0017211703958691911
138	0.0017211703958691911
984	0.0017211703958691911
3030	0.010327022375215147
1286	0.0017211703958691911
3031	0.01549053356282272
3032	0.0068846815834767644
101	0.008605851979345956
2412	0.0034423407917383822
654	0.0017211703958691911
1612	0.0017211703958691911
3033	0.03614457831325301
1810	0.0017211703958691911
905	0.0017211703958691911
968	0.0017211703958691911
1877	0.0017211703958691911
855	0.0017211703958691911
1749	0.0051635111876075735
1545	0.0017211703958691911
1550	0.0017211703958691911
644	0.0017211703958691911
511	0.0034423407917383822
261	0.0017211703958691911
758	0.0017211703958691911
2452	0.0017211703958691911
972	0.0017211703958691911
2162	0.0017211703958691911
1724	0.0017211703958691911
3034	0.010327022375215147
3035	0.02925989672977625
3036	0.06196213425129088
180	0.0017211703958691911
2337	0.0017211703958691911
2161	0.0017211703958691911
426	0.0068846815834767644
481	0.0034423407917383822
81	0.0034423407917383822
502	0.0017211703958691911
952	0.0034423407917383822
23	0.0051635111876075735
1844	0.0017211703958691911
1270	0.0017211703958691911
215	0.0034423407917383822
2948	0.0017211703958691911
548	0.0051635111876075735
2972	0.0017211703958691911
1110	0.0034423407917383822
564	0.0017211703958691911
1230	0.0017211703958691911
519	0.0017211703958691911
859	0.0034423407917383822
403	0.0017211703958691911
2138	0.0017211703958691911
1447	0.0017211703958691911
1207	0.0017211703958691911
1099	0.0017211703958691911
179	0.0051635111876075735
981	0.0017211703958691911
3037	0.017211703958691912
335	0.0017211703958691911
1407	0.0017211703958691911
2465	0.0017211703958691911
102	0.0017211703958691911
109	0.0017211703958691911
166	0.0017211703958691911
3038	0.03270223752151463
2133	0.0017211703958691911
686	0.0017211703958691911
2226	0.0034423407917383822
1399	0.0034423407917383822
3039	0.025817555938037865
1347	0.0017211703958691911
601	0.0034423407917383822
1125	0.0017211703958691911
67	0.0017211703958691911
146	0.0017211703958691911
908	0.0017211703958691911
1698	0.0017211703958691911
1163	0.0017211703958691911
3040	0.022375215146299483
294	0.0034423407917383822
723	0.0017211703958691911
895	0.0034423407917383822
3005	0.0017211703958691911
177	0.0017211703958691911
1734	0.0017211703958691911
3041	0.027538726333907058
3042	0.025817555938037865
79	0.0017211703958691911
329	0.0017211703958691911
379	0.0017211703958691911
1790	0.0017211703958691911
1096	0.0017211703958691911
176	0.0017211703958691911
559	0.0017211703958691911
613	0.0017211703958691911
731	0.0017211703958691911
708	0.0017211703958691911
874	0.0017211703958691911
2927	0.0017211703958691911
2	0.0017211703958691911
147	0.0017211703958691911
88	0.0034423407917383822
3043	0.04475043029259897
717	0.0017211703958691911
182	0.0017211703958691911
807	0.0017211703958691911
1071	0.0017211703958691911
325	0.0034423407917383822
236	0.0017211703958691911
1049	0.0017211703958691911
3044	0.020654044750430294
2430	0.0017211703958691911
1118	0.0017211703958691911
2755	0.0017211703958691911
2961	0.0017211703958691911
2168	0.0017211703958691911
476	0.0017211703958691911
1012	0.0017211703958691911
2402	0.0034423407917383822
1285	0.0017211703958691911
3045	0.0068846815834767644
3046	0.013769363166953529
184	0.0034423407917383822
2455	0.0017211703958691911
2925	0.0017211703958691911
2182	0.0017211703958691911
2940	0.0017211703958691911
1385	0.0017211703958691911
2936	0.0017211703958691911
2181	0.0017211703958691911
3047	0.034423407917383825
1910	0.0017211703958691911
520	0.0017211703958691911
443	0.0017211703958691911
28	0.0017211703958691911
1581	0.0017211703958691911
442	0.0017211703958691911
161	0.0017211703958691911
1857	0.0017211703958691911
2167	0.0034423407917383822
2456	0.0017211703958691911
3048	0.0051635111876075735
3049	0.0034423407917383822
3050	0.013769363166953529
850	0.0017211703958691911
1522	0.0017211703958691911
3051	0.03270223752151463
3052	0.020654044750430294
696	0.0017211703958691911
670	0.0017211703958691911
1773	0.0017211703958691911
1408	0.0017211703958691911
2621	0.0017211703958691911
1582	0.0017211703958691911
29	0.0017211703958691911
266	0.0017211703958691911
499	0.0017211703958691911
569	0.0017211703958691911
2127	0.0017211703958691911
603	0.0034423407917383822
1299	0.0017211703958691911
431	0.0017211703958691911
1159	0.0034423407917383822
415	0.0017211703958691911
904	0.0017211703958691911
2054	0.0017211703958691911
716	0.0017211703958691911
3053	0.060240963855421686
3054	0.10499139414802065
1838	0.0017211703958691911
2921	0.0017211703958691911
1714	0.0017211703958691911
585	0.0017211703958691911
1242	0.0017211703958691911
305	0.0017211703958691911
958	0.0017211703958691911
961	0.0017211703958691911
682	0.0017211703958691911
1802	0.0017211703958691911
2132	0.0017211703958691911
547	0.0017211703958691911
355	0.0017211703958691911
402	0.0017211703958691911
2971	0.0017211703958691911
2983	0.0017211703958691911
1606	0.0017211703958691911
1122	0.0017211703958691911
1070	0.0017211703958691911
802	0.0017211703958691911
1632	0.0017211703958691911
258	0.0017211703958691911
211	0.0017211703958691911
820	0.0017211703958691911
2959	0.0017211703958691911
1400	0.0017211703958691911
327	0.0017211703958691911
1567	0.0017211703958691911
1328	0.0017211703958691911
2984	0.0017211703958691911
740	0.0017211703958691911
892	0.0017211703958691911
1173	0.0017211703958691911
771	0.0017211703958691911
782	0.0017211703958691911
1509	0.0017211703958691911
2376	0.0017211703958691911
951	0.0017211703958691911
1241	0.0017211703958691911
248	0.0017211703958691911
650	0.0017211703958691911
1063	0.0017211703958691911
133	0.0017211703958691911
417	0.0017211703958691911
284	0.0017211703958691911
2944	0.0017211703958691911
82	0.0017211703958691911
1747	0.0017211703958691911
2087	0.0017211703958691911
700	0.0017211703958691911
1350	0.0017211703958691911
22	0.0017211703958691911
473	0.0017211703958691911
2033	0.0017211703958691911
3055	0.012048192771084338
879	0.0017211703958691911
3056	0.03098106712564544
507	0.0017211703958691911
1820	0.0017211703958691911
2910	0.0017211703958691911
474	0.0017211703958691911
508	0.0017211703958691911
288	0.0017211703958691911
2362	0.0017211703958691911
1219	0.0017211703958691911
117	0.0017211703958691911
159	0.0017211703958691911
1475	0.0017211703958691911
649	0.0017211703958691911
2911	0.0017211703958691911
3057	0.017211703958691912
910	0.0017211703958691911
805	0.0017211703958691911
128	0.0017211703958691911
2736	0.0017211703958691911
1157	0.0017211703958691911
3058	0.020654044750430294
462	0.0017211703958691911
1977	0.0017211703958691911
1702	0.0017211703958691911
900	0.0017211703958691911
249	0.0017211703958691911
487	0.0017211703958691911
2320	0.0017211703958691911
1225	0.0017211703958691911
