1283	3009	0.003436426116838488
3009	368	0.002569187772371734
3009	1247	0.0019138026603741933
3009	1728	0.003436426116838488
3009	3009	0.0
3009	63	0.05432378992274665
3009	2410	0.003436426116838488
3009	317	0.0019138026603741933
3009	1333	0.04375085023451686
3009	1472	0.0019138026603741933
3009	285	0.00579362092619173
3009	1535	0.0019138026603741933
368	3010	0.004025138709054587
1247	3016	0.0036679061044575636
63	3010	0.017980074639764063
63	3012	0.044624158521131066
63	3014	0.02817057439214698
63	3016	0.034111341631677276
63	3018	0.026307620828937055
63	3019	0.03573752007836753
63	3024	0.0419527100216249
63	3027	0.021950455790116483
63	3028	0.039970085929804874
63	3030	0.003960233127428261
63	3035	0.0280502941900504
63	3040	0.01085208950307945
63	3045	0.03383194042739441
63	3048	0.005087271310862578
63	3051	0.0582520640333961
63	3058	0.06294594133019871
317	3016	0.0036679061044575627
1333	3034	0.010119022974568867
1333	3050	0.016865695477048102
1333	3055	0.01349334500495847
1472	3016	0.0036679061044575627
285	3029	0.004687417738728276
1535	3016	0.0036679061044575627
3010	1424	0.0019150849719676154
3010	2185	0.003436426116838488
3010	48	0.0019609151393424674
3010	1222	0.001878295291716027
3010	34	0.0031279865897026757
3010	61	0.003479833373943918
3010	2029	0.003436426116838488
3010	1148	0.001684727061208349
3010	69	0.00916331534510382
3010	1854	0.0019472823287239838
3010	9	0.002963281542175526
3010	2447	0.003436426116838488
3010	112	0.002566611847400848
3010	541	0.003436426116838488
3010	108	0.001831284387892091
3010	1237	0.0043475066350370664
3010	876	0.003436426116838488
3010	2601	0.003436426116838488
1424	3036	0.0020505829968497126
48	3019	0.00391366041594268
48	3036	0.0036154877907575607
48	3038	0.0016025806065550622
48	3052	0.0032715089266169258
1222	3019	0.003055109363963564
1222	3043	0.0020948512039042824
1222	3053	0.0019615895673690304
34	3019	0.005167898751977389
34	3024	0.006153299048927019
34	3027	0.006795512432482071
34	3039	0.006347197480110075
34	3040	0.0026375290349222808
34	3043	0.004716242532349831
61	3011	0.002739894974410374
61	3028	0.005754468828144477
61	3031	0.009715733440729358
61	3038	0.0023688264124062733
1148	3028	0.002048604564816103
69	3016	0.023705709860340967
69	3019	0.012715514970305717
69	3022	0.008704243510740728
69	3024	0.01641743903563054
69	3027	0.023633174163852754
69	3028	0.005688300244410034
69	3036	0.014100200081157189
69	3037	0.02289766387834407
69	3038	0.005622913758016694
69	3053	0.008071516972205178
69	3054	0.033221829558692274
69	3057	0.008290625199093545
1854	3043	0.002053340219612062
9	3024	0.00754745581038419
9	3028	0.0028295521744811157
9	3036	0.004574972087686484
9	3039	0.005770896400527675
9	3043	0.003435348917344458
9	3052	0.006622243809621646
9	3053	0.0038686302530181755
112	3011	0.0025230627429962643
112	3036	0.003225376397390227
112	3039	0.00323493408006564
112	3043	0.002025188423876881
112	3053	0.0023434142319568585
108	3024	0.0027320220622213892
1237	3041	0.0028029421972366893
3011	651	0.0009372765313347391
3011	388	0.0009372765313347391
3011	43	0.0008960916055875803
3011	157	0.0015403252400317728
3011	2303	0.003436426116838488
3011	384	0.0018321882858360926
3011	98	0.0009372765313347391
3011	658	0.0032047227872982137
3011	1377	0.003436426116838488
3011	1834	0.003436426116838488
3011	1918	0.003436426116838488
3011	21	0.014989684675549435
3011	1114	0.003436426116838488
3011	629	0.0018539872229737502
651	3022	0.0011103912041628748
651	3053	0.0021462676122261204
388	3022	0.0011103912041628748
388	3053	0.002146267612226121
43	3028	0.0017840649066868945
43	3038	0.0008413978393811848
43	3053	0.001479118091691927
157	3019	0.0035624458640431994
157	3022	0.0012019416957679944
157	3028	0.0021953747689141536
157	3038	0.0009960574260475389
384	3022	0.0013831973038730856
384	3028	0.0016497462223941726
384	3036	0.0027794976985962253
384	3038	0.0009674555560197021
384	3043	0.0018039640760912606
384	3053	0.0016203079667376434
98	3022	0.0011103912041628746
98	3053	0.002146267612226121
658	3054	0.004170399300127156
21	3012	0.04089947138345323
21	3014	0.025209584347189524
21	3016	0.028413494067565725
21	3019	0.019152206309664247
21	3022	0.012499861049992162
21	3024	0.025649359831417296
21	3030	0.0031168543229761767
21	3038	0.009207606124235476
21	3040	0.007459594089653271
21	3042	0.038413783026976046
21	3043	0.023583618798511525
21	3053	0.027671305955550552
21	3057	0.01103355974275379
21	3058	0.061566604213333
629	3036	0.0030423088973813733
1259	3012	0.01942293385159871
1259	3018	0.014768930276007036
1259	3025	0.029837810738337106
3012	357	0.005935723549004131
3012	70	0.0057741853043841085
3012	2002	0.003436426116838488
3012	1115	0.003436426116838488
3012	106	0.023890364472933256
3012	1123	0.003436426116838488
3012	2625	0.003436426116838488
3012	980	0.003436426116838488
3012	0	0.003436426116838488
3012	244	0.003436426116838488
3012	801	0.003436426116838488
3012	3026	0.03984297425731561
357	3043	0.00609749553493223
70	3041	0.004547627830777716
106	3029	0.012242307189807934
106	3031	0.0051995114369372715
106	3047	0.008856254199472974
106	3056	0.01468986996532966
2587	3013	0.0025421785863257245
2587	3051	0.005499506647899904
3013	75	0.008690489762583738
3013	126	0.003436426116838488
3013	792	0.003436426116838488
75	3029	0.018891103201926197
75	3035	0.011428843525231384
75	3043	0.016263659360255724
3014	3015	0.03737204776206135
3014	2145	0.003436426116838488
3014	975	0.003123272246007656
3014	1533	0.003436426116838488
3014	3008	0.003436426116838488
3014	94	0.008902443180537182
3014	40	0.0063208062703578195
3015	976	0.003436426116838488
3015	2916	0.003436426116838488
3015	2662	0.003436426116838488
3015	1143	0.009525127326376543
3015	454	0.003436426116838488
3015	975	0.00031315387083082275
3015	3007	0.003436426116838488
3015	477	0.003436426116838488
3015	2969	0.003436426116838488
3015	2144	0.003436426116838488
3015	625	0.003436426116838488
3015	1021	0.003436426116838488
3015	1050	0.003436426116838488
3015	263	0.005546429515501696
3015	2367	0.003436426116838488
3015	814	0.003436426116838488
94	3018	0.012681102450210285
94	3031	0.0030159096773560027
94	3032	0.002105821020738399
94	3047	0.014178159225798272
1143	3024	0.012185449518433911
40	3029	0.005063032695626315
40	3037	0.003927075059986765
263	3033	0.004855216341367117
3016	1617	0.003436426116838488
3016	2079	0.003436426116838488
3016	444	0.003436426116838488
3016	2451	0.003436426116838488
3016	1958	0.003436426116838488
3016	380	0.003436426116838488
3016	1759	0.003436426116838488
3016	492	0.003436426116838488
3016	1023	0.003436426116838488
3016	142	0.003436426116838488
3016	344	0.003436426116838488
3016	19	0.00800422996775066
3016	189	0.013463313337492486
3016	2102	0.003436426116838488
3016	93	0.003436426116838488
3016	2113	0.003436426116838488
3016	998	0.003436426116838488
3016	1127	0.003436426116838488
3016	3016	0.0
3016	568	0.003436426116838488
3016	604	0.003436426116838488
3016	2988	0.003436426116838488
3016	2590	0.003436426116838488
3016	964	0.003436426116838488
3016	7	0.0031950914250035325
3016	2298	0.003436426116838488
3016	606	0.003436426116838488
3016	605	0.003436426116838488
3016	2078	0.003436426116838488
19	3029	0.005960953887531517
189	3019	0.008849329579781273
189	3024	0.00895568761168505
189	3030	0.0019499753949134666
189	3039	0.00947862950944405
189	3040	0.004891439197398685
189	3054	0.018857596360248197
189	3057	0.0038754844601775846
7	3022	0.0017047956881858055
7	3038	0.0016288060052098857
3017	796	0.0006931998982675761
3017	749	0.0006931998982675761
3017	1379	0.0006931998982675761
3017	4	0.0006931998982675761
3017	513	0.0006931998982675761
796	3034	0.0013664870577055092
796	3050	0.0013846253940651841
796	3055	0.0013765420050353286
749	3034	0.0013664870577055092
749	3050	0.0013846253940651841
749	3055	0.0013765420050353286
1379	3034	0.0013664870577055092
1379	3050	0.0013846253940651841
1379	3055	0.0013765420050353286
4	3034	0.0013664870577055092
4	3050	0.0013846253940651841
4	3055	0.0013765420050353286
513	3034	0.0013664870577055092
513	3050	0.0013846253940651841
513	3055	0.0013765420050353286
3018	292	0.0035642718399039436
3018	1485	0.0021415066342214384
3018	252	0.005655477763365758
3018	592	0.003436426116838488
3018	400	0.0021415066342214384
3018	909	0.00632499530819295
3018	338	0.003436426116838488
3018	341	0.003436426116838488
3018	38	0.006324995308192949
292	3031	0.002400544013346558
1485	3035	0.0028513173491405562
252	3021	0.008613095173360752
252	3035	0.007114905092139159
400	3035	0.0028513173491405562
909	3021	0.004460188504005146
38	3021	0.004460188504005146
3019	392	0.0031421661777573336
3019	282	0.010126554054394074
3019	2092	0.003436426116838488
3019	322	0.026094404308266695
3019	2072	0.003436426116838488
3019	2419	0.003436426116838488
3019	283	0.003436426116838488
3019	1031	0.003436426116838488
3019	119	0.0033930733084519766
3019	16	0.003436426116838488
3019	95	0.003774584837199879
3019	2205	0.003436426116838488
3019	173	0.010126554054394072
3019	762	0.003436426116838488
3019	889	0.003436426116838488
3019	330	0.003774584837199879
3019	391	0.003436426116838488
3019	1445	0.003436426116838488
392	3024	0.003206375934524786
392	3041	0.0024304098727435746
282	3020	0.0077563155677665835
322	3020	0.010087713115802008
322	3033	0.01950730393393091
119	3022	0.0014734087545962057
119	3036	0.002836569730761049
119	3053	0.001790517905103721
95	3041	0.0017760370026308654
173	3020	0.0077563155677665835
330	3041	0.0017760370026308654
3020	566	0.003436426116838488
3020	2031	0.003436426116838488
3020	264	0.003436426116838488
3020	2028	0.003436426116838488
3020	1783	0.014427932926406832
3020	1120	0.003436426116838488
3020	25	0.008186811650059972
3020	1276	0.016348400410312273
3020	306	0.005766996215330724
3020	2932	0.003436426116838488
3020	2131	0.003436426116838488
3020	1584	0.003436426116838488
3020	92	0.003436426116838488
3020	1345	0.003436426116838488
3020	809	0.003436426116838488
3020	562	0.005660055078296244
3020	6	0.003436426116838488
3020	1972	0.003436426116838488
3020	1448	0.003436426116838488
3020	31	0.003436426116838488
3020	1073	0.003436426116838488
3020	1620	0.003436426116838488
1783	3024	0.016729124644018472
25	3033	0.009576410605290566
25	3037	0.010419738041378204
25	3047	0.010069913732354642
1276	3053	0.018524935969529546
306	3056	0.004584953490365616
562	3029	0.005948064104168299
3021	667	0.003436426116838488
3021	1670	0.003436426116838488
3021	532	0.003436426116838488
3021	1277	0.003436426116838488
3021	928	0.003436426116838488
3021	1254	0.003436426116838488
3021	872	0.003436426116838488
3021	576	0.003436426116838488
3021	279	0.003436426116838488
3021	1206	0.003436426116838488
3021	509	0.005027054392543231
3021	542	0.003436426116838488
3021	687	0.003436426116838488
3021	1949	0.003436426116838488
3021	496	0.005027054392543231
3021	2408	0.003436426116838488
3021	514	0.003436426116838488
3021	985	0.003436426116838488
3021	1176	0.003436426116838488
3021	705	0.003436426116838488
3021	278	0.003436426116838488
3021	268	0.003436426116838488
3021	858	0.003436426116838488
3021	2030	0.003436426116838488
3021	1446	0.003436426116838488
3021	2067	0.003436426116838488
3021	510	0.003436426116838488
3021	151	0.003436426116838488
3021	1938	0.003436426116838488
3021	1091	0.003436426116838488
3021	2110	0.003436426116838488
3021	1169	0.003436426116838488
3021	947	0.003436426116838488
3021	274	0.00502705439254323
3021	169	0.003436426116838488
3021	704	0.003436426116838488
3021	701	0.003436426116838488
3021	587	0.005027054392543231
3021	277	0.003436426116838488
3021	1196	0.003436426116838488
3021	1543	0.003436426116838488
3021	707	0.0005110257709169067
3021	857	0.003436426116838488
3021	42	0.003436426116838488
3021	3058	0.09508738955873827
509	3035	0.007451268074439368
496	3035	0.007451268074439368
274	3035	0.007451268074439375
587	3035	0.007451268074439376
707	3058	0.002925400345921581
3022	2949	0.003436426116838488
3022	134	0.0015117216803460026
3022	2598	0.003436426116838488
3022	1526	0.003436426116838488
3022	494	0.0009443473308290372
3022	617	0.0017684970900050886
3022	201	0.0021778461065103502
3022	1359	0.003436426116838488
3022	1155	0.003436426116838488
3022	1503	0.0016877839551112973
134	3028	0.0020424936167425032
134	3038	0.0010528604085151196
134	3052	0.003301511201859033
134	3053	0.0022126491222554346
494	3038	0.0009048162456304856
494	3043	0.0016788573904666735
494	3053	0.0014839732817588755
617	3036	0.0025514349798995127
201	3028	0.002257584807977318
201	3036	0.0033196768578843917
201	3039	0.003719224294545705
201	3043	0.0023038651709124335
201	3048	0.0014500522645903705
201	3049	0.0015285955395696969
201	3053	0.0025583875202769253
1503	3038	0.0018393275556875172
3023	3024	0.07840769850957398
3023	797	0.003436426116838488
3023	2995	0.003436426116838488
3023	1826	0.003436426116838488
3023	861	0.003436426116838488
3023	68	0.003436426116838488
3023	2987	0.003436426116838488
3023	602	0.003436426116838488
3023	546	0.01491400956075306
3023	921	0.003436426116838488
3023	1564	0.004546627687347352
3023	1476	0.003436426116838488
3023	262	0.003436426116838488
3023	396	0.006468668771126132
3023	326	0.006468668771126132
3023	647	0.003436426116838488
3023	414	0.003436426116838488
3023	1985	0.003436426116838488
3023	1694	0.003436426116838488
3023	218	0.003436426116838488
3023	238	0.003436426116838488
3023	320	0.00888263830845678
3023	1572	0.003436426116838488
3023	1426	0.006468668771126134
3023	1423	0.003436426116838488
3023	521	0.003436426116838488
3023	2044	0.003436426116838488
3023	2196	0.003436426116838488
3023	1781	0.003436426116838488
3023	1381	0.00888263830845678
3023	340	0.003436426116838488
3023	812	0.003436426116838488
3023	1300	0.003436426116838488
3023	863	0.003436426116838488
3023	1124	0.00859413726545739
3023	107	0.003436426116838488
3024	366	0.005179346437755806
3024	451	0.003436426116838488
3024	434	0.003436426116838488
3024	1893	0.003436426116838488
3024	199	0.003436426116838488
3024	999	0.003436426116838488
3024	123	0.00387246067063389
3024	50	0.003436426116838488
546	3033	0.01336167624838992
1564	3041	0.003550731241319143
366	3028	0.0024051833731820625
366	3036	0.003664175676493315
366	3040	0.0023595449791950322
366	3043	0.0029369441255584212
366	3052	0.004464706493947992
396	3054	0.00798910636694032
326	3054	0.00798910636694032
320	3044	0.005847330086168266
1426	3054	0.007989106366940318
123	3041	0.0015623311679952784
1381	3044	0.005847330086168266
1124	3041	0.009406673861578107
1124	3054	0.014007463548152885
3025	3026	0.01749733248551576
3025	784	0.003436426116838488
3025	1208	0.003436426116838488
3025	2974	0.003436426116838488
3025	1563	0.003436426116838488
3025	2050	0.003436426116838488
3025	62	0.003436426116838488
3025	1452	0.003436426116838488
3025	436	0.003436426116838488
3025	1281	0.003436426116838488
3025	2979	0.003436426116838488
3025	1841	0.003436426116838488
3025	552	0.003436426116838488
3025	1435	0.003436426116838488
3026	1486	0.003436426116838488
3026	2768	0.003436426116838488
3026	1217	0.003436426116838488
3026	1376	0.003436426116838488
3026	2128	0.003436426116838488
3026	1488	0.003436426116838488
3027	1183	0.003436426116838488
3027	1182	0.003436426116838488
3027	818	0.001874813821991638
3027	1625	0.015374488400895288
3027	1529	0.003436426116838488
3027	406	0.015374488400895288
3027	2909	0.005499089837873615
3027	2570	0.003436426116838488
818	3040	0.0022578202826385057
1625	3047	0.0036014254985792865
1625	3056	0.010177063520509929
406	3047	0.0036014254985792865
406	3056	0.010177063520509929
2909	3047	0.003820348190716331
3028	1139	0.003436426116838488
3028	446	0.0019758068860130725
3028	231	0.002305416279386281
3028	113	0.0013364150127255176
3028	822	0.0019758068860130725
3028	299	0.0020052612953642525
3028	2521	0.0020967344054923292
3028	2374	0.003436426116838488
3028	691	0.0019758068860130725
3028	1684	0.0014757256141596303
3028	730	0.0016789536301033516
3028	1113	0.003436426116838488
3028	401	0.003436426116838488
3028	1248	0.003436426116838488
3028	3054	0.027633637062075486
446	3053	0.0017545401000525363
231	3038	0.001283017049263432
113	3036	0.001722534373912249
113	3038	0.0009399837339493241
113	3053	0.0014482958245419712
822	3053	0.0017545401000525363
299	3053	0.0017376698844476126
299	3057	0.0012482128229773719
2521	3043	0.0017540550543320096
691	3053	0.0017545401000525363
1684	3036	0.0016048125966415109
1684	3053	0.0015926635850385493
730	3043	0.0014241005096341276
730	3053	0.0014307484005250891
3029	376	0.003436426116838488
3029	2728	0.003436426116838488
3029	1484	0.003436426116838488
3029	1878	0.003436426116838488
3029	253	0.003436426116838488
3029	635	0.003436426116838488
3029	582	0.003436426116838488
3029	138	0.003436426116838488
3029	984	0.003436426116838488
3030	1286	0.003436426116838488
3030	3030	0.0
3031	3032	0.0010267615640506297
3031	101	0.004719768112342071
3031	2412	0.002713697522218886
3031	654	0.003436426116838488
3031	1612	0.003436426116838488
3032	2412	0.0007227285946196031
3032	101	0.001563493580236506
101	3033	0.01091534653373332
101	3042	0.010115208278844498
101	3047	0.006624986528956337
3033	1810	0.003436426116838488
3033	905	0.003436426116838488
3033	968	0.003436426116838488
3033	1877	0.003436426116838488
3033	855	0.003436426116838488
3033	1749	0.010659344087643404
3033	1545	0.003436426116838488
3033	1550	0.003436426116838488
3033	644	0.003436426116838488
3033	511	0.004119226664502608
3033	261	0.003436426116838488
3033	758	0.003436426116838488
3033	2452	0.003436426116838488
3033	972	0.003436426116838488
3033	2162	0.003436426116838488
3033	1724	0.003436426116838488
1749	3042	0.0073211997485002935
1749	3052	0.009129581861082295
511	3047	0.004591440555172772
3035	3036	0.034490082306637505
3035	1270	0.003436426116838488
3035	2948	0.003436426116838488
3035	564	0.003436426116838488
3035	1230	0.003436426116838488
3035	859	0.005872633931089893
3035	2138	0.003436426116838488
3035	1099	0.003436426116838488
3036	180	0.003436426116838488
3036	2337	0.003436426116838488
3036	2161	0.003436426116838488
3036	426	0.001853611977531524
3036	481	0.00194489827185325
3036	81	0.00199614181701592
3036	502	0.003436426116838488
3036	952	0.00194489827185325
3036	23	0.001987277665686173
3036	1844	0.003436426116838488
3036	215	0.0023662353728094686
3036	548	0.0019872776656861724
3036	2972	0.003436426116838488
3036	1110	0.00199614181701592
3036	519	0.003436426116838488
3036	403	0.003436426116838488
3036	1447	0.003436426116838488
3036	1207	0.003436426116838488
3036	179	0.002676929235261779
3036	981	0.003436426116838488
3036	3051	0.01904232475535393
3036	3054	0.026583512082090612
426	3038	0.0010240077230191426
426	3043	0.0013385154442037061
426	3053	0.0014903580456634498
481	3043	0.0018514081705598108
81	3053	0.0020730327634153663
952	3043	0.0018514081705598108
23	3038	0.0010913924025634663
23	3053	0.001612524449659791
215	3040	0.002034220295820514
548	3038	0.0010913924025634663
548	3053	0.001612524449659791
1110	3053	0.0020730327634153668
859	3037	0.0051192727849035
179	3039	0.0017856551915693118
179	3043	0.0020385431171720783
3037	335	0.003436426116838488
3037	1407	0.003436426116838488
3037	2465	0.003436426116838488
3037	102	0.003436426116838488
3037	109	0.003436426116838488
3037	166	0.003436426116838488
3038	2133	0.003436426116838488
3038	686	0.003436426116838488
3038	2226	0.001504530935331202
2226	3043	0.002198221317229991
1399	3039	0.00311786224835772
1399	3041	0.002995409248452183
3039	1347	0.003436426116838488
3039	601	0.0016562146898529454
3039	1125	0.003436426116838488
3039	67	0.003436426116838488
3039	146	0.003436426116838488
3039	908	0.003436426116838488
3039	1698	0.003436426116838488
3039	1163	0.003436426116838488
601	3057	0.002399047224724519
3040	294	0.0030614572268396634
3040	723	0.003436426116838488
3040	895	0.0030614572268396634
3040	3005	0.003436426116838488
3040	177	0.003436426116838488
3040	1734	0.003436426116838488
294	3042	0.0017854833187286592
895	3042	0.0017854833187286592
3041	3042	0.015587392024727658
3041	79	0.003436426116838488
3041	1790	0.003436426116838488
3041	731	0.003436426116838488
3041	708	0.003436426116838488
3041	874	0.003436426116838488
3041	2	0.003436426116838488
3042	329	0.003436426116838488
3042	379	0.003436426116838488
3042	1096	0.003436426116838488
3042	176	0.003436426116838488
3042	559	0.003436426116838488
3042	613	0.003436426116838488
3042	2927	0.003436426116838488
3042	147	0.003436426116838488
3042	88	0.005291232755844069
88	3047	0.0037919124630334034
3043	717	0.003436426116838488
3043	182	0.003436426116838488
3043	807	0.003436426116838488
3043	1071	0.003436426116838488
3043	325	0.0018528041261346166
3043	236	0.003436426116838488
3043	3054	0.023810541133385047
325	3053	0.001972714201914985
1049	3044	0.003436426116838488
3044	2430	0.003436426116838488
3044	1118	0.003436426116838488
3044	2755	0.003436426116838488
3044	2961	0.003436426116838488
3044	2168	0.003436426116838488
3044	476	0.003436426116838488
3044	1012	0.003436426116838488
3044	2402	0.02309290327989509
3044	1285	0.003436426116838488
2402	3051	0.025991488292503046
3045	3046	0.0237651637477746
3045	2182	0.003436426116838488
3045	184	0.003395023392539229
3046	184	4.140272429925889e-05
3046	2455	0.003436426116838488
3046	2925	0.003436426116838488
3046	2940	0.003436426116838488
3046	1385	0.003436426116838488
3046	2936	0.003436426116838488
3046	2181	0.003436426116838488
3047	1910	0.003436426116838488
3047	520	0.003436426116838488
3047	443	0.003436426116838488
3047	28	0.003436426116838488
3047	1581	0.003436426116838488
3047	442	0.003436426116838488
3047	161	0.003436426116838488
3047	1857	0.003436426116838488
3047	2167	0.006969279799276322
3047	2456	0.003436426116838488
3047	3056	0.011195258171297193
2167	3052	0.00796641454732046
3048	3049	0.0019078305772687906
3050	850	0.003436426116838488
3050	1522	0.003436426116838488
3051	3052	0.01603128158710659
3051	696	0.003436426116838488
3051	670	0.003436426116838488
3051	1408	0.003436426116838488
3051	2621	0.003436426116838488
3051	29	0.003436426116838488
3051	266	0.003436426116838488
3051	499	0.003436426116838488
3051	2127	0.003436426116838488
3051	603	0.0038779103255120926
3051	1299	0.003436426116838488
3051	431	0.003436426116838488
3051	1159	0.0038779103255120926
3051	415	0.003436426116838488
3051	2054	0.003436426116838488
3052	1773	0.003436426116838488
3052	1582	0.003436426116838488
3052	569	0.003436426116838488
3052	904	0.003436426116838488
3052	716	0.003436426116838488
603	3054	0.004057350295927447
1159	3054	0.004057350295927447
3053	3054	0.024287666300893726
3053	1714	0.003436426116838488
3053	211	0.003436426116838488
3053	327	0.003436426116838488
3053	1567	0.003436426116838488
3053	2984	0.003436426116838488
3053	2376	0.003436426116838488
3054	1838	0.003436426116838488
3054	2921	0.003436426116838488
3054	585	0.003436426116838488
3054	1242	0.003436426116838488
3054	305	0.003436426116838488
3054	958	0.003436426116838488
3054	961	0.003436426116838488
3054	682	0.003436426116838488
3054	1802	0.003436426116838488
3054	2132	0.003436426116838488
3054	547	0.003436426116838488
3054	355	0.003436426116838488
3054	402	0.003436426116838488
3054	2971	0.003436426116838488
3054	2983	0.003436426116838488
3054	1606	0.003436426116838488
3054	1122	0.003436426116838488
3054	1070	0.003436426116838488
3054	802	0.003436426116838488
3054	1632	0.003436426116838488
3054	258	0.003436426116838488
3054	820	0.003436426116838488
3054	2959	0.003436426116838488
3054	1400	0.003436426116838488
3054	1328	0.003436426116838488
3054	740	0.003436426116838488
3054	892	0.003436426116838488
3054	1173	0.003436426116838488
3054	771	0.003436426116838488
3054	782	0.003436426116838488
3054	1509	0.003436426116838488
3054	951	0.003436426116838488
3054	1241	0.003436426116838488
3054	248	0.003436426116838488
3054	650	0.003436426116838488
3054	1063	0.003436426116838488
3054	133	0.003436426116838488
3054	417	0.003436426116838488
3054	284	0.003436426116838488
3054	2944	0.003436426116838488
3054	82	0.003436426116838488
3054	1747	0.003436426116838488
3054	2087	0.003436426116838488
3054	700	0.003436426116838488
3054	1350	0.003436426116838488
3054	22	0.003436426116838488
3054	473	0.003436426116838488
3054	2033	0.003436426116838488
3055	879	0.003436426116838488
3056	507	0.003436426116838488
3056	1820	0.003436426116838488
3056	2910	0.003436426116838488
3056	474	0.003436426116838488
3056	508	0.003436426116838488
3056	288	0.003436426116838488
3056	2362	0.003436426116838488
3056	1219	0.003436426116838488
3056	117	0.003436426116838488
3056	159	0.003436426116838488
3056	1475	0.003436426116838488
3056	649	0.003436426116838488
3056	2911	0.003436426116838488
3057	910	0.003436426116838488
3057	805	0.003436426116838488
3057	128	0.003436426116838488
3057	2736	0.003436426116838488
3057	1157	0.003436426116838488
3058	462	0.003436426116838488
3058	1977	0.003436426116838488
3058	1702	0.003436426116838488
3058	900	0.003436426116838488
3058	249	0.003436426116838488
3058	487	0.003436426116838488
3058	2320	0.003436426116838488
3058	1225	0.003436426116838488
