1023	0.003738317757009346
3059	0.003738317757009346
418	0.001869158878504673
3060	0.011214953271028038
3061	0.016822429906542057
21	0.05046728971962617
625	0.003738317757009346
1193	0.003738317757009346
1045	0.003738317757009346
63	0.016822429906542057
189	0.020560747663551402
1286	0.003738317757009346
2059	0.001869158878504673
3062	0.011214953271028038
787	0.001869158878504673
2838	0.001869158878504673
1393	0.001869158878504673
2186	0.001869158878504673
2655	0.001869158878504673
924	0.001869158878504673
402	0.003738317757009346
3063	0.028037383177570093
481	0.003738317757009346
394	0.001869158878504673
99	0.003738317757009346
2465	0.001869158878504673
111	0.003738317757009346
86	0.003738317757009346
2153	0.001869158878504673
224	0.003738317757009346
275	0.001869158878504673
69	0.013084112149532711
447	0.005607476635514019
585	0.003738317757009346
1548	0.003738317757009346
3064	0.03177570093457944
3065	0.041121495327102804
230	0.001869158878504673
820	0.005607476635514019
1075	0.001869158878504673
647	0.001869158878504673
645	0.001869158878504673
550	0.001869158878504673
9	0.009345794392523366
3005	0.005607476635514019
1399	0.001869158878504673
1202	0.001869158878504673
235	0.001869158878504673
366	0.005607476635514019
425	0.003738317757009346
2957	0.001869158878504673
3010	0.001869158878504673
67	0.003738317757009346
876	0.001869158878504673
1147	0.001869158878504673
1729	0.001869158878504673
988	0.001869158878504673
1743	0.001869158878504673
810	0.003738317757009346
1381	0.001869158878504673
2008	0.001869158878504673
1157	0.001869158878504673
2389	0.001869158878504673
48	0.007476635514018692
1985	0.003738317757009346
1037	0.001869158878504673
1460	0.001869158878504673
1260	0.001869158878504673
853	0.001869158878504673
128	0.003738317757009346
340	0.003738317757009346
3066	0.029906542056074768
357	0.003738317757009346
2253	0.001869158878504673
2296	0.001869158878504673
2845	0.001869158878504673
974	0.001869158878504673
109	0.003738317757009346
663	0.001869158878504673
400	0.009345794392523366
1705	0.001869158878504673
1593	0.001869158878504673
269	0.001869158878504673
2564	0.001869158878504673
1115	0.003738317757009346
553	0.003738317757009346
70	0.003738317757009346
3067	0.07102803738317758
822	0.003738317757009346
201	0.003738317757009346
2137	0.001869158878504673
294	0.001869158878504673
388	0.005607476635514019
403	0.003738317757009346
338	0.003738317757009346
2447	0.003738317757009346
34	0.003738317757009346
494	0.003738317757009346
601	0.003738317757009346
112	0.009345794392523366
2	0.003738317757009346
446	0.007476635514018692
1142	0.001869158878504673
384	0.007476635514018692
730	0.003738317757009346
617	0.003738317757009346
3054	0.001869158878504673
1586	0.001869158878504673
7	0.001869158878504673
1854	0.001869158878504673
691	0.005607476635514019
629	0.005607476635514019
983	0.003738317757009346
98	0.001869158878504673
61	0.011214953271028038
119	0.003738317757009346
113	0.007476635514018692
426	0.003738317757009346
1684	0.001869158878504673
3068	0.026168224299065422
3069	0.03551401869158879
2128	0.001869158878504673
1944	0.001869158878504673
1365	0.001869158878504673
722	0.001869158878504673
1063	0.003738317757009346
1238	0.001869158878504673
176	0.001869158878504673
53	0.003738317757009346
764	0.003738317757009346
1840	0.007476635514018692
862	0.003738317757009346
88	0.003738317757009346
893	0.003738317757009346
3033	0.001869158878504673
464	0.001869158878504673
94	0.022429906542056077
1259	0.003738317757009346
649	0.005607476635514019
1468	0.001869158878504673
1327	0.003738317757009346
557	0.005607476635514019
1376	0.001869158878504673
1644	0.001869158878504673
595	0.003738317757009346
371	0.001869158878504673
1486	0.001869158878504673
75	0.003738317757009346
939	0.005607476635514019
3070	0.026168224299065422
3071	0.03925233644859813
1123	0.001869158878504673
1355	0.001869158878504673
1230	0.001869158878504673
2990	0.003738317757009346
1753	0.003738317757009346
1405	0.001869158878504673
87	0.001869158878504673
335	0.003738317757009346
2383	0.001869158878504673
858	0.001869158878504673
1270	0.001869158878504673
875	0.001869158878504673
1149	0.001869158878504673
106	0.022429906542056077
486	0.001869158878504673
1806	0.001869158878504673
169	0.001869158878504673
2396	0.003738317757009346
3072	0.03177570093457944
3073	0.05046728971962617
5	0.001869158878504673
134	0.003738317757009346
1576	0.001869158878504673
2972	0.003738317757009346
2788	0.001869158878504673
217	0.001869158878504673
197	0.001869158878504673
2082	0.001869158878504673
849	0.003738317757009346
1834	0.005607476635514019
693	0.001869158878504673
548	0.001869158878504673
559	0.001869158878504673
33	0.003738317757009346
1114	0.001869158878504673
1377	0.001869158878504673
1611	0.001869158878504673
658	0.005607476635514019
389	0.001869158878504673
1864	0.001869158878504673
157	0.001869158878504673
651	0.001869158878504673
2132	0.001869158878504673
3074	0.014953271028037384
2162	0.001869158878504673
1363	0.001869158878504673
1307	0.001869158878504673
1	0.001869158878504673
1488	0.001869158878504673
3075	0.020560747663551402
3076	0.016822429906542057
1816	0.003738317757009346
101	0.005607476635514019
138	0.003738317757009346
6	0.001869158878504673
583	0.001869158878504673
2381	0.003738317757009346
137	0.005607476635514019
680	0.001869158878504673
40	0.020560747663551402
628	0.001869158878504673
3077	0.020560747663551402
3078	0.03551401869158879
3001	0.001869158878504673
406	0.005607476635514019
16	0.001869158878504673
1897	0.001869158878504673
2943	0.001869158878504673
684	0.003738317757009346
191	0.001869158878504673
1080	0.001869158878504673
265	0.001869158878504673
723	0.001869158878504673
2909	0.001869158878504673
17	0.003738317757009346
2558	0.003738317757009346
2927	0.001869158878504673
255	0.001869158878504673
1048	0.001869158878504673
25	0.005607476635514019
196	0.001869158878504673
379	0.003738317757009346
3079	0.013084112149532711
1803	0.001869158878504673
999	0.003738317757009346
126	0.001869158878504673
2058	0.001869158878504673
3080	0.020560747663551402
1545	0.001869158878504673
990	0.001869158878504673
322	0.003738317757009346
386	0.003738317757009346
1224	0.001869158878504673
3081	0.007476635514018692
3082	0.0691588785046729
1328	0.001869158878504673
1242	0.001869158878504673
1606	0.001869158878504673
480	0.001869158878504673
1830	0.001869158878504673
1159	0.001869158878504673
2108	0.001869158878504673
3036	0.001869158878504673
1555	0.001869158878504673
396	0.001869158878504673
1859	0.001869158878504673
260	0.001869158878504673
682	0.001869158878504673
226	0.001869158878504673
1103	0.001869158878504673
326	0.001869158878504673
1853	0.003738317757009346
1124	0.001869158878504673
753	0.001869158878504673
395	0.003738317757009346
3083	0.022429906542056077
123	0.001869158878504673
1029	0.001869158878504673
2518	0.001869158878504673
282	0.005607476635514019
685	0.001869158878504673
416	0.001869158878504673
2423	0.001869158878504673
575	0.003738317757009346
3084	0.102803738317757
3085	0.029906542056074768
1948	0.001869158878504673
1098	0.001869158878504673
2083	0.001869158878504673
231	0.001869158878504673
792	0.003738317757009346
3023	0.001869158878504673
1084	0.003738317757009346
1476	0.001869158878504673
797	0.001869158878504673
2217	0.001869158878504673
1789	0.001869158878504673
1760	0.001869158878504673
921	0.001869158878504673
836	0.001869158878504673
72	0.001869158878504673
3019	0.001869158878504673
1429	0.001869158878504673
2987	0.001869158878504673
352	0.001869158878504673
1366	0.001869158878504673
861	0.001869158878504673
1148	0.003738317757009346
2115	0.001869158878504673
2295	0.001869158878504673
677	0.001869158878504673
2081	0.001869158878504673
2660	0.003738317757009346
885	0.001869158878504673
2964	0.001869158878504673
1630	0.001869158878504673
2196	0.003738317757009346
149	0.001869158878504673
2235	0.001869158878504673
2205	0.003738317757009346
2428	0.001869158878504673
812	0.001869158878504673
854	0.001869158878504673
757	0.001869158878504673
2517	0.001869158878504673
2679	0.001869158878504673
1324	0.001869158878504673
296	0.001869158878504673
1781	0.001869158878504673
2503	0.001869158878504673
1010	0.001869158878504673
2991	0.001869158878504673
1694	0.001869158878504673
1319	0.001869158878504673
889	0.001869158878504673
254	0.001869158878504673
716	0.007476635514018692
262	0.001869158878504673
2072	0.001869158878504673
2403	0.001869158878504673
1382	0.001869158878504673
108	0.001869158878504673
1826	0.001869158878504673
35	0.001869158878504673
1581	0.005607476635514019
381	0.001869158878504673
3086	0.029906542056074768
2033	0.001869158878504673
1867	0.001869158878504673
1719	0.001869158878504673
566	0.001869158878504673
657	0.003738317757009346
173	0.001869158878504673
562	0.001869158878504673
3087	0.07476635514018692
1424	0.001869158878504673
1359	0.001869158878504673
299	0.005607476635514019
1562	0.001869158878504673
519	0.001869158878504673
1425	0.001869158878504673
502	0.001869158878504673
327	0.001869158878504673
43	0.001869158878504673
717	0.001869158878504673
1990	0.001869158878504673
2921	0.001869158878504673
23	0.001869158878504673
2984	0.001869158878504673
460	0.001869158878504673
1798	0.001869158878504673
325	0.001869158878504673
1207	0.001869158878504673
3088	0.020560747663551402
686	0.001869158878504673
146	0.001869158878504673
2029	0.003738317757009346
232	0.003738317757009346
1139	0.001869158878504673
3089	0.014953271028037384
3090	0.020560747663551402
1385	0.001869158878504673
184	0.003738317757009346
3045	0.001869158878504673
1053	0.001869158878504673
2182	0.003738317757009346
2455	0.001869158878504673
2925	0.001869158878504673
3046	0.003738317757009346
1386	0.001869158878504673
2940	0.001869158878504673
2936	0.001869158878504673
183	0.001869158878504673
610	0.005607476635514019
3091	0.022429906542056077
1005	0.005607476635514019
252	0.001869158878504673
746	0.005607476635514019
2097	0.005607476635514019
687	0.001869158878504673
3092	0.013084112149532711
2234	0.001869158878504673
2023	0.001869158878504673
676	0.003738317757009346
2700	0.001869158878504673
3093	0.020560747663551402
3094	0.04485981308411215
452	0.001869158878504673
2266	0.001869158878504673
2591	0.001869158878504673
370	0.001869158878504673
285	0.003738317757009346
1276	0.001869158878504673
546	0.001869158878504673
315	0.001869158878504673
237	0.001869158878504673
490	0.001869158878504673
908	0.001869158878504673
976	0.001869158878504673
950	0.001869158878504673
192	0.001869158878504673
814	0.001869158878504673
442	0.001869158878504673
2274	0.001869158878504673
980	0.005607476635514019
1213	0.001869158878504673
1910	0.001869158878504673
380	0.001869158878504673
3095	0.016822429906542057
3096	0.014953271028037384
1129	0.001869158878504673
1744	0.001869158878504673
2415	0.001869158878504673
1343	0.001869158878504673
805	0.001869158878504673
127	0.001869158878504673
882	0.001869158878504673
569	0.001869158878504673
3097	0.022429906542056077
907	0.001869158878504673
759	0.001869158878504673
179	0.001869158878504673
3098	0.04299065420560748
2022	0.001869158878504673
510	0.001869158878504673
0	0.001869158878504673
1358	0.001869158878504673
1431	0.001869158878504673
678	0.001869158878504673
272	0.001869158878504673
274	0.001869158878504673
946	0.001869158878504673
1357	0.001869158878504673
903	0.001869158878504673
556	0.001869158878504673
162	0.001869158878504673
2320	0.001869158878504673
3099	0.022429906542056077
3100	0.06168224299065421
600	0.001869158878504673
1930	0.001869158878504673
1006	0.001869158878504673
1749	0.001869158878504673
2468	0.001869158878504673
1584	0.001869158878504673
957	0.001869158878504673
1391	0.001869158878504673
2158	0.001869158878504673
2932	0.001869158878504673
476	0.001869158878504673
811	0.001869158878504673
582	0.001869158878504673
489	0.001869158878504673
2080	0.001869158878504673
305	0.001869158878504673
150	0.001869158878504673
206	0.001869158878504673
821	0.003738317757009346
2582	0.001869158878504673
2166	0.001869158878504673
1426	0.001869158878504673
1170	0.001869158878504673
508	0.003738317757009346
1783	0.001869158878504673
1941	0.001869158878504673
468	0.001869158878504673
2609	0.001869158878504673
132	0.001869158878504673
3101	0.026168224299065422
661	0.001869158878504673
1702	0.001869158878504673
2752	0.001869158878504673
667	0.001869158878504673
1271	0.001869158878504673
249	0.001869158878504673
766	0.001869158878504673
1416	0.001869158878504673
3021	0.001869158878504673
463	0.001869158878504673
3102	0.022429906542056077
3103	0.016822429906542057
2191	0.001869158878504673
1625	0.001869158878504673
2547	0.001869158878504673
1782	0.001869158878504673
2156	0.001869158878504673
3104	0.029906542056074768
936	0.001869158878504673
309	0.001869158878504673
541	0.001869158878504673
19	0.001869158878504673
1367	0.001869158878504673
3105	0.016822429906542057
3106	0.03551401869158879
2349	0.001869158878504673
563	0.001869158878504673
1283	0.001869158878504673
564	0.001869158878504673
2292	0.001869158878504673
607	0.001869158878504673
2019	0.001869158878504673
1499	0.001869158878504673
606	0.001869158878504673
699	0.001869158878504673
2643	0.001869158878504673
142	0.001869158878504673
286	0.001869158878504673
1617	0.001869158878504673
2988	0.001869158878504673
423	0.001869158878504673
1673	0.001869158878504673
931	0.001869158878504673
3107	0.022429906542056077
505	0.001869158878504673
552	0.001869158878504673
292	0.001869158878504673
2486	0.001869158878504673
151	0.001869158878504673
467	0.001869158878504673
1062	0.001869158878504673
2979	0.001869158878504673
3108	0.009345794392523366
2746	0.001869158878504673
1296	0.001869158878504673
2596	0.001869158878504673
