1615	0.0
2909	0.008409265644740167
1774	5.2698085065024065e-05
685	9.386554196067502e-05
2385	0.002160536478519306
1549	0.0
1290	0.0
1170	0.0005637005741612058
2028	0.0009301392402463227
724	0.0016364488408613597
2379	2.449237907481984e-05
1105	0.0
2910	0.0026638876990701136
2911	0.00516248159686976
649	0.002124925913492236
132	6.6471426113317e-05
406	0.0020921425748042124
94	0.041799592490906354
189	0.07496835178951108
106	0.03568864118115705
871	0.0
2728	6.339566746132861e-05
40	0.04065942552364568
2912	0.007293130372111821
75	0.008952611510652056
541	0.0003492600347891387
2702	0.0
138	0.0010869725053351262
384	0.0039142477285043775
2438	0.0
1062	0.0003005485497993583
565	0.000672815627575522
101	0.006426102620819324
1694	0.0009541095669484137
405	0.00012566341260964283
404	0.0
2913	0.015601819455470338
21	0.28609401542125257
232	0.0013442327370152675
34	0.007070681055187075
912	0.0
179	0.0003642190224354301
350	0.0
1222	0.0009339361600513764
357	0.001558569882718241
211	3.395444358755553e-05
9	0.00802536252254394
63	0.1453012465383965
1776	0.0
309	4.411529395414973e-05
2736	1.7030226703839042e-05
1128	0.0
366	0.004925945621983131
1325	7.675914101782645e-05
2704	0.0
689	0.0
1074	0.0
42	0.00014500354264867358
2914	0.015285779530018799
1180	0.0
2489	0.0
292	0.0006166626353178233
1877	0.0024754588950625755
274	0.003236672022967257
278	0.0011921650533133828
2095	0.0
687	0.00213535888012166
2261	3.625491065565892e-05
595	0.0006182555486249855
726	8.910547227264114e-05
1876	0.0002683930983168559
409	0.006239814931659125
252	0.006621666633582472
713	0.0
2915	0.01001176736722441
858	0.0023093409879419535
552	0.00033801856857975895
891	0.0
2076	0.00016632476265815142
2715	0.0004551557422102927
2073	0.0
928	0.002076629791782944
243	0.0
1963	0.0
2002	0.0005377402742920736
979	0.0
2202	0.0
2916	0.021873339694351623
1955	0.0
217	0.0002021630439993348
1740	1.8804725853729144e-05
2371	0.0
2177	0.0
2057	1.8804725853729144e-05
851	0.0
1470	0.0
1371	0.0
2176	0.0
1160	1.8804725853729144e-05
2527	0.0
450	0.0
2917	0.005088324246513738
1662	0.0
1919	0.0
618	0.0002961826891094011
1394	0.0
2918	0.0037739463095383973
26	0.00038433541984776953
2241	0.0
1625	0.0006928178103958831
508	0.0009041602179431415
314	5.996359080373589e-05
2919	0.008376695422036059
1259	0.0039139408011967716
1424	0.000542480261798004
7	0.001114646460490998
538	3.138914491989684e-05
996	0.0
969	0.0
112	0.008289945195534908
1775	0.0
1383	0.0
2920	0.0054488040352391465
2921	0.004872733995477395
371	0.0002443233406493431
2180	8.838230813783447e-05
139	0.0
1043	0.0
1308	0.0
2718	0.0
2922	0.0015484150205068157
481	0.002580072277060809
2923	0.003291275996784729
1915	0.0004828262992306989
2515	0.0
875	0.0008613498357459269
503	0.0
2924	0.0024583659560112486
818	0.00011259048163533677
1583	0.0
1529	8.611626306033496e-05
2925	0.0020986151889555763
2182	0.00036069316004365876
2455	7.657702377141606e-05
1030	0.0
1333	0.020445044322811114
1386	8.738375799871759e-05
1178	0.0017346447796807187
184	0.0003216692022504231
2926	0.0022423205982234446
2927	0.01013694499086784
1065	5.026148958442871e-05
1845	5.026148958442871e-05
1127	7.197549916578087e-05
1821	0.00033628532037471517
739	0.0
762	0.0009494090202313518
1073	0.0013899080157011984
294	0.00032297357281881896
1719	0.0005586600783360895
1587	0.0
329	0.00031307879396644587
1291	0.0
269	0.0003046512130280475
1898	0.0
1060	4.8903055408344284e-05
2928	0.0024052648589585244
2929	0.003593140470709814
1505	0.0
1506	0.00023113447435031196
69	0.0412822403446478
2633	0.0
2930	0.0014641130463585448
2931	0.018903419873797712
1482	0.0
632	0.0
764	0.00043323258014641076
787	0.008752310266809518
1131	0.0
471	0.0006972113378075858
509	0.001883897407626818
1033	0.00032746164962664824
2932	0.027278999271593808
2933	0.010469435453718453
797	0.000912421760516388
208	0.0
1203	0.0
1442	0.0
2187	0.0
1881	0.0
1400	0.0015462913013758219
1042	0.0
637	0.0
550	0.0003929803687854208
340	0.0017366321181978945
908	0.0009014810998553233
2503	0.002226127725680744
2229	0.0
1134	0.0
192	0.00019809161524208803
2070	0.0
1274	0.0
2021	0.0
237	0.0013124518023505858
738	0.0
306	0.0008534301741242738
32	0.0
35	0.002226127725680744
1621	0.0
2295	0.002226127725680744
1516	0.0
727	0.0
2934	0.016625112172096047
2935	0.02167309210846442
881	0.0
2	0.001397305743599257
2292	0.00019115804854725216
1046	0.0
2074	0.0
819	0.0
293	0.0
2151	0.0
1941	0.0011305398220941524
774	0.0001979182618979503
387	0.0
1689	0.0010648917684954746
27	0.0001979182618979503
2426	0.0
1054	0.0
378	0.0
1510	0.0
1146	0.0
1577	0.0
1609	0.0
1707	0.0
2738	0.0
386	0.00032198074977924014
1978	0.0
307	0.0
191	0.0003866277596175273
2936	0.0026312656282960313
2937	0.0016156091936518485
2938	0.0
181	0.0
113	0.004967974100972137
260	0.00037907596121924085
394	0.00011080844220891189
2939	0.0011365828194260324
1286	2.0855126636673352e-05
1045	1.6006824246575705e-05
2940	0.0059576177151956355
2941	0.0004386290954403875
1385	1.0789337113917057e-06
2181	3.5964457046390196e-07
2942	0.004110977238337023
601	0.0012373510290749803
2108	7.053372260035112e-05
134	0.001406134746272217
791	0.0002660314647889523
876	0.00020641709084909634
1589	0.0
869	0.0
2943	0.012924890288055229
161	8.247826140129803e-05
1749	0.0025257652852336055
758	0.0001530460620664229
25	0.00603333910995375
30	0.0
338	0.0008091713439206027
1302	0.0
379	0.00030011832149076136
1055	0.0
943	0.0
2944	0.0019682027088243565
98	0.00016552295437813894
950	0.00011680751000015492
388	0.0006885203298720739
617	0.00043089063433767897
231	0.00010433386297087074
426	0.0005866304746835689
23	0.0016892973725167518
494	0.00043999583833268435
999	0.0002914856308889646
48	0.0038067852167095054
1844	4.640189986454619e-05
61	0.009814669196333593
157	0.0004987518855857403
201	0.0026290135498669566
2945	0.014511481406843295
2946	0.004708850989061752
1700	0.0
97	0.0
497	0.00041364692897153917
980	0.0007448462225612904
536	0.0
272	8.980485834343171e-05
268	0.000975267225615779
400	0.003536060368894744
781	0.0
705	0.0004935076989142067
1224	0.0009971098131887734
151	0.0006148280337175464
510	0.001115182982355261
1270	0.0013403715570879406
2947	0.01627140998193645
2948	0.010400400350316991
334	0.0
24	0.0
1063	0.0011609050465237931
490	4.9115999363037284e-05
146	4.654496215906226e-05
353	0.0
467	0.0002076826150115168
264	0.00033117797287225887
569	0.0001268501655667136
703	0.0
299	0.00147611560815566
688	0.0
2174	0.0
1724	0.003452973774410844
1121	0.0
318	0.0
1398	0.0
1910	0.00045029818421804665
657	0.0010930591582192424
1551	0.0
822	0.0008561545167214903
2949	0.004848068218716721
2799	0.0
2522	0.0
2061	0.0
2950	0.0019481003071977776
142	0.00012092085252545408
285	0.002562814700530501
1500	0.0
2951	5.394668556958529e-07
796	0.0010725680024945019
749	0.0010725680024945019
1379	0.0010725680024945019
2952	0.003546528770109951
525	0.0
559	0.00048705329685560286
322	0.0032818258015452793
582	0.0002862346145891523
2953	0.0006090005024555935
2954	0.0013353938479978829
2955	0.006800221969230702
2745	0.0
53	0.0001455930675815154
1346	0.0
2956	0.0016837132019594488
2957	0.004427572515900574
1884	0.0
1525	0.0
2509	0.0002960412247676717
2958	0.00016031503327371488
592	7.761363469270042e-05
985	4.7072099419426975e-05
2959	0.010392498915392867
45	9.513423673477403e-06
2762	0.0
403	0.00016138652162848725
548	0.0006020663497934469
721	0.0
2226	2.0273866225734676e-05
492	0.00016996492030608128
182	8.129401627759829e-06
629	0.00036343322614434915
33	0.00022158060753500877
1399	0.000886529183860629
691	0.00040426967133514683
895	0.00027492545052844043
2679	0.0006696186764169305
730	0.00045854137451281304
236	8.129401627759829e-06
43	0.0003842823722713705
119	0.0009838208559651857
2960	0.0014641130463585448
2303	0.002926068225294306
2395	0.0
2961	0.014691794322140584
2962	0.007198913884299673
1637	7.73156198734996e-05
1899	0.0
1015	5.857150749833866e-05
392	0.0006509769663295203
1084	0.00013206224756501554
1157	0.00022715969398129704
1862	0.0
95	0.0006566022643331924
1380	0.0
20	0.003282200155558006
665	0.0
108	0.00030129261429333705
590	7.73156198734996e-05
1237	0.000780577932995275
886	0.0
731	0.0003349699450358422
792	0.0026310519364959577
434	0.0006512142333153984
889	0.0003876187644770165
185	0.0
1216	7.73156198734996e-05
708	0.0005933714493051577
91	0.0
2963	0.0010812947274066703
2964	0.019419171998839493
123	0.0005580918400910707
282	0.0016335738312433757
1783	0.0013241371139840704
1248	0.00022169356547165363
327	8.922034759975356e-05
325	0.00013770834713735313
519	0.00011631629873353451
1153	0.00031147991066666884
311	0.0
651	0.00014782580715681155
566	0.0017070013221092
391	0.00010015281103063744
2965	0.003925140545805752
894	0.00020982927145571964
686	0.00020533016270300102
1406	0.0
882	8.070052937503682e-06
67	0.0003077264131955064
2966	0.0173973191570655
188	0.0
1034	0.0
499	0.0009932679413275699
845	0.0
1488	0.0015545206112524633
1027	0.0
1405	2.3759640194404434e-05
1715	0.0
681	0.0
694	0.0
1002	0.0
1240	0.0
557	0.0002652571059457118
1840	0.0006899486417570583
1452	0.00027363589122694174
464	7.065942639733427e-05
553	0.00045614541917993336
2967	0.005225341567295371
2968	0.0038575819468691266
2625	0.00012098195444568129
1622	0.0
407	0.0
475	0.0
2969	0.011696076664796565
2970	0.022811894813407254
625	0.00030806169044687436
424	0.0
477	2.7786046099866926e-06
1330	0.0
504	0.0
2662	0.0
776	0.0
2144	2.7786046099866926e-06
223	0.0
1449	3.8775817037676434e-05
153	0.0
1437	0.0
1143	0.0013535790489977214
1523	0.0
1107	0.0
1021	2.7786046099866926e-06
2441	0.0
1273	0.0
1851	0.0
2158	0.00023839342421104638
814	0.000672786550809701
975	0.00010564083533796647
1050	2.7786046099866926e-06
2367	2.7786046099866926e-06
454	0.0
222	0.0
2145	0.00025744812997904117
126	0.00041160558727289183
2971	0.007821265683958035
2972	0.03772188424794349
1377	2.7795930885064088e-05
2421	0.0
892	2.9537610612897964e-05
1147	0.0002847474842067449
670	0.0003530838359209842
682	7.029745057164692e-05
284	6.682436444983813e-05
402	0.0001539390656865882
1124	0.0021894131080966214
753	1.3588858470532523e-05
1212	0.0007492609476510028
1606	0.002119706568106243
1859	1.3588858470532523e-05
275	2.865219475444926e-05
1159	0.0008643559146684423
1114	3.316297039765265e-05
446	0.006359815814207135
473	6.682436444983813e-05
547	2.9537610612897964e-05
1660	0.0
82	6.682436444983813e-05
111	9.229986438963499e-05
136	0.0
658	0.0006328435884104287
1803	0.00012862013376346916
46	1.2101426663438519e-05
440	0.0
5	0.0
1632	2.9537610612897964e-05
1016	0.0
849	3.84341621849119e-06
771	2.9537610612897964e-05
887	1.2101426663438519e-05
1748	1.2101426663438519e-05
810	0.000421128814350723
1802	2.9537610612897964e-05
396	0.0009955691174864472
99	9.229986438963499e-05
2973	0.0025906019860626054
2213	0.0
1324	9.686312545172511e-05
2974	0.018589747287658664
435	0.0
801	1.4733349316545424e-05
1744	4.509495471076482e-05
1485	0.00037962591749704576
376	6.536505731463133e-05
2975	0.0
2976	0.00436701728665183
2857	0.0
109	0.0019421905247597913
6	0.00042858775930899445
680	3.6158967899845025e-05
13	0.0
2977	0.013635886426983672
2978	0.00825365963619228
2606	0.0
619	0.0
1857	0.0002825362247062108
1080	0.00016611208878422707
137	0.0002823814504867765
2203	0.0
127	1.9533091270392635e-05
1764	0.0
987	0.0
655	0.0
417	0.0004762302834738932
2117	0.0011147464305244607
2979	0.039268707945122085
2482	0.0
2244	0.0
1629	0.0
788	0.0
1310	0.0
1322	0.0
1563	0.0
2486	0.0
1676	0.0
244	0.002076047682962802
216	0.0
1040	0.0
570	0.0
1483	0.0
1597	0.0
1527	0.0
2433	0.0
1058	0.0
1208	0.0
323	0.0
2143	0.0
752	0.0
1407	0.003147883565199776
168	0.0
1151	0.0
1530	0.0
1419	0.0
1520	0.0
532	0.0015633762068899364
410	0.0
62	0.0
2980	0.004242677390431288
472	0.0
676	0.00019544360129894434
2570	2.5235496297417244e-05
254	0.00026238778228757125
2981	0.005567771661524905
2806	0.0
1006	0.0003211561796994738
2982	0.0016293110691915909
630	0.0
444	0.00019622961452094462
2983	0.016830476718212018
2984	0.014443791978195604
502	4.869464454064414e-05
326	0.005557791408991987
585	0.00013299375623518881
2562	0.0
1359	0.0003704844707252394
1912	0.0
951	2.518532717350164e-05
226	1.1600225639168983e-05
603	0.0003859331214982083
1103	1.1600225639168983e-05
389	2.6110443914731182e-05
1834	0.00017674794824471798
2033	0.0004979015697688237
215	0.00014150105547908559
650	2.518532717350164e-05
447	0.00014529530643706814
759	2.2288781206769423e-05
1426	0.002005092382857829
81	2.508231159887488e-05
2153	1.4047801573809759e-05
1352	0.0
1885	0.0
1023	0.0033516346853194436
1207	4.869464454064414e-05
838	0.0
2985	0.004919306370507891
1148	0.00032365942121852275
1415	0.0
1445	0.00014446496319947395
1139	4.64324725471608e-05
1092	0.0
147	8.462303494480752e-05
2986	0.007521640930108611
2987	0.03267811655142112
817	0.0
983	0.0001700576622204395
2082	0.0002189248541598437
864	0.0
716	0.0005935443105246181
737	0.0
1031	2.398121249094112e-05
1913	0.0
935	0.0
14	0.0
1793	0.0
2552	0.0
1564	0.0004313799220222658
19	0.001180979140470544
16	0.000423453738493366
2988	0.003840833579128552
344	0.0
316	0.0
2138	0.00023196654579403904
423	2.6878820814350227e-05
2989	0.03936296037312402
2990	0.08011255061733114
1882	0.0
1137	0.0
2288	0.0
1465	0.0
491	0.0
2400	0.0
70	0.0015124373607869504
462	0.0003431223207073719
335	0.0011125024708968864
1593	0.00013369327828304631
766	0.00025789910270207104
857	0.0003794644181279767
830	0.0
463	0.00025789910270207104
594	0.0
1967	0.0
486	9.479612725966012e-05
1871	0.0
361	0.0
613	0.0009507118592616537
2649	0.0
1387	0.0
1115	0.00037033278419420075
2685	0.0
556	0.0001995774592547862
1534	0.0
1123	0.0004706039288667271
2537	0.0
1320	0.0
290	0.00028114033832311956
1211	0.0
333	0.0
2719	0.0
1486	0.0007697942227368713
554	0.0
2305	0.0
1536	0.0
575	0.005037256436045334
102	0.0001469714604462076
438	0.0
883	9.65050822381714e-05
1112	0.0
1677	0.0
2991	0.013424993329000394
2750	0.0
420	0.0
273	0.0
207	0.0
2992	0.008321853957092644
2993	0.0033334445275097833
2456	7.772292748523533e-05
2128	0.00044663791836988177
2240	0.0
678	3.7398533152624896e-05
1739	0.0
1503	3.756129985262655e-05
2994	0.0028682046425411315
2995	0.008434034419339096
1959	0.0
295	0.0
535	5.854150420163131e-05
2996	0.002823993439940831
346	0.0
2997	0.004328767921332031
1176	4.348616963477471e-05
890	0.0
872	4.348616963477471e-05
929	0.0
701	4.348616963477471e-05
2998	0.011782481668590507
485	0.0
579	0.0
1695	0.0
1673	7.210513993230771e-05
1413	0.0
2999	0.011236651118844934
3000	0.008104894929487948
79	1.504655750025647e-05
2029	0.00010219534471275708
3001	0.009515482644021798
1584	0.00018613643087364912
1120	8.808887842577796e-05
289	0.00045812274331382026
1620	8.808887842577796e-05
2404	0.0
3002	0.005641070957269714
1553	0.0
468	0.00023272528824511596
794	0.0
159	3.0969425653440135e-05
1341	0.0
3003	2.4815475362009234e-06
513	0.0005852496095159097
4	0.0005852496095159097
3004	0.027925257041023905
1022	0.0
380	0.0005103925808780631
1391	8.585808691331826e-05
1717	0.0
373	0.0
2221	0.0
853	0.0006659420050269811
416	5.355290052321927e-05
836	0.00444599678418346
186	0.0
3005	0.10281132287279832
1812	0.0
549	0.00010819799489195316
1652	0.0
2275	0.0
1019	0.0
2253	0.0012595720870050527
954	0.0
2361	0.0
746	0.0027079414903007836
683	0.0
1305	0.0
966	0.0
2051	0.0
2607	0.0
2450	0.0
461	0.0
720	0.0
529	0.00010819799489195316
1991	0.0
2227	0.0
1595	0.0
1723	0.0
1309	0.0
154	0.0
1145	0.0
1028	0.0
1619	0.0
621	0.0
2725	0.0
1661	0.0
480	0.0004402798428297394
2232	0.00010819799489195316
1669	0.0
2165	0.0
1066	0.0
2430	0.000553318955374821
1799	0.0
266	0.0007975919552884192
296	0.0008845373826754691
839	0.0
1556	0.0
1779	0.0
2154	0.0
1068	0.0
1253	0.0
622	0.0
2402	0.0026108455932250772
1972	0.0017869009558490784
2464	0.0
1241	0.0008598683270538521
370	0.0017551306294166277
1351	0.0
772	0.0
1049	0.000553318955374821
1378	0.0
1846	0.0
253	0.0011179750444992081
58	0.0
639	0.0
2171	0.0
1571	0.0
1029	0.0007585186553877421
1098	0.0008845373826754691
645	0.0004787293212562734
2172	0.0
2170	0.0
2697	0.0
1586	0.0
367	0.0
324	0.0
1829	0.00010819799489195316
873	0.0
1568	0.0
1130	0.0
2008	0.0004787293212562734
8	0.0
3006	0.012138589429321549
1636	0.0
1108	0.0
1179	0.0
2354	0.0
3007	0.011504254388421559
3008	0.007610883227916254
255	5.098095426799091e-05
984	9.920951583445159e-05
534	0.0
2024	0.0
775	0.0
1372	0.0
815	0.0
1533	1.3824582046015789e-05
1283	0.00027452043006333693
3009	0.02580317923111552
368	0.0005247535198332448
1247	0.00033221538451897413
1728	0.0
2410	0.0
317	0.00033221538451897413
1472	0.00033221538451897413
1535	0.00033221538451897413
3010	0.014235318190298349
2185	0.0
1854	9.500890728649896e-05
2447	0.00033288270165582014
2601	0.0
3011	0.00775595046322896
1918	0.0
3012	0.015900454419189518
0	2.484760918450238e-05
2587	0.00011275437836560955
3013	0.0007491459779202323
3014	0.010735971239304285
3015	0.005955684649272255
976	8.652995632358662e-05
263	0.0005895866473440168
3016	0.03790734794260487
1617	3.87341955170773e-05
2079	0.0
2451	0.0
1958	0.0
1759	0.0
2102	0.0
93	0.0
2113	0.0
998	0.0
568	0.0
604	0.0
2590	0.0
964	0.0
2298	0.0
606	3.87341955170773e-05
605	0.0
2078	0.0
3017	2.4815475362009234e-06
3018	0.006858428767585445
909	5.065542697394551e-05
341	0.0
38	5.065542697394551e-05
3019	0.026879543222446664
2092	0.0
2072	1.9714315422683704e-05
2419	0.0
283	0.0
2205	1.9714315422683704e-05
173	0.0005485524501133228
330	6.0139636933264053e-05
3020	0.015504575839285835
2031	0.0
1276	0.0011621662110121815
2131	0.0
92	0.0
1345	0.0
809	0.0
562	0.00043276166630254914
1448	0.0
31	0.0
3021	0.04213932480997453
667	0.0
1670	0.0
1277	0.0
1254	0.0
576	0.0
279	0.0
1206	0.0
542	0.0
1949	0.0
496	0.0002529188337503854
2408	0.0
514	0.0
2030	0.0
1446	0.0
2067	0.0
1938	0.0
1091	0.0
2110	0.0
1169	0.0
947	0.0
169	0.0002707875478120443
704	0.0
587	0.0002529188337503854
277	0.0
1196	0.0
1543	0.0
707	0.0
3022	0.009510440052821045
2598	0.0
1526	0.0
1155	0.0
3023	0.029751976345160903
3024	0.01933885940092931
1826	7.633068422986329e-05
861	7.633068422986329e-05
68	0.0
602	0.0
546	0.001960980146201622
921	7.633068422986329e-05
1476	7.633068422986329e-05
262	7.633068422986329e-05
451	0.0
1893	0.0
199	0.0
647	0.0001392557630720683
414	0.0
1985	0.0005075606731259447
218	0.0
238	0.0
320	0.0002558863131927528
1572	0.0
1423	0.0
521	0.0
2044	0.0
2196	0.0004923256036349257
1781	7.633068422986329e-05
1381	0.0005803236872041181
812	7.633068422986329e-05
1300	0.0
863	0.0
107	0.0
50	0.0
3025	0.013767404829417958
3026	0.004794844368999172
784	0.0
2768	0.0
1217	0.0
2050	0.0
436	0.0
1281	0.0
1376	8.600212785708238e-05
1841	0.0
1435	0.0
3027	0.009085987595484313
1183	0.0
1182	0.0
3028	0.012838229166452227
2521	1.5916149337491288e-05
2374	0.0
1684	0.00010527736028962096
1113	0.0
401	0.0
3029	0.008810139045025173
1484	0.0
1878	0.0
635	0.0
3030	0.001091330023028251
3031	0.004840596290346697
3032	0.00036872014556934673
2412	0.0
654	0.0
1612	0.0
3033	0.019751211422754072
1810	0.0
905	0.0
968	0.0
855	0.0
1545	4.589678487217938e-05
1550	0.0
644	0.0
511	0.00013330195291220252
261	0.0
2452	0.0
972	0.0
2162	0.0003086184251950069
3034	0.00387225712572785
3035	0.013561714939488682
3036	0.018905103863051994
180	0.0
2337	0.0
2161	0.0
952	1.0975842332715605e-05
1110	1.1924920044336857e-05
564	0.0003944450191306936
1230	8.01846607310009e-05
859	6.096597959702781e-05
1447	0.0
1099	0.0
981	0.0
3037	0.006548125120450435
2465	6.837464098239632e-05
166	0.0
3038	0.004959789140411164
2133	0.0
3039	0.007344921877791883
1347	0.0
1125	0.0
1698	0.0
1163	0.0
3040	0.02591059627292754
723	0.00011427587967657397
177	0.0
1734	0.0
3041	0.0054549250140379915
3042	0.010999582964534332
1790	0.0
1096	0.0
176	0.0003959102651873181
874	0.0
88	0.0006818552938953809
3043	0.011367204464632548
717	2.105360090896031e-05
807	0.0
1071	0.0
3044	0.008456407298144812
1118	0.0
2755	0.0
2168	0.0
476	0.00233538162160238
1012	0.0
1285	0.0
3045	0.0026312656282960313
3046	0.0021605863630449734
3047	0.012743586204554317
520	0.0
443	0.0
28	0.0
1581	0.0029686129870990247
442	6.608366489294807e-05
2167	0.0004567201333968783
3048	0.000702344627018564
3049	0.0
3050	0.006799404284733436
850	0.0
1522	0.0
3051	0.02126575485423778
3052	0.0066370757141967305
696	0.0
1773	0.0
1408	0.0
2621	0.0
1582	0.0
29	0.0
2127	0.0
1299	0.0
431	0.0
415	0.0
904	0.0
2054	0.0
3053	0.01365272751678103
3054	0.0482533959750362
1838	0.0
1714	0.0
1242	4.956563930175868e-05
305	0.0003263840091722068
958	0.0
961	0.0
2132	0.00013279711268693794
355	0.0
1122	0.0
1070	0.0
802	0.0
258	0.0
820	0.0027895951912066757
1567	0.0
1328	2.7170981488216417e-05
740	0.0
1173	0.0
782	0.0
1509	0.0
2376	0.0
248	0.0
133	0.0
1747	0.0
2087	0.0
700	0.0
1350	0.0
22	0.0
3055	0.005336370172086308
879	0.0
3056	0.013472173440853148
507	0.0
1820	0.0
474	0.0
288	0.0
2362	0.0
1219	0.0
117	0.0
1475	0.0
3057	0.0039030415162825
910	0.0
805	3.160147988146014e-06
128	7.716408150383888e-05
3058	0.025306669025127213
1977	0.0
1702	2.30508580175744e-05
900	0.0
249	2.30508580175744e-05
487	0.0
2320	3.9185073196529e-05
1225	0.0
3059	0.0014641130463585448
418	0.0
3060	0.0025207741409843227
3061	0.0029515308617211336
1193	0.00032591165721578317
2059	0.0
3062	0.007309775894678808
2838	0.0
1393	0.0
2186	0.0
2655	0.0
924	0.0
3063	0.004747236702524888
86	0.00015536424586702868
224	1.2309357288236015e-05
1548	1.2309357288236015e-05
3064	0.024949233134654917
3065	0.015756685246747344
230	0.0
1075	0.0
1202	0.0
235	0.0
425	0.00012279247167344592
1729	0.0
988	0.0
1743	0.0
2389	0.0
1037	0.0
1460	0.0
1260	0.0
3066	0.012698877400332518
2296	0.0
2845	0.0
974	0.0
663	0.0
1705	0.0
2564	0.0
3067	0.029294193426501143
2137	0.0
1142	0.0
3068	0.02603883275473666
3069	0.012288622760996857
1944	0.0
1365	0.0
722	0.0
1238	0.0
862	5.993349306510757e-05
893	1.765402989503798e-05
1468	0.0
1327	1.765402989503798e-05
1644	0.0
939	0.00031054243320102607
3070	0.0064799410273369724
3071	0.014324319408883502
1355	0.0
1753	5.568891625271932e-05
87	0.0
2383	0.0
1149	0.0
1806	0.0
2396	0.0001880965208609928
3072	0.0023204549236910373
3073	0.014428097959967733
1576	0.0
2788	0.0
197	0.0
693	0.0
1611	0.0
1864	0.0
3074	0.005884828702416975
1363	0.0
1307	0.0
1	0.0
3075	0.0061301461462275175
3076	0.003604673869909361
1816	0.0
583	0.0
2381	0.0
628	0.0
3077	0.004500559640322864
3078	0.01544312159285445
1897	0.0
684	5.354685339548112e-05
265	0.0
17	0.0
2558	0.0
1048	0.0
196	0.0
3079	0.0024407590105326145
2058	0.0
3080	0.004332398232495768
990	0.0
3081	0.0028263359434227415
3082	0.024146008881388993
1830	0.0
1555	0.0
1853	2.1733951298719496e-05
395	2.1733951298719496e-05
3083	0.007820325646093274
2518	0.0
2423	0.0
3084	0.052706013161237894
3085	0.011998083274533713
1948	0.0
2083	0.0
2217	0.0
1789	0.0
1760	0.0
72	0.0
1429	0.0
352	0.0
1366	0.0
2115	0.0
677	0.0
2081	0.0
2660	0.00036567012852321856
885	0.0
1630	0.0
149	0.0
2235	0.0
2428	0.0
854	0.0
757	0.0
2517	0.0
1010	0.0
1319	0.0
2403	0.0
1382	0.0
381	0.0
3086	0.009798886147904626
1867	0.0
3087	0.02940310218532771
1562	0.0
1425	0.0
1990	0.0
460	0.0
1798	0.0
3088	0.0012237381787307009
3089	0.006059620467012546
3090	0.002445158175410952
1053	0.0
183	0.0
610	0.00047679989619363046
3091	0.00734836053490667
1005	0.0
2097	0.0
3092	0.0056077256882095744
2234	0.0
2023	0.0
2700	0.0
3093	0.006154111235649399
3094	0.02186404758588264
452	0.0
2266	0.0
2591	0.0
315	0.0
2274	0.0
1213	0.0
3095	0.004481164617224233
3096	0.0038984865853669967
1129	0.0
2415	0.0
1343	0.0
3097	0.005136369879223616
907	0.0
3098	0.02133230279208786
2022	0.0
1358	0.0
1431	0.0
946	0.0
1357	0.0
903	0.0
162	0.0
3099	0.004659580914515597
3100	0.040937147897415475
600	0.0
1930	0.0
2468	0.0
957	0.0
811	0.0
489	0.0
2080	0.0
150	0.0
206	0.0
821	0.0
2582	0.0
2166	0.0
2609	0.0
3101	0.02625149510663821
661	0.0
2752	0.0
1271	0.0
1416	0.0
3102	0.005397645280191819
3103	0.004472746576045875
2191	0.0
2547	0.0
1782	0.0
2156	0.0
3104	0.0071173243760239615
936	0.0
1367	0.0
3105	0.0062526624248736866
3106	0.02108109662724895
2349	0.0
563	0.0
607	0.0
2019	0.0
1499	0.0
699	0.0
2643	0.0
286	0.0
931	0.0
3107	0.022983868091663508
505	0.0
3108	3.2368011341751175e-06
2746	0.0
1296	0.0
2596	0.0
