1615	0.0007342143906020558
2909	0.010279001468428781
1774	0.0014684287812041115
685	0.0014684287812041115
2385	0.003671071953010279
1549	0.0007342143906020558
1290	0.0007342143906020558
1170	0.002202643171806167
2028	0.004405286343612334
724	0.002202643171806167
2379	0.002202643171806167
1105	0.0007342143906020558
2910	0.005873715124816446
2911	0.005873715124816446
649	0.005873715124816446
132	0.002202643171806167
406	0.008076358296622614
94	0.02790014684287812
189	0.026431718061674006
106	0.02422907488986784
871	0.0007342143906020558
2728	0.002202643171806167
40	0.02422907488986784
2912	0.008810572687224669
75	0.008810572687224669
541	0.002202643171806167
2702	0.0007342143906020558
138	0.005139500734214391
384	0.010279001468428781
2438	0.0007342143906020558
1062	0.0014684287812041115
565	0.002202643171806167
101	0.011747430249632892
1694	0.002202643171806167
405	0.0014684287812041115
404	0.0007342143906020558
2913	0.01541850220264317
21	0.05947136563876652
232	0.007342143906020558
34	0.013215859030837003
912	0.0007342143906020558
179	0.004405286343612334
350	0.0007342143906020558
1222	0.005873715124816446
357	0.005139500734214391
211	0.0014684287812041115
9	0.014684287812041116
63	0.032305433186490456
1776	0.0007342143906020558
309	0.002202643171806167
2736	0.0014684287812041115
1128	0.0007342143906020558
366	0.011747430249632892
1325	0.0014684287812041115
2704	0.0007342143906020558
689	0.0007342143906020558
1074	0.0007342143906020558
42	0.0014684287812041115
2914	0.013215859030837003
1180	0.0007342143906020558
2489	0.0007342143906020558
292	0.004405286343612334
1877	0.002936857562408223
274	0.005139500734214391
278	0.003671071953010279
2095	0.0007342143906020558
687	0.003671071953010279
2261	0.0014684287812041115
595	0.002936857562408223
726	0.002202643171806167
1876	0.0014684287812041115
409	0.004405286343612334
252	0.007342143906020558
713	0.0007342143906020558
2915	0.012481644640234948
858	0.003671071953010279
552	0.002202643171806167
891	0.0007342143906020558
2076	0.0014684287812041115
2715	0.0014684287812041115
2073	0.0007342143906020558
928	0.003671071953010279
243	0.0007342143906020558
1963	0.0007342143906020558
2002	0.0014684287812041115
979	0.0007342143906020558
2202	0.0007342143906020558
2916	0.013215859030837003
1955	0.0007342143906020558
217	0.0014684287812041115
1740	0.0014684287812041115
2371	0.0007342143906020558
2177	0.0007342143906020558
2057	0.0014684287812041115
851	0.0007342143906020558
1470	0.0007342143906020558
1371	0.0007342143906020558
2176	0.0007342143906020558
1160	0.0014684287812041115
2527	0.0007342143906020558
450	0.0014684287812041115
2917	0.008810572687224669
1662	0.0014684287812041115
1919	0.0014684287812041115
618	0.002202643171806167
1394	0.0007342143906020558
2918	0.005139500734214391
26	0.002202643171806167
2241	0.0007342143906020558
1625	0.004405286343612334
508	0.003671071953010279
314	0.0014684287812041115
2919	0.008076358296622614
1259	0.005139500734214391
1424	0.003671071953010279
7	0.004405286343612334
538	0.0014684287812041115
996	0.0007342143906020558
969	0.0007342143906020558
112	0.01395007342143906
1775	0.0007342143906020558
1383	0.0007342143906020558
2920	0.0066079295154185015
2921	0.004405286343612334
371	0.002202643171806167
2180	0.0014684287812041115
139	0.0007342143906020558
1043	0.0007342143906020558
1308	0.0007342143906020558
2718	0.0007342143906020558
2922	0.002202643171806167
481	0.007342143906020558
2923	0.004405286343612334
1915	0.002936857562408223
2515	0.0007342143906020558
875	0.002936857562408223
503	0.0007342143906020558
2924	0.003671071953010279
818	0.002202643171806167
1583	0.0007342143906020558
1529	0.002202643171806167
2925	0.0066079295154185015
2182	0.005139500734214391
2455	0.002936857562408223
1030	0.0007342143906020558
1333	0.003671071953010279
1386	0.0014684287812041115
1178	0.0014684287812041115
184	0.005139500734214391
2926	0.004405286343612334
2927	0.012481644640234948
1065	0.0014684287812041115
1845	0.0014684287812041115
1127	0.0014684287812041115
1821	0.002202643171806167
739	0.0007342143906020558
762	0.0014684287812041115
1073	0.002202643171806167
294	0.002936857562408223
1719	0.002202643171806167
1587	0.0007342143906020558
329	0.002202643171806167
1291	0.0007342143906020558
269	0.002936857562408223
1898	0.0007342143906020558
1060	0.0014684287812041115
2928	0.005139500734214391
2929	0.0066079295154185015
1505	0.0014684287812041115
1506	0.002202643171806167
69	0.02569750367107195
2633	0.0007342143906020558
2930	0.0014684287812041115
2931	0.008076358296622614
1482	0.0007342143906020558
632	0.0007342143906020558
764	0.002202643171806167
787	0.0014684287812041115
1131	0.0007342143906020558
471	0.0014684287812041115
509	0.003671071953010279
1033	0.002202643171806167
2932	0.021292217327459617
2933	0.004405286343612334
797	0.002202643171806167
208	0.0007342143906020558
1203	0.0007342143906020558
1442	0.0007342143906020558
2187	0.0007342143906020558
1881	0.0007342143906020558
1400	0.0014684287812041115
1042	0.0007342143906020558
637	0.0007342143906020558
550	0.0014684287812041115
340	0.002936857562408223
908	0.002202643171806167
2503	0.002202643171806167
2229	0.0007342143906020558
1134	0.0007342143906020558
192	0.0014684287812041115
2070	0.0007342143906020558
1274	0.0007342143906020558
2021	0.0007342143906020558
237	0.002936857562408223
738	0.0007342143906020558
306	0.002202643171806167
32	0.0007342143906020558
35	0.002202643171806167
1621	0.0007342143906020558
2295	0.002202643171806167
1516	0.0007342143906020558
727	0.0007342143906020558
2934	0.009544787077826725
2935	0.01908957415565345
881	0.0014684287812041115
2	0.003671071953010279
2292	0.0014684287812041115
1046	0.0007342143906020558
2074	0.0007342143906020558
819	0.0007342143906020558
293	0.0007342143906020558
2151	0.0007342143906020558
1941	0.0014684287812041115
774	0.0014684287812041115
387	0.0007342143906020558
1689	0.0014684287812041115
27	0.0014684287812041115
2426	0.0007342143906020558
1054	0.0007342143906020558
378	0.0007342143906020558
1510	0.0007342143906020558
1146	0.0007342143906020558
1577	0.0007342143906020558
1609	0.0007342143906020558
1707	0.0007342143906020558
2738	0.0007342143906020558
386	0.002202643171806167
1978	0.0007342143906020558
307	0.0007342143906020558
191	0.002202643171806167
2936	0.003671071953010279
2937	0.003671071953010279
2938	0.0014684287812041115
181	0.0007342143906020558
113	0.010279001468428781
260	0.0014684287812041115
394	0.0014684287812041115
2939	0.004405286343612334
1286	0.003671071953010279
1045	0.002936857562408223
2940	0.005139500734214391
2941	0.002936857562408223
1385	0.002202643171806167
2181	0.0014684287812041115
2942	0.007342143906020558
601	0.005873715124816446
2108	0.002202643171806167
134	0.008076358296622614
791	0.002936857562408223
876	0.002936857562408223
1589	0.0007342143906020558
869	0.0007342143906020558
2943	0.01395007342143906
161	0.0014684287812041115
1749	0.004405286343612334
758	0.002202643171806167
25	0.0066079295154185015
30	0.0007342143906020558
338	0.002936857562408223
1302	0.0007342143906020558
379	0.002936857562408223
1055	0.0007342143906020558
943	0.0007342143906020558
2944	0.013215859030837003
98	0.003671071953010279
950	0.0014684287812041115
388	0.007342143906020558
617	0.005139500734214391
231	0.002936857562408223
426	0.007342143906020558
23	0.007342143906020558
494	0.005873715124816446
999	0.003671071953010279
48	0.011747430249632892
1844	0.002202643171806167
61	0.011013215859030836
157	0.005873715124816446
201	0.011013215859030836
2945	0.014684287812041116
2946	0.007342143906020558
1700	0.0007342143906020558
97	0.0007342143906020558
497	0.002202643171806167
980	0.004405286343612334
536	0.0007342143906020558
272	0.002202643171806167
268	0.002936857562408223
400	0.007342143906020558
781	0.0007342143906020558
705	0.002202643171806167
1224	0.002936857562408223
151	0.002936857562408223
510	0.003671071953010279
1270	0.004405286343612334
2947	0.014684287812041116
2948	0.012481644640234948
334	0.0007342143906020558
24	0.0007342143906020558
1063	0.002936857562408223
490	0.0014684287812041115
146	0.002202643171806167
353	0.0007342143906020558
467	0.0014684287812041115
264	0.0014684287812041115
569	0.002202643171806167
703	0.0007342143906020558
299	0.008810572687224669
688	0.0007342143906020558
2174	0.0007342143906020558
1724	0.002202643171806167
1121	0.0007342143906020558
318	0.0007342143906020558
1398	0.0007342143906020558
1910	0.003671071953010279
657	0.004405286343612334
1551	0.0007342143906020558
822	0.005139500734214391
2949	0.004405286343612334
2799	0.0007342143906020558
2522	0.0007342143906020558
2061	0.0007342143906020558
2950	0.005139500734214391
142	0.002202643171806167
285	0.004405286343612334
1500	0.0007342143906020558
2951	0.002202643171806167
796	0.004405286343612334
749	0.004405286343612334
1379	0.004405286343612334
2952	0.0066079295154185015
525	0.0007342143906020558
559	0.002936857562408223
322	0.005873715124816446
582	0.002936857562408223
2953	0.002202643171806167
2954	0.003671071953010279
2955	0.005873715124816446
2745	0.0007342143906020558
53	0.002202643171806167
1346	0.0007342143906020558
2956	0.002202643171806167
2957	0.004405286343612334
1884	0.0007342143906020558
1525	0.0007342143906020558
2509	0.0014684287812041115
2958	0.002936857562408223
592	0.0014684287812041115
985	0.0014684287812041115
2959	0.027165932452276064
45	0.0014684287812041115
2762	0.0007342143906020558
403	0.004405286343612334
548	0.0066079295154185015
721	0.0007342143906020558
2226	0.002202643171806167
492	0.0014684287812041115
182	0.0014684287812041115
629	0.005139500734214391
33	0.003671071953010279
1399	0.004405286343612334
691	0.005873715124816446
895	0.002202643171806167
2679	0.0014684287812041115
730	0.005873715124816446
236	0.0014684287812041115
43	0.005139500734214391
119	0.0066079295154185015
2960	0.0014684287812041115
2303	0.0014684287812041115
2395	0.0007342143906020558
2961	0.01908957415565345
2962	0.005873715124816446
1637	0.0014684287812041115
1899	0.0007342143906020558
1015	0.0014684287812041115
392	0.004405286343612334
1084	0.002202643171806167
1157	0.002202643171806167
1862	0.0007342143906020558
95	0.004405286343612334
1380	0.0007342143906020558
20	0.002202643171806167
665	0.0007342143906020558
108	0.002936857562408223
590	0.0014684287812041115
1237	0.004405286343612334
886	0.0007342143906020558
731	0.002202643171806167
792	0.003671071953010279
434	0.002936857562408223
889	0.003671071953010279
185	0.0007342143906020558
1216	0.0014684287812041115
708	0.002936857562408223
91	0.0007342143906020558
2963	0.003671071953010279
2964	0.02790014684287812
123	0.003671071953010279
282	0.004405286343612334
1783	0.002936857562408223
1248	0.003671071953010279
327	0.002936857562408223
325	0.003671071953010279
519	0.002936857562408223
1153	0.002936857562408223
311	0.0007342143906020558
651	0.003671071953010279
566	0.003671071953010279
391	0.002936857562408223
2965	0.0066079295154185015
894	0.0014684287812041115
686	0.004405286343612334
1406	0.0007342143906020558
882	0.0014684287812041115
67	0.003671071953010279
2966	0.017621145374449337
188	0.0007342143906020558
1034	0.0007342143906020558
499	0.0014684287812041115
845	0.0014684287812041115
1488	0.002936857562408223
1027	0.0007342143906020558
1405	0.002202643171806167
1715	0.0007342143906020558
681	0.0007342143906020558
694	0.0007342143906020558
1002	0.0007342143906020558
1240	0.0014684287812041115
557	0.002936857562408223
1840	0.003671071953010279
1452	0.0014684287812041115
464	0.0014684287812041115
553	0.002202643171806167
2967	0.008076358296622614
2968	0.005873715124816446
2625	0.0014684287812041115
1622	0.0007342143906020558
407	0.0007342143906020558
475	0.0007342143906020558
2969	0.01908957415565345
2970	0.012481644640234948
625	0.003671071953010279
424	0.0014684287812041115
477	0.002202643171806167
1330	0.0007342143906020558
504	0.0007342143906020558
2662	0.0014684287812041115
776	0.0007342143906020558
2144	0.002202643171806167
223	0.0007342143906020558
1449	0.0014684287812041115
153	0.0007342143906020558
1437	0.0007342143906020558
1143	0.002936857562408223
1523	0.0007342143906020558
1107	0.0007342143906020558
1021	0.002202643171806167
2441	0.0007342143906020558
1273	0.0014684287812041115
1851	0.0007342143906020558
2158	0.0014684287812041115
814	0.002202643171806167
975	0.002202643171806167
1050	0.002202643171806167
2367	0.002202643171806167
454	0.0014684287812041115
222	0.0007342143906020558
2145	0.002936857562408223
126	0.002202643171806167
2971	0.011013215859030836
2972	0.041116005873715125
1377	0.002202643171806167
2421	0.0007342143906020558
892	0.0014684287812041115
1147	0.0014684287812041115
670	0.002202643171806167
682	0.002202643171806167
284	0.002202643171806167
402	0.002936857562408223
1124	0.004405286343612334
753	0.0014684287812041115
1212	0.0014684287812041115
1606	0.002936857562408223
1859	0.0014684287812041115
275	0.0014684287812041115
1159	0.003671071953010279
1114	0.002202643171806167
446	0.005873715124816446
473	0.002202643171806167
547	0.0014684287812041115
1660	0.0007342143906020558
82	0.002202643171806167
111	0.002936857562408223
136	0.0007342143906020558
658	0.005139500734214391
1803	0.002202643171806167
46	0.0014684287812041115
440	0.0007342143906020558
5	0.0014684287812041115
1632	0.0014684287812041115
1016	0.0007342143906020558
849	0.002202643171806167
771	0.0014684287812041115
887	0.0014684287812041115
1748	0.0014684287812041115
810	0.002202643171806167
1802	0.0014684287812041115
396	0.002936857562408223
99	0.002936857562408223
2973	0.007342143906020558
2213	0.0007342143906020558
1324	0.0014684287812041115
2974	0.011013215859030836
435	0.0007342143906020558
801	0.0014684287812041115
1744	0.0014684287812041115
1485	0.002936857562408223
376	0.0014684287812041115
2975	0.0007342143906020558
2976	0.007342143906020558
2857	0.0007342143906020558
109	0.004405286343612334
6	0.002202643171806167
680	0.0014684287812041115
13	0.0007342143906020558
2977	0.008076358296622614
2978	0.008810572687224669
2606	0.0007342143906020558
619	0.0007342143906020558
1857	0.0014684287812041115
1080	0.0014684287812041115
137	0.002936857562408223
2203	0.0007342143906020558
127	0.0014684287812041115
1764	0.0007342143906020558
987	0.0007342143906020558
655	0.0007342143906020558
417	0.0014684287812041115
2117	0.0014684287812041115
2979	0.027165932452276064
2482	0.0007342143906020558
2244	0.0007342143906020558
1629	0.0007342143906020558
788	0.0007342143906020558
1310	0.0007342143906020558
1322	0.0007342143906020558
1563	0.0014684287812041115
2486	0.0014684287812041115
1676	0.0007342143906020558
244	0.0014684287812041115
216	0.0007342143906020558
1040	0.0007342143906020558
570	0.0007342143906020558
1483	0.0007342143906020558
1597	0.0007342143906020558
1527	0.0007342143906020558
2433	0.0007342143906020558
1058	0.0007342143906020558
1208	0.0014684287812041115
323	0.0007342143906020558
2143	0.0007342143906020558
752	0.0007342143906020558
1407	0.002202643171806167
168	0.0007342143906020558
1151	0.0007342143906020558
1530	0.0007342143906020558
1419	0.0007342143906020558
1520	0.0007342143906020558
532	0.0014684287812041115
410	0.0007342143906020558
62	0.0014684287812041115
2980	0.0066079295154185015
472	0.0007342143906020558
676	0.002202643171806167
2570	0.0014684287812041115
254	0.0014684287812041115
2981	0.0066079295154185015
2806	0.0007342143906020558
1006	0.002936857562408223
2982	0.003671071953010279
630	0.0007342143906020558
444	0.002202643171806167
2983	0.02936857562408223
2984	0.027165932452276064
502	0.002202643171806167
326	0.004405286343612334
585	0.002936857562408223
2562	0.0007342143906020558
1359	0.003671071953010279
1912	0.0007342143906020558
951	0.0014684287812041115
226	0.0014684287812041115
603	0.002202643171806167
1103	0.0014684287812041115
389	0.0014684287812041115
1834	0.003671071953010279
2033	0.002202643171806167
215	0.002202643171806167
650	0.0014684287812041115
447	0.002936857562408223
759	0.0014684287812041115
1426	0.002936857562408223
81	0.002202643171806167
2153	0.0014684287812041115
1352	0.0007342143906020558
1885	0.0007342143906020558
1023	0.002936857562408223
1207	0.002202643171806167
838	0.0007342143906020558
2985	0.009544787077826725
1148	0.003671071953010279
1415	0.0007342143906020558
1445	0.002202643171806167
1139	0.002202643171806167
1092	0.0007342143906020558
147	0.0014684287812041115
2986	0.005873715124816446
2987	0.023494860499265784
817	0.0007342143906020558
983	0.002202643171806167
2082	0.0014684287812041115
864	0.0007342143906020558
716	0.004405286343612334
737	0.0007342143906020558
1031	0.0014684287812041115
1913	0.0007342143906020558
935	0.0007342143906020558
14	0.0007342143906020558
1793	0.0007342143906020558
2552	0.0007342143906020558
1564	0.002202643171806167
19	0.002936857562408223
16	0.002202643171806167
2988	0.005139500734214391
344	0.0014684287812041115
316	0.0007342143906020558
2138	0.002202643171806167
423	0.0014684287812041115
2989	0.030102790014684286
2990	0.02936857562408223
1882	0.0007342143906020558
1137	0.0007342143906020558
2288	0.0007342143906020558
1465	0.0007342143906020558
491	0.0007342143906020558
2400	0.0007342143906020558
70	0.003671071953010279
462	0.0014684287812041115
335	0.004405286343612334
1593	0.0014684287812041115
766	0.0014684287812041115
857	0.0014684287812041115
830	0.0007342143906020558
463	0.0014684287812041115
594	0.0007342143906020558
1967	0.0007342143906020558
486	0.0014684287812041115
1871	0.0007342143906020558
361	0.0007342143906020558
613	0.002202643171806167
2649	0.0007342143906020558
1387	0.0007342143906020558
1115	0.002936857562408223
2685	0.0007342143906020558
556	0.0014684287812041115
1534	0.0007342143906020558
1123	0.002936857562408223
2537	0.0007342143906020558
1320	0.0007342143906020558
290	0.0014684287812041115
1211	0.0007342143906020558
333	0.0007342143906020558
2719	0.0007342143906020558
1486	0.002202643171806167
554	0.0007342143906020558
2305	0.0007342143906020558
1536	0.0014684287812041115
575	0.002202643171806167
102	0.0014684287812041115
438	0.0007342143906020558
883	0.0014684287812041115
1112	0.0007342143906020558
1677	0.0007342143906020558
2991	0.012481644640234948
2750	0.0007342143906020558
420	0.0007342143906020558
273	0.0007342143906020558
207	0.0007342143906020558
2992	0.011747430249632892
2993	0.005873715124816446
2456	0.0014684287812041115
2128	0.002202643171806167
2240	0.0007342143906020558
678	0.0014684287812041115
1739	0.0007342143906020558
1503	0.002202643171806167
2994	0.005139500734214391
2995	0.011013215859030836
1959	0.0007342143906020558
295	0.0007342143906020558
535	0.0014684287812041115
2996	0.004405286343612334
346	0.0007342143906020558
2997	0.011013215859030836
1176	0.0014684287812041115
890	0.0007342143906020558
872	0.0014684287812041115
929	0.0007342143906020558
701	0.0014684287812041115
2998	0.009544787077826725
485	0.0007342143906020558
579	0.0007342143906020558
1695	0.0007342143906020558
1673	0.0014684287812041115
1413	0.0007342143906020558
2999	0.008076358296622614
3000	0.011747430249632892
79	0.0014684287812041115
2029	0.002936857562408223
3001	0.011013215859030836
1584	0.002202643171806167
1120	0.0014684287812041115
289	0.0014684287812041115
1620	0.0014684287812041115
2404	0.0007342143906020558
3002	0.005873715124816446
1553	0.0007342143906020558
468	0.0014684287812041115
794	0.0007342143906020558
159	0.0014684287812041115
1341	0.0007342143906020558
3003	0.003671071953010279
513	0.003671071953010279
4	0.003671071953010279
3004	0.012481644640234948
1022	0.0007342143906020558
380	0.002202643171806167
1391	0.0014684287812041115
1717	0.0007342143906020558
373	0.0007342143906020558
2221	0.0007342143906020558
853	0.0014684287812041115
416	0.0014684287812041115
836	0.002202643171806167
186	0.0007342143906020558
3005	0.06901615271659324
1812	0.0007342143906020558
549	0.0014684287812041115
1652	0.0007342143906020558
2275	0.0007342143906020558
1019	0.0007342143906020558
2253	0.0014684287812041115
954	0.0007342143906020558
2361	0.0007342143906020558
746	0.002936857562408223
683	0.0007342143906020558
1305	0.0007342143906020558
966	0.0007342143906020558
2051	0.0007342143906020558
2607	0.0007342143906020558
2450	0.0007342143906020558
461	0.0007342143906020558
720	0.0007342143906020558
529	0.0014684287812041115
1991	0.0007342143906020558
2227	0.0007342143906020558
1595	0.0007342143906020558
1723	0.0007342143906020558
1309	0.0007342143906020558
154	0.0007342143906020558
1145	0.0007342143906020558
1028	0.0007342143906020558
1619	0.0007342143906020558
621	0.0007342143906020558
2725	0.0007342143906020558
1661	0.0007342143906020558
480	0.0014684287812041115
2232	0.0014684287812041115
1669	0.0007342143906020558
2165	0.0007342143906020558
1066	0.0007342143906020558
2430	0.0014684287812041115
1799	0.0007342143906020558
266	0.0014684287812041115
296	0.0014684287812041115
839	0.0007342143906020558
1556	0.0007342143906020558
1779	0.0007342143906020558
2154	0.0007342143906020558
1068	0.0007342143906020558
1253	0.0007342143906020558
622	0.0007342143906020558
2402	0.002202643171806167
1972	0.0014684287812041115
2464	0.0007342143906020558
1241	0.0014684287812041115
370	0.0014684287812041115
1351	0.0007342143906020558
772	0.0007342143906020558
1049	0.0014684287812041115
1378	0.0007342143906020558
1846	0.0007342143906020558
253	0.0014684287812041115
58	0.0007342143906020558
639	0.0007342143906020558
2171	0.0007342143906020558
1571	0.0007342143906020558
1029	0.0014684287812041115
1098	0.0014684287812041115
645	0.0014684287812041115
2172	0.0007342143906020558
2170	0.0007342143906020558
2697	0.0007342143906020558
1586	0.0014684287812041115
367	0.0007342143906020558
324	0.0007342143906020558
1829	0.0014684287812041115
873	0.0007342143906020558
1568	0.0007342143906020558
1130	0.0007342143906020558
2008	0.0014684287812041115
8	0.0007342143906020558
3006	0.009544787077826725
1636	0.0007342143906020558
1108	0.0007342143906020558
1179	0.0007342143906020558
2354	0.0007342143906020558
3007	0.010279001468428781
3008	0.011747430249632892
255	0.0014684287812041115
984	0.0014684287812041115
534	0.0007342143906020558
2024	0.0007342143906020558
775	0.0007342143906020558
1372	0.0007342143906020558
815	0.0007342143906020558
1533	0.0014684287812041115
1283	0.0014684287812041115
3009	0.009544787077826725
368	0.0014684287812041115
1247	0.0014684287812041115
1728	0.0007342143906020558
2410	0.0007342143906020558
317	0.0014684287812041115
1472	0.0014684287812041115
1535	0.0014684287812041115
3010	0.01541850220264317
2185	0.0007342143906020558
1854	0.002202643171806167
2447	0.002202643171806167
2601	0.0007342143906020558
3011	0.011747430249632892
1918	0.0007342143906020558
3012	0.011013215859030836
0	0.0014684287812041115
2587	0.0014684287812041115
3013	0.002936857562408223
3014	0.0066079295154185015
3015	0.012481644640234948
976	0.0014684287812041115
263	0.0014684287812041115
3016	0.027165932452276064
1617	0.0014684287812041115
2079	0.0007342143906020558
2451	0.0007342143906020558
1958	0.0007342143906020558
1759	0.0007342143906020558
2102	0.0007342143906020558
93	0.0007342143906020558
2113	0.0007342143906020558
998	0.0007342143906020558
568	0.0007342143906020558
604	0.0007342143906020558
2590	0.0007342143906020558
964	0.0007342143906020558
2298	0.0007342143906020558
606	0.0014684287812041115
605	0.0007342143906020558
2078	0.0007342143906020558
3017	0.003671071953010279
3018	0.008810572687224669
909	0.0014684287812041115
341	0.0007342143906020558
38	0.0014684287812041115
3019	0.019823788546255505
2092	0.0007342143906020558
2072	0.0014684287812041115
2419	0.0007342143906020558
283	0.0007342143906020558
2205	0.002202643171806167
173	0.002202643171806167
330	0.0014684287812041115
3020	0.018355359765051395
2031	0.0007342143906020558
1276	0.002202643171806167
2131	0.0007342143906020558
92	0.0007342143906020558
1345	0.0007342143906020558
809	0.0007342143906020558
562	0.002202643171806167
1448	0.0007342143906020558
31	0.0007342143906020558
3021	0.03597650513950073
667	0.0014684287812041115
1670	0.0007342143906020558
1277	0.0007342143906020558
1254	0.0007342143906020558
576	0.0007342143906020558
279	0.0007342143906020558
1206	0.0007342143906020558
542	0.0007342143906020558
1949	0.0007342143906020558
496	0.0014684287812041115
2408	0.0007342143906020558
514	0.0007342143906020558
2030	0.0007342143906020558
1446	0.0007342143906020558
2067	0.0007342143906020558
1938	0.0007342143906020558
1091	0.0007342143906020558
2110	0.0007342143906020558
1169	0.0007342143906020558
947	0.0007342143906020558
169	0.0014684287812041115
704	0.0007342143906020558
587	0.0014684287812041115
277	0.0007342143906020558
1196	0.0007342143906020558
1543	0.0007342143906020558
707	0.0014684287812041115
3022	0.01395007342143906
2598	0.0007342143906020558
1526	0.0007342143906020558
1155	0.0007342143906020558
3023	0.027165932452276064
3024	0.01395007342143906
1826	0.0014684287812041115
861	0.0014684287812041115
68	0.0007342143906020558
602	0.0007342143906020558
546	0.002202643171806167
921	0.0014684287812041115
1476	0.0014684287812041115
262	0.0014684287812041115
451	0.0007342143906020558
1893	0.0007342143906020558
199	0.0007342143906020558
647	0.0014684287812041115
414	0.0007342143906020558
1985	0.002202643171806167
218	0.0007342143906020558
238	0.0007342143906020558
320	0.0014684287812041115
1572	0.0007342143906020558
1423	0.0007342143906020558
521	0.0007342143906020558
2044	0.0007342143906020558
2196	0.002202643171806167
1781	0.0014684287812041115
1381	0.002202643171806167
812	0.0014684287812041115
1300	0.0007342143906020558
863	0.0007342143906020558
107	0.0007342143906020558
50	0.0007342143906020558
3025	0.011013215859030836
3026	0.005873715124816446
784	0.0007342143906020558
2768	0.0007342143906020558
1217	0.0007342143906020558
2050	0.0007342143906020558
436	0.0007342143906020558
1281	0.0007342143906020558
1376	0.0014684287812041115
1841	0.0007342143906020558
1435	0.0007342143906020558
3027	0.008076358296622614
1183	0.0007342143906020558
1182	0.0007342143906020558
3028	0.01908957415565345
2521	0.0014684287812041115
2374	0.0007342143906020558
1684	0.002936857562408223
1113	0.0007342143906020558
401	0.0007342143906020558
3029	0.011013215859030836
1484	0.0007342143906020558
1878	0.0007342143906020558
635	0.0007342143906020558
3030	0.004405286343612334
3031	0.0066079295154185015
3032	0.002936857562408223
2412	0.0014684287812041115
654	0.0007342143906020558
1612	0.0007342143906020558
3033	0.016152716593245228
1810	0.0007342143906020558
905	0.0007342143906020558
968	0.0007342143906020558
855	0.0007342143906020558
1545	0.0014684287812041115
1550	0.0007342143906020558
644	0.0007342143906020558
511	0.0014684287812041115
261	0.0007342143906020558
2452	0.0007342143906020558
972	0.0007342143906020558
2162	0.0014684287812041115
3034	0.004405286343612334
3035	0.012481644640234948
3036	0.027165932452276064
180	0.0007342143906020558
2337	0.0007342143906020558
2161	0.0007342143906020558
952	0.0014684287812041115
1110	0.0014684287812041115
564	0.0014684287812041115
1230	0.0014684287812041115
859	0.0014684287812041115
1447	0.0007342143906020558
1099	0.0007342143906020558
981	0.0007342143906020558
3037	0.007342143906020558
2465	0.0014684287812041115
166	0.0007342143906020558
3038	0.01395007342143906
2133	0.0007342143906020558
3039	0.011013215859030836
1347	0.0007342143906020558
1125	0.0007342143906020558
1698	0.0007342143906020558
1163	0.0007342143906020558
3040	0.009544787077826725
723	0.0014684287812041115
177	0.0007342143906020558
1734	0.0007342143906020558
3041	0.011747430249632892
3042	0.011013215859030836
1790	0.0007342143906020558
1096	0.0007342143906020558
176	0.0014684287812041115
874	0.0007342143906020558
88	0.002936857562408223
3043	0.01908957415565345
717	0.0014684287812041115
807	0.0007342143906020558
1071	0.0007342143906020558
3044	0.008810572687224669
1118	0.0007342143906020558
2755	0.0007342143906020558
2168	0.0007342143906020558
476	0.0014684287812041115
1012	0.0007342143906020558
1285	0.0007342143906020558
3045	0.003671071953010279
3046	0.007342143906020558
3047	0.014684287812041116
520	0.0007342143906020558
443	0.0007342143906020558
28	0.0007342143906020558
1581	0.002936857562408223
442	0.0014684287812041115
2167	0.0014684287812041115
3048	0.002202643171806167
3049	0.0014684287812041115
3050	0.005873715124816446
850	0.0007342143906020558
1522	0.0007342143906020558
3051	0.01395007342143906
3052	0.008810572687224669
696	0.0007342143906020558
1773	0.0007342143906020558
1408	0.0007342143906020558
2621	0.0007342143906020558
1582	0.0007342143906020558
29	0.0007342143906020558
2127	0.0007342143906020558
1299	0.0007342143906020558
431	0.0007342143906020558
415	0.0007342143906020558
904	0.0007342143906020558
2054	0.0007342143906020558
3053	0.02569750367107195
3054	0.04552129221732746
1838	0.0007342143906020558
1714	0.0007342143906020558
1242	0.0014684287812041115
305	0.0014684287812041115
958	0.0007342143906020558
961	0.0007342143906020558
2132	0.0014684287812041115
355	0.0007342143906020558
1122	0.0007342143906020558
1070	0.0007342143906020558
802	0.0007342143906020558
258	0.0007342143906020558
820	0.002936857562408223
1567	0.0007342143906020558
1328	0.0014684287812041115
740	0.0007342143906020558
1173	0.0007342143906020558
782	0.0007342143906020558
1509	0.0007342143906020558
2376	0.0007342143906020558
248	0.0007342143906020558
133	0.0007342143906020558
1747	0.0007342143906020558
2087	0.0007342143906020558
700	0.0007342143906020558
1350	0.0007342143906020558
22	0.0007342143906020558
3055	0.005139500734214391
879	0.0007342143906020558
3056	0.013215859030837003
507	0.0007342143906020558
1820	0.0007342143906020558
474	0.0007342143906020558
288	0.0007342143906020558
2362	0.0007342143906020558
1219	0.0007342143906020558
117	0.0007342143906020558
1475	0.0007342143906020558
3057	0.007342143906020558
910	0.0007342143906020558
805	0.0014684287812041115
128	0.002202643171806167
3058	0.008810572687224669
1977	0.0007342143906020558
1702	0.0014684287812041115
900	0.0007342143906020558
249	0.0014684287812041115
487	0.0007342143906020558
2320	0.0014684287812041115
1225	0.0007342143906020558
3059	0.0014684287812041115
418	0.0007342143906020558
3060	0.004405286343612334
3061	0.0066079295154185015
1193	0.0014684287812041115
2059	0.0007342143906020558
3062	0.004405286343612334
2838	0.0007342143906020558
1393	0.0007342143906020558
2186	0.0007342143906020558
2655	0.0007342143906020558
924	0.0007342143906020558
3063	0.011013215859030836
86	0.0014684287812041115
224	0.0014684287812041115
1548	0.0014684287812041115
3064	0.012481644640234948
3065	0.016152716593245228
230	0.0007342143906020558
1075	0.0007342143906020558
1202	0.0007342143906020558
235	0.0007342143906020558
425	0.0014684287812041115
1729	0.0007342143906020558
988	0.0007342143906020558
1743	0.0007342143906020558
2389	0.0007342143906020558
1037	0.0007342143906020558
1460	0.0007342143906020558
1260	0.0007342143906020558
3066	0.011747430249632892
2296	0.0007342143906020558
2845	0.0007342143906020558
974	0.0007342143906020558
663	0.0007342143906020558
1705	0.0007342143906020558
2564	0.0007342143906020558
3067	0.02790014684287812
2137	0.0007342143906020558
1142	0.0007342143906020558
3068	0.010279001468428781
3069	0.01395007342143906
1944	0.0007342143906020558
1365	0.0007342143906020558
722	0.0007342143906020558
1238	0.0007342143906020558
862	0.0014684287812041115
893	0.0014684287812041115
1468	0.0007342143906020558
1327	0.0014684287812041115
1644	0.0007342143906020558
939	0.002202643171806167
3070	0.010279001468428781
3071	0.01541850220264317
1355	0.0007342143906020558
1753	0.0014684287812041115
87	0.0007342143906020558
2383	0.0007342143906020558
1149	0.0007342143906020558
1806	0.0007342143906020558
2396	0.0014684287812041115
3072	0.012481644640234948
3073	0.019823788546255505
1576	0.0007342143906020558
2788	0.0007342143906020558
197	0.0007342143906020558
693	0.0007342143906020558
1611	0.0007342143906020558
1864	0.0007342143906020558
3074	0.005873715124816446
1363	0.0007342143906020558
1307	0.0007342143906020558
1	0.0007342143906020558
3075	0.008076358296622614
3076	0.0066079295154185015
1816	0.0014684287812041115
583	0.0007342143906020558
2381	0.0014684287812041115
628	0.0007342143906020558
3077	0.008076358296622614
3078	0.01395007342143906
1897	0.0007342143906020558
684	0.0014684287812041115
265	0.0007342143906020558
17	0.0014684287812041115
2558	0.0014684287812041115
1048	0.0007342143906020558
196	0.0007342143906020558
3079	0.005139500734214391
2058	0.0007342143906020558
3080	0.008076358296622614
990	0.0007342143906020558
3081	0.002936857562408223
3082	0.027165932452276064
1830	0.0007342143906020558
1555	0.0007342143906020558
1853	0.0014684287812041115
395	0.0014684287812041115
3083	0.008810572687224669
2518	0.0007342143906020558
2423	0.0007342143906020558
3084	0.040381791483113064
3085	0.011747430249632892
1948	0.0007342143906020558
2083	0.0007342143906020558
2217	0.0007342143906020558
1789	0.0007342143906020558
1760	0.0007342143906020558
72	0.0007342143906020558
1429	0.0007342143906020558
352	0.0007342143906020558
1366	0.0007342143906020558
2115	0.0007342143906020558
677	0.0007342143906020558
2081	0.0007342143906020558
2660	0.0014684287812041115
885	0.0007342143906020558
1630	0.0007342143906020558
149	0.0007342143906020558
2235	0.0007342143906020558
2428	0.0007342143906020558
854	0.0007342143906020558
757	0.0007342143906020558
2517	0.0007342143906020558
1010	0.0007342143906020558
1319	0.0007342143906020558
2403	0.0007342143906020558
1382	0.0007342143906020558
381	0.0007342143906020558
3086	0.011747430249632892
1867	0.0007342143906020558
3087	0.02936857562408223
1562	0.0007342143906020558
1425	0.0007342143906020558
1990	0.0007342143906020558
460	0.0007342143906020558
1798	0.0007342143906020558
3088	0.008076358296622614
3089	0.005873715124816446
3090	0.008076358296622614
1053	0.0007342143906020558
183	0.0007342143906020558
610	0.002202643171806167
3091	0.008810572687224669
1005	0.002202643171806167
2097	0.002202643171806167
3092	0.005139500734214391
2234	0.0007342143906020558
2023	0.0007342143906020558
2700	0.0007342143906020558
3093	0.008076358296622614
3094	0.017621145374449337
452	0.0007342143906020558
2266	0.0007342143906020558
2591	0.0007342143906020558
315	0.0007342143906020558
2274	0.0007342143906020558
1213	0.0007342143906020558
3095	0.0066079295154185015
3096	0.005873715124816446
1129	0.0007342143906020558
2415	0.0007342143906020558
1343	0.0007342143906020558
3097	0.008810572687224669
907	0.0007342143906020558
3098	0.016886930983847283
2022	0.0007342143906020558
1358	0.0007342143906020558
1431	0.0007342143906020558
946	0.0007342143906020558
1357	0.0007342143906020558
903	0.0007342143906020558
162	0.0007342143906020558
3099	0.008810572687224669
3100	0.02422907488986784
600	0.0007342143906020558
1930	0.0007342143906020558
2468	0.0007342143906020558
957	0.0007342143906020558
811	0.0007342143906020558
489	0.0007342143906020558
2080	0.0007342143906020558
150	0.0007342143906020558
206	0.0007342143906020558
821	0.0014684287812041115
2582	0.0007342143906020558
2166	0.0007342143906020558
2609	0.0007342143906020558
3101	0.010279001468428781
661	0.0007342143906020558
2752	0.0007342143906020558
1271	0.0007342143906020558
1416	0.0007342143906020558
3102	0.008810572687224669
3103	0.0066079295154185015
2191	0.0007342143906020558
2547	0.0007342143906020558
1782	0.0007342143906020558
2156	0.0007342143906020558
3104	0.011747430249632892
936	0.0007342143906020558
1367	0.0007342143906020558
3105	0.0066079295154185015
3106	0.01395007342143906
2349	0.0007342143906020558
563	0.0007342143906020558
607	0.0007342143906020558
2019	0.0007342143906020558
1499	0.0007342143906020558
699	0.0007342143906020558
2643	0.0007342143906020558
286	0.0007342143906020558
931	0.0007342143906020558
3107	0.008810572687224669
505	0.0007342143906020558
3108	0.003671071953010279
2746	0.0007342143906020558
1296	0.0007342143906020558
2596	0.0007342143906020558
