1615	2909	0.0014630420285217782
2909	1774	0.00029206372481795534
2909	685	0.00046200841067771896
2909	2385	0.0009393319343015561
2909	1549	0.0014630420285217782
2909	1290	0.0014630420285217782
2909	1170	0.0006098172066988295
2909	2028	0.0005635596388803675
2909	724	0.0009728221025206967
2909	2379	0.0003588909105587571
2909	1105	0.0014630420285217782
2909	3027	0.003172603121591466
2909	3047	0.002309296280828975
2909	3078	0.002724333177089417
1774	3006	0.0012762198206128456
685	3083	0.0011884892342908313
2385	2968	0.0005919524361645103
2385	2967	0.0010511619352513656
2385	3005	0.00237224408666647
2385	3006	0.0008230840605909429
1170	2947	0.0009343013935804392
1170	3100	0.0010446702828769945
2028	2917	0.00038384277400184164
2028	2928	0.0005437762472040388
2028	2929	0.00044224903007140687
2028	2981	0.00041109190212264464
2028	3020	0.000976071234444336
724	2917	0.0013939184489743578
724	3005	0.00236439666765373
2379	2968	0.0009329404974462691
2379	2967	0.0002201235008114392
2910	2911	0.0005333890847547053
2910	649	0.00021926252644653113
2910	406	0.0002208295620854869
2910	94	0.0012084676697131798
2910	871	0.0014630420285217782
2910	106	0.0006677426433003492
2910	40	0.001504842282484794
2910	3056	0.0009654239105024371
2911	132	0.000756856082604922
2911	94	0.0009474980728357404
2911	406	0.0002630061241012439
2911	189	0.005058051030182884
2911	106	0.0005177403895709351
2911	2728	0.0004242267455022431
2911	3056	0.0032720873431946952
649	2921	0.0009116462057825016
649	2974	0.0009059353960413491
649	2980	0.0003934122950164543
649	3056	0.0014157421670524058
649	3068	0.0009064613987576025
649	3075	0.0003763515569113191
649	3083	0.0005778462833396279
132	2949	0.0002659505575035572
132	3099	0.0005729831667555229
406	2917	0.00038032609710745815
406	2968	0.00028454728776255154
406	2967	0.00043880910641972304
406	3027	0.001016394977051004
406	3047	0.0004391548961633685
406	3056	0.0007581602139553833
406	3078	0.0007145681231099152
406	3091	0.0006412657140360048
406	3102	0.00048412525953745486
94	2914	0.003691118468243755
94	2916	0.004769557396563681
94	2917	0.0022385107371837827
94	2918	0.0007823666362367158
94	2920	0.0011265209837147657
94	2921	0.0018497843784647371
94	2922	0.001999492698004753
94	2929	0.0011317646792375936
94	2934	0.004005104116702651
94	2946	0.0012009022049553203
94	2945	0.0025167437943862487
94	2949	0.0033182472469475226
94	2953	0.0009551911799766614
94	2955	0.0012367079855324118
94	2970	0.0036190095864793
94	2977	0.0019372387617924223
94	2980	0.0011480213611308873
94	2992	0.002441640394504066
94	2996	0.0009608906770434142
94	3014	0.0016474314091910777
94	3018	0.0027332540903330827
94	3031	0.0016582900305421625
94	3032	0.0011819772925008788
94	3047	0.004265206902733969
94	3068	0.0032973080790231874
94	3077	0.0014465224800631709
94	3079	0.0006077984360115239
94	3081	0.001513984019078802
94	3086	0.001489633408939436
94	3092	0.0019499313015820569
94	3093	0.0015533627252500388
94	3094	0.0029622462492265023
94	3098	0.002547605236681242
94	3100	0.00680536017752711
94	3099	0.0012636438887866958
94	3101	0.0049312228695285384
189	2913	0.0028857952658760165
189	2914	0.008445237301990299
189	2947	0.0032812531222350455
189	2948	0.0017957912917035005
189	2955	0.0020533192755957585
189	2970	0.007409917455021779
189	2972	0.0057103684420830615
189	2973	0.001901524655478479
189	2984	0.005913434136199141
189	2985	0.003429896984124254
189	2987	0.005723723690717269
189	2990	0.015409203102804726
189	2991	0.0026787657741397294
189	2998	0.003932966665439745
189	3001	0.0027614587945351556
189	3004	0.00528112015001778
189	3016	0.006538692022571425
189	3019	0.0033686637432482802
189	3024	0.0026670781502896577
189	3030	0.0006356028523577657
189	3039	0.004155614589024497
189	3040	0.0037667781338510085
189	3054	0.011728450764963042
189	3057	0.0012267042629992338
189	3060	0.0012257998705249627
189	3063	0.0029472717420693127
189	3064	0.005219502902381837
189	3068	0.004885185850509526
189	3082	0.003810559452005444
189	3088	0.0014439415446864487
189	3096	0.0011965984737428365
189	3097	0.0016820112194002206
189	3098	0.004268533574254103
189	3104	0.0018961240988415468
189	3106	0.004844795385171299
106	2917	0.001667488947031674
106	2920	0.00117178020326302
106	2947	0.0021708138303046473
106	2955	0.0011741208873179173
106	2957	0.0017892788494656272
106	2967	0.002489464300875961
106	2968	0.0006594420057690831
106	2974	0.003559753174061372
106	2977	0.0017606964391112384
106	2981	0.001160065060648145
106	2990	0.007785988766740198
106	2992	0.0022044334511999975
106	3002	0.002805920869212408
106	3004	0.004330165029838232
106	3012	0.002620975214714011
106	3029	0.0025329828504714975
106	3031	0.0016744749260018492
106	3047	0.002718658347510683
106	3056	0.005306888387547933
106	3071	0.004383110653689819
106	3075	0.0010554841105247703
106	3076	0.0008943673307966332
106	3078	0.0024624470273812756
106	3077	0.0010915572616778362
106	3079	0.0006921366298066431
106	3083	0.0016797569375547078
106	3086	0.0013436416107045289
106	3094	0.003341408230305361
106	3098	0.002488739216528402
106	3099	0.0014748394141637848
106	3103	0.0010592258363538748
2728	2977	0.0007602393931711171
2728	3029	0.0004051811773243792
40	2914	0.002195762856514005
40	2918	0.0011623060709992175
40	2921	0.002441915117673183
40	2933	0.0036119601820814866
40	2945	0.001581386762459194
40	2947	0.0023979282364110423
40	2952	0.002342448902601689
40	2957	0.001969740746807146
40	2962	0.00563889627571097
40	2963	0.0009660332319678486
40	2974	0.0023655567007432603
40	2976	0.003096636556602044
40	2977	0.002431833414524863
40	2990	0.0064019764757412756
40	2992	0.0018429118188459468
40	2994	0.0019014352265202415
40	3002	0.00350682859850773
40	3007	0.0039005450856699118
40	3014	0.00201474813983687
40	3029	0.002611157430257502
40	3037	0.0018126939709798185
40	3075	0.0014068944589672406
40	3077	0.0015502863746343274
40	3079	0.0007859107064799069
40	3086	0.0018881550482719508
40	3091	0.0009383076774491436
40	3092	0.0018056533543038679
40	3093	0.0018156600249672457
40	3095	0.0015663076307032774
40	3101	0.004177809440047253
40	3102	0.002693174522967315
40	3107	0.006334866420657288
2912	75	0.0020107810737258805
2912	541	0.0005929123309890696
2912	2702	0.0014630420285217784
2912	138	0.0007837987609910727
2912	384	0.0024617833824818434
2912	2438	0.0014630420285217784
2912	1062	0.0008444727462766664
2912	565	0.0008738734221359967
2912	101	0.0018371757546390747
2912	1694	0.0012830847435783747
2912	405	0.0009508913017909328
2912	404	0.0014630420285217784
75	2928	0.0005855662200247722
75	2947	0.0011182721470971138
75	2983	0.002303436228166392
75	2991	0.0016223099005651098
75	2999	0.003154843312395168
75	3013	0.0012260905993920488
75	3029	0.0018703491132384005
75	3035	0.001516857860183135
75	3043	0.0015525060712607063
75	3068	0.001632108260478986
75	3091	0.0007488710086814765
541	3010	0.0008016308585053544
541	3104	0.000765993934182185
138	2929	0.000300097393785835
138	2943	0.0005898408335354133
138	2977	0.0005497599490280809
138	3029	0.0005890589111809195
138	3076	0.0002812689844416601
138	3078	0.0005399722649074405
384	2942	0.0003899621604065128
384	2972	0.0007378165024941319
384	3011	0.0004003204256833867
384	3022	0.0005315369379822156
384	3028	0.0006002813850054366
384	3036	0.0006714736199729837
384	3038	0.00028192373249686856
384	3043	0.000394658023855711
384	3053	0.00040823203915588027
384	3067	0.0008540500352500005
384	3073	0.0005525101088554943
384	3072	0.00016340568906886464
384	3087	0.0008320962888123793
1062	3107	0.001218784361154758
565	2932	0.0011723441165402578
565	2952	0.0007604812310491705
101	2917	0.00063176782374273
101	2926	0.0004809531520069764
101	2929	0.0004738759511979676
101	2943	0.0008339374744772214
101	2968	0.0003060688439613422
101	2967	0.0007970696424017107
101	3004	0.0016325536994362842
101	3031	0.0006262129623382843
101	3032	0.0004197236389432874
101	3033	0.001962437890288899
101	3042	0.0010966181669811623
101	3047	0.00119959769296402
101	3076	0.00048167954730802463
101	3080	0.0008970465428515633
101	3103	0.0006196697848732923
1694	3023	0.0008906596262717481
1694	3084	0.0011947167644923353
405	2962	0.0007631087671735745
2913	21	0.006692755512893576
2913	232	0.0005302241540720298
2913	34	0.0008830653128330107
2913	912	0.001463042028521778
2913	179	0.0005545747937999062
2913	350	0.001463042028521778
2913	1222	0.0004860880794238369
2913	357	0.0005407962506853558
2913	211	0.000783959145977762
2913	9	0.0009739754264533521
2913	63	0.004965948405129457
2913	1776	0.001463042028521778
2913	309	0.0006049151761480927
2913	2736	0.0008952234216183533
2913	1128	0.001463042028521778
2913	366	0.0007674216890456322
2913	1325	0.0008148574016555572
2913	2704	0.001463042028521778
2913	689	0.001463042028521778
2913	1074	0.001463042028521778
21	2916	0.017445821904077088
21	2918	0.0032612448255951165
21	2919	0.006607301165990414
21	2920	0.004041085837612135
21	2924	0.0032815338131630713
21	2926	0.002916901681618132
21	2929	0.003311818813767054
21	2928	0.0020082069323173264
21	2933	0.007822310560243217
21	2934	0.011313145727179546
21	2939	0.0019101929170098463
21	2942	0.003561144897270435
21	2943	0.006641830147742992
21	2946	0.0028265950791795257
21	2945	0.009471431052493921
21	2947	0.006169386789322734
21	2948	0.004500087450760466
21	2955	0.003707989976566889
21	2963	0.0012161618158902476
21	2964	0.007932374686384193
21	2965	0.0033394201836251217
21	2968	0.004286469377979514
21	2970	0.011700767115001124
21	2972	0.014136731880684015
21	2977	0.007531669335295778
21	2980	0.0039135094877352245
21	2981	0.005565861571818606
21	2983	0.008570157360628244
21	2988	0.00437390550128827
21	2990	0.028535369154959588
21	2991	0.006443027270251956
21	2995	0.005639087361447335
21	2996	0.003343547879616839
21	2998	0.008380223536516244
21	3000	0.005202142995698936
21	3001	0.004948620963191755
21	3004	0.00863874796148236
21	3006	0.006592231302996491
21	3011	0.006284555582196071
21	3012	0.00958037840336604
21	3014	0.0055086333308528215
21	3016	0.015394011479917244
21	3019	0.007706293441333707
21	3022	0.005934253878042892
21	3024	0.006247735583060848
21	3030	0.0014660435794507378
21	3038	0.003697560949683529
21	3040	0.007835629719662522
21	3042	0.007093170389322529
21	3043	0.006856628814640033
21	3053	0.0072525205701690545
21	3057	0.002745693775830263
21	3058	0.017270750689783544
21	3060	0.002587353666492314
21	3064	0.01165849420778961
21	3066	0.009395218917773234
21	3067	0.010837484572600288
21	3068	0.009399973958593048
21	3072	0.002804621826846914
21	3073	0.009936805737841153
21	3076	0.003656357836201306
21	3075	0.004883170543984672
21	3078	0.009736746476912026
21	3079	0.0020003599171389747
21	3082	0.010324481738921386
21	3083	0.0052262303921334205
21	3085	0.00855877684190474
21	3086	0.004698868954914633
21	3087	0.012643708580686582
21	3091	0.004550723515986711
21	3094	0.010774141981380731
21	3095	0.002783089669266694
21	3096	0.002513620018044192
21	3097	0.00362577492168097
21	3098	0.007913667129717918
21	3100	0.017126080128334973
21	3101	0.01718758597920911
21	3103	0.004008077024749717
21	3104	0.004326271735178547
21	3106	0.010999113656468974
232	2948	0.00044483815249670247
232	2961	0.0007962605767916489
232	2964	0.0005276078318176807
232	2971	0.00030464024070097696
232	2973	0.00021219493323838237
232	2983	0.0004580318138108504
232	2985	0.00037954510380875625
232	3088	0.00018170885831605987
232	3104	0.0003125109138395999
34	2924	0.0006024902628982426
34	2948	0.000711337989317898
34	2961	0.0017445808606008318
34	2971	0.000444293386752873
34	2987	0.0010042209291925524
34	2991	0.000640462858910804
34	2995	0.0007349285105365234
34	3000	0.0004842554087891995
34	3010	0.0007940366636636442
34	3019	0.0008203674242937681
34	3024	0.0006992117185028447
34	3027	0.0014870248611792633
34	3039	0.0009402306429134114
34	3040	0.001058531763645596
34	3043	0.0007166086803502272
34	3067	0.0011184911027934733
34	3085	0.0006995154137975117
179	2944	0.00019488370316216052
179	3036	0.00041966370987904327
179	3039	0.0002877395295789477
179	3043	0.00034877842992854275
179	3097	0.00038477103243674557
1222	2959	0.00031924320882401465
1222	2983	0.0003870628729822127
1222	2985	0.0003724997778859353
1222	3010	0.0004461327459583418
1222	3019	0.0006561141286943403
1222	3043	0.0003083320426771863
1222	3053	0.0003527006670574565
357	2959	0.000965638381149645
357	2963	0.00026005896584538807
357	3012	0.0008131564055388475
357	3043	0.0005696578793229558
357	3066	0.0007278016513949708
357	3077	0.0006984983205266972
211	3053	0.0007468921235163755
9	2961	0.0020874947277746687
9	2964	0.0007182516326422918
9	2971	0.00033831393408102165
9	2983	0.0005885138640259976
9	2993	0.0009400975322609847
9	3000	0.0006331116925004012
9	3010	0.0007773978993280721
9	3024	0.0009728700588472522
9	3028	0.0006493980639803637
9	3036	0.0008654619789935566
9	3039	0.0008755288818546705
9	3043	0.0005461085033005406
9	3052	0.001345903514539108
9	3053	0.0006215041157445041
9	3064	0.0011847083419017181
9	3067	0.0009220521976242162
9	3087	0.0011999036728054442
9	3096	0.0006103337060031156
9	3104	0.0006392852745901604
63	2931	0.016399507576474327
63	2936	0.004058138079460088
63	2939	0.0012147160203475039
63	2940	0.007375071655341012
63	2946	0.0026146975633756916
63	2950	0.002404694578144902
63	2953	0.0012574276548283903
63	2956	0.003077442652672944
63	2971	0.0067027955105688425
63	2974	0.0066055238038531675
63	2975	0.0014630420285217782
63	2982	0.002977739208144178
63	2987	0.013532653771912085
63	2990	0.013754402028103461
63	2999	0.008359240595984706
63	3006	0.00450110097025717
63	3007	0.008026375664143616
63	3009	0.02304059444095453
63	3010	0.007618832166356567
63	3012	0.004172015923932454
63	3014	0.00444643224320176
63	3016	0.009022239830595124
63	3018	0.003953716411722165
63	3019	0.009883069492204452
63	3024	0.00659029168754769
63	3027	0.0050288850252928115
63	3028	0.007724837887398623
63	3030	0.0011805957302761492
63	3035	0.00521713016886035
63	3040	0.01327703290889792
63	3045	0.0040581380794600915
63	3048	0.0017730833439604352
63	3051	0.013973577475969891
63	3058	0.008919770431759661
63	3061	0.002968066120293438
63	3068	0.00675245617119838
63	3071	0.008023240933946858
63	3081	0.002671553621086878
63	3089	0.0071347540934728025
63	3092	0.003978216754746319
63	3098	0.005181475513726484
63	3106	0.006087978640304416
63	3107	0.00967061625691361
309	2948	0.0005316489834249387
309	3104	0.00041457899157766354
2736	3057	0.000601829081656062
366	2948	0.0005771464735660242
366	2964	0.000605937907319977
366	2973	0.0003482188034883149
366	2983	0.0005443933318078435
366	2985	0.0008717695472337815
366	2993	0.0006882356326624407
366	3024	0.0007660040360416238
366	3028	0.000490253798955502
366	3036	0.0007384592916804355
366	3040	0.0008357445553141289
366	3043	0.0004784718142354818
366	3052	0.0010190364742523781
366	3064	0.000963856952628138
366	3067	0.0007983506966077425
366	3085	0.0008071760809369528
1325	2987	0.0008014776436310957
42	2914	0.001264430991242365
42	3021	0.0004881925802652414
2914	1180	0.0014630420285217782
2914	2489	0.0014630420285217782
2914	292	0.00046576858290161644
2914	1877	0.001301506548168702
2914	274	0.0007179962449483118
2914	278	0.001092441664371851
2914	2095	0.0014630420285217782
2914	687	0.0010939702375565197
2914	2261	0.00044667038357568795
2914	595	0.0015094544158143317
2914	726	0.00034349463214403445
2914	1876	0.0012815458184891038
2914	409	0.0027568856164827673
2914	252	0.0009943320196261524
292	2945	0.0004700293999083621
292	2992	0.0002963730066778322
292	3018	0.00033340456106993653
292	3031	0.0005289876631325972
292	3107	0.0005999943638667368
1877	2966	0.0014630088146284123
1877	2997	0.0010591884979137718
1877	3033	0.0025829912216335602
274	2958	0.0009284108278775527
274	2990	0.0017077406070349604
274	2997	0.0009318161639709829
274	3021	0.001256039053617204
274	3035	0.000957384449039826
274	3098	0.0014275000573204463
278	2915	0.0008666115295174926
278	2992	0.0007598915333559714
278	2999	0.0005893019542613321
278	3021	0.0005356268034487443
687	2915	0.001286797757105096
687	2997	0.0005072795785241522
687	3021	0.0008042701189046553
687	3091	0.0020351754528591835
2261	2990	0.0010887750688673723
595	2966	0.0003997502185289923
595	3069	0.0005162134139255062
595	3070	0.0002723206811753305
726	2945	0.00044009821858409287
726	2990	0.0008573986242544864
1876	2989	0.0007174947526727953
409	2915	0.0010899236472341985
409	2931	0.001484120745320021
409	2945	0.0036208942492133404
409	2979	0.004582671495427113
409	2999	0.0003898641354285129
252	2915	0.0030842886247963736
252	2974	0.001997054325025234
252	2992	0.0007967949811719866
252	2997	0.0011357390725828687
252	2999	0.0005605610721148085
252	3018	0.0006673355036715016
252	3021	0.0019786943178117604
252	3035	0.001622603895583374
252	3091	0.001849538859286347
713	2915	0.0014630420285217782
2915	858	0.0015426844575800152
2915	552	0.0004042481308260761
2915	891	0.0014630420285217782
2915	2076	0.0005220188418900704
2915	2715	0.0005918861434536295
2915	2073	0.0014630420285217782
2915	928	0.001256839787674502
2915	243	0.0014630420285217782
2915	1963	0.0014630420285217782
2915	2002	0.000696033405654147
2915	979	0.0014630420285217782
2915	2979	0.0013376107037687296
858	2990	0.002336398360185786
858	2999	0.00040975087255136456
858	3021	0.0008746238614050176
858	3071	0.0009114892230783896
552	3025	0.00036721012567807345
552	3107	0.0013666289251167434
2076	2931	0.0012731845981911246
2715	2945	0.0017801316226297183
928	2990	0.0027463725029934576
928	2997	0.0004910441622255861
928	2999	0.0004711133998855369
928	3021	0.0006448374679167146
2002	3012	0.0018409110635301596
2202	2916	0.0014630420285217784
2916	1955	0.0014630420285217784
2916	217	0.0008361938994883294
2916	1740	0.0006057366144451226
2916	2371	0.0014630420285217784
2916	2177	0.0014630420285217784
2916	2057	0.0006057366144451226
2916	851	0.0014630420285217784
2916	1470	0.0014630420285217784
2916	1371	0.0014630420285217784
2916	2176	0.0014630420285217784
2916	1160	0.0006057366144451226
2916	2527	0.0014630420285217784
2916	2969	0.0037243195931912043
2916	3008	0.001652501609257134
2916	3015	0.0017325471620285287
217	3073	0.001030580928568437
1740	2970	0.0008948596795013496
2057	2970	0.0008948596795013496
1160	2970	0.0008948596795013496
450	2917	0.0005299954944666066
450	2981	0.0009330465340551771
2917	1662	0.0005299954944666066
2917	1919	0.0005299954944666066
2917	618	0.0010263875449243258
2917	1394	0.0014630420285217782
2917	2981	0.0008494869169358019
1662	2981	0.0009330465340551771
1919	2981	0.0009330465340551771
618	2927	0.000543082867713276
618	2935	0.00048506778591777416
2918	26	0.001465569624515532
2918	2241	0.0014630420285217782
2918	1625	0.0004475617570444636
2918	508	0.00041776829365257204
26	2935	0.0005339405665524208
26	2978	0.00023107476689301627
1625	2980	0.00039983928988996515
1625	3027	0.000801144487791777
1625	3047	0.00039801011906803323
1625	3056	0.00041828524941595725
1625	3102	0.00038180353169280085
508	2980	0.0003549197261181278
508	3056	0.0006591079164988639
508	3100	0.0013235907445385813
508	3102	0.0005133223420212172
314	2919	0.0006926462996480386
314	2995	0.0008901469351597017
2919	1259	0.0015342084322265276
2919	1424	0.0005760459145078135
2919	7	0.0005271709041721565
2919	538	0.0010199020157257935
2919	996	0.0014630420285217782
2919	969	0.0014630420285217782
2919	112	0.0013824069142123934
2919	1775	0.0014630420285217782
2919	1383	0.0014630420285217782
1259	2990	0.0016211857936682128
1259	3012	0.0006258901946272631
1259	3018	0.0006178666139133453
1259	3025	0.0027887723803355943
1259	3068	0.0014450149316385052
1259	3071	0.0006464990312375159
1424	2983	0.00043980655163041035
1424	3010	0.0004991191929529595
1424	3036	0.0004074436247173289
1424	3087	0.0006239952499327573
7	2993	0.0003738225844828772
7	3016	0.0011148615458696205
7	3022	0.00039959517402187025
7	3038	0.00030944602720795063
7	3067	0.0009641675575923318
538	2952	0.000505826184822376
112	2952	0.001613607215791021
112	2959	0.0007092964991091991
112	2961	0.002707314373820209
112	2971	0.0003975087846204893
112	2972	0.0013415572589420962
112	2983	0.0005176488664153741
112	3000	0.0007616210254850502
112	3010	0.0010151991866676037
112	3011	0.0007150692532288987
112	3036	0.0009633568099539311
112	3039	0.0008799855416451183
112	3043	0.0005162917053536261
112	3053	0.0005587863878924199
112	3067	0.0009772417482336894
112	3073	0.001011343259019795
112	3072	0.0002665309433446387
112	3087	0.001040702325203908
112	3104	0.0006431357947665088
2920	2921	0.0005647981004721696
2920	371	0.0004499421791235709
2920	2180	0.0006014060884560274
2920	139	0.0014630420285217782
2920	1043	0.0014630420285217782
2920	1308	0.0014630420285217782
2921	3054	0.0034747508696724425
2921	3087	0.001951315321012511
371	2990	0.0008686133921321537
371	3068	0.0006324161221578413
2180	2972	0.0010381411805288417
2718	2922	0.0014630420285217782
2922	481	0.001092793205017659
481	2950	0.0008472939126917522
481	2953	0.00046663696311079645
481	2959	0.0004306251825857346
481	2964	0.0007514045688178827
481	2983	0.000546593158732555
481	3036	0.0005721799024952093
481	3043	0.0004391717829053628
481	3063	0.000503761599268643
481	3087	0.0009651545615238315
2923	1915	0.0004463028016709265
2923	2515	0.0014630420285217782
2923	875	0.0007572210803304007
2923	503	0.0014630420285217782
2923	2954	0.0003092749559898113
2923	2955	0.003597052209971323
1915	2954	0.0005680809426315889
1915	2966	0.0005449994442278394
1915	2989	0.0008678944867309391
875	2966	0.0005834339826212711
875	2997	0.0005159828270680254
875	3071	0.001326576004166358
2924	818	0.00034769564843275803
2924	1583	0.0014630420285217782
2924	1529	0.0006777976139231142
818	3027	0.00045508301118791643
818	3040	0.0008851139125631679
1529	2956	0.000285042553294474
1529	3027	0.0006721816617812474
2925	2182	0.0003756614644442551
2925	2455	0.0001229209300742548
2925	1030	0.0014630420285217782
2925	1333	0.000628041093247968
2925	1386	0.00013765251861289868
2925	1178	0.0017863765465608108
2925	184	0.00034971527235768015
2925	3046	0.0003949383327408325
2925	3090	0.0003957654078725977
2182	2936	0.0004300211918057045
2182	2940	0.00042857490788219204
2182	2941	4.166007227410454e-05
2182	3045	0.0004300211918057042
2182	3089	0.00047330114942516265
2182	3090	4.129843723122349e-06
2455	2940	0.0014739526965611273
2455	3046	9.369300886477242e-06
2455	3090	9.728417731966142e-06
1333	3009	0.021374628563853495
1333	3034	0.005314031521121922
1333	3050	0.008212822697908321
1333	3055	0.0067636066679378935
1386	3089	0.0014999005805416722
1178	2998	0.0031408643743240728
184	2936	0.00042876428284649323
184	2940	0.0004293829207845421
184	3046	2.962713975283424e-06
184	3045	0.000428764282846493
184	3090	3.1422723980278746e-06
184	3089	0.0004627046842858476
2926	2927	0.0011873128269497637
2926	1127	0.0005242918929365021
2926	294	0.0002572310023279261
2926	269	0.0005744121244537479
2927	1065	0.0009704972953890052
2927	1845	0.0009704972953890052
2927	1821	0.0009633051326406904
2927	739	0.0014630420285217782
2927	762	0.0011237814996350806
2927	1073	0.0009699915773466449
2927	1719	0.00032022280537523444
2927	1587	0.0014630420285217782
2927	329	0.00022125108702734228
2927	1291	0.0014630420285217782
2927	1898	0.0014630420285217782
2927	1060	0.00023694862577003758
2927	3004	0.003856515372891264
2927	3042	0.0021866738178923165
2927	3078	0.002304934770680801
1065	2935	0.000592920209764328
1845	2935	0.000592920209764328
1127	3016	0.00108248990721349
1821	2935	0.0006229412082070989
1821	2978	0.0005483794309314963
762	3019	0.002235292335981149
1073	2970	0.0018482041667678933
1073	3020	0.001420583348778958
294	3040	0.0006120399381974327
294	3042	0.0005053979334974735
294	3067	0.0007333724686682951
1719	2935	0.0005287280893871974
1719	3086	0.0017297717891011086
329	2935	0.000454341764404515
329	3042	0.0014126879717903367
269	2952	0.00041623985166996
269	2976	0.000368116480573492
269	3066	0.0007126819370940943
1060	3001	0.001323755997631798
2928	2929	0.0001588851386050932
2928	1505	0.0007782528686202836
2928	69	0.001270744794678011
2928	1506	0.0009210808073254716
2929	1506	0.0006722559752326126
2929	2633	0.001463042028521778
2929	1505	0.0006847891599014922
1506	2978	0.00033129588366108837
69	2942	0.0010754171013174828
69	2943	0.0032888733545609838
69	2944	0.0009380955222248646
69	2948	0.0014489400461328813
69	2959	0.0020683729660526326
69	2964	0.0016888004300304963
69	2965	0.0012811691362270665
69	2973	0.0010880664421260042
69	2987	0.0032988881636368188
69	2991	0.0017076128277446101
69	2993	0.0017265831317422877
69	3000	0.001444335319364028
69	3004	0.0049363766944508876
69	3006	0.0024772239791320304
69	3010	0.002504811358102012
69	3016	0.005794969547080425
69	3019	0.0020578272379560953
69	3022	0.0020161925469477497
69	3024	0.0018174732552970142
69	3027	0.0033175847481091898
69	3028	0.0018039278565189839
69	3036	0.0035092353676499186
69	3037	0.00384890911249505
69	3038	0.0009346960830081129
69	3053	0.0014505543673398451
69	3054	0.005731824545501945
69	3057	0.0009721900427001898
69	3063	0.0021300470591987157
69	3064	0.0027746497240897
69	3067	0.0022233427273612425
69	3082	0.0023927992645262587
69	3095	0.001347831898731621
69	3096	0.0008879950396501696
69	3100	0.006650009917270375
2930	2931	0.002923929355970623
2930	1131	0.0014630420285217782
2931	1482	0.0014630420285217782
2931	632	0.0014630420285217782
2931	764	0.0010940629327166635
2931	787	0.010196045477120845
2931	471	0.0009029782185849007
2931	509	0.0014217911914016607
2931	1033	0.0005927017029009894
764	3069	0.0006656217900905375
764	3070	0.0005685510571148203
787	3062	0.008745931655036667
471	2990	0.0019524403774440328
509	2992	0.0009374164005610887
509	2997	0.0005164994692756342
509	3021	0.0010974292806599465
509	3035	0.001252171822764457
1033	2992	0.0009324740747870629
1033	2999	0.000591828547446889
2932	2933	0.006547791425886081
2932	797	0.0011562310819721456
2932	208	0.001463042028521778
2932	1203	0.001463042028521778
2932	1442	0.001463042028521778
2932	2187	0.001463042028521778
2932	1881	0.001463042028521778
2932	1400	0.0018792395200870878
2932	1042	0.001463042028521778
2932	550	0.0011310298303614861
2932	340	0.001514135022924108
2932	908	0.0009909311067703957
2932	2503	0.0015990741624421676
2932	1134	0.001463042028521778
2932	192	0.0005458811827149531
2932	2070	0.001463042028521778
2932	1274	0.001463042028521778
2932	237	0.0011806334762905803
2932	738	0.001463042028521778
2932	306	0.0011774151048234702
2932	32	0.001463042028521778
2932	35	0.0015990741624421676
2932	1621	0.001463042028521778
2932	2295	0.0015990741624421678
2932	1516	0.001463042028521778
2932	727	0.001463042028521778
2932	3020	0.003216689881623273
2932	3100	0.010148852177867491
2933	637	0.0014630420285217782
2933	2229	0.0014630420285217782
2933	2021	0.0014630420285217782
797	3023	0.0009942029182477923
797	3084	0.0011347738625832823
1400	3054	0.002671847205679731
550	3065	0.0011168196551184077
340	3023	0.001058115446021348
340	3065	0.001024162006445324
340	3084	0.0013347972902804281
908	3039	0.0011353588425569363
908	3094	0.0011370686997419048
2503	3005	0.0024524661134928596
2503	3084	0.0018572241805419878
192	3094	0.0013127627362609434
237	2985	0.001029664676153922
237	3002	0.0007902524214418908
237	3094	0.0010835434032768273
306	3020	0.0006255575865135792
306	3056	0.0013644251214593249
35	3005	0.0024524661134928596
35	3084	0.0018572241805419876
2295	3005	0.0024524661134928596
2295	3084	0.0018572241805419876
2934	2935	0.006584541665773058
2934	2	0.001115995141919801
2934	2292	0.0007857260700756039
2934	387	0.0014630420285217782
2934	1689	0.0020435956735828757
2934	2426	0.0014630420285217782
2934	1609	0.0014630420285217782
2934	2738	0.0014630420285217782
2934	386	0.0006790824612366485
2934	191	0.001025612637288407
2934	881	0.001259505000606824
2935	881	0.00020353702791495228
2935	1046	0.0014630420285217782
2935	2074	0.0014630420285217782
2935	819	0.0014630420285217782
2935	293	0.0014630420285217782
2935	2151	0.0014630420285217782
2935	1941	0.0012533127587769771
2935	774	0.00034293921589709377
2935	27	0.00034293921589709377
2935	1054	0.0014630420285217782
2935	378	0.0014630420285217782
2935	1510	0.0014630420285217782
2935	1146	0.0014630420285217782
2935	1577	0.0014630420285217782
2935	1707	0.0014630420285217782
2935	1978	0.0014630420285217782
2935	307	0.0014630420285217782
2935	3004	0.013187946070986084
2	2959	0.0007055768715530782
2	3041	0.000637723284341613
2	3067	0.0012127948010250858
2	3080	0.0005814627397168084
2292	3106	0.0010590710634686385
1941	3100	0.0024674911154823507
774	2943	0.001515358505131085
1689	2989	0.001546104751009837
27	2943	0.001515358505131085
386	3080	0.00042478982173406156
386	3094	0.0010021863272818758
191	3007	0.0007551434293266647
191	3077	0.00045440684354933105
2936	3046	0.000865851963142426
2936	3090	0.00093507578509081
2937	2938	1.5771935895801065e-05
2937	181	0.0014630420285217782
2937	113	0.002576524625502957
2937	260	0.0004097098627105421
2937	394	0.0002244706302709977
2938	113	0.0014472700926259784
113	2944	0.00023864423414128493
113	2959	0.0005288495642088205
113	2971	0.0005523166465440311
113	2983	0.0006499459887102658
113	3028	0.0006966126899406184
113	3036	0.0006151739966962602
113	3038	0.00046370390935625207
113	3053	0.0006056020754247813
113	3067	0.0010062618147514788
113	3072	0.00033197723199293724
113	3073	0.0007077533155997961
113	3087	0.0009637745171614205
260	3082	0.0018103716129416647
394	3063	0.0014598630928161912
2939	2939	0.0
2939	1286	0.0002585738127810561
2939	1045	0.0003493893843831148
1286	2946	0.0004436056134041194
1286	3030	0.0003602571831523908
1286	3060	0.00028138978243680415
1286	3061	0.00016086468642093882
1045	2946	0.0005537466755096239
1045	3060	0.0004008431209914117
1045	3061	0.00019102952085787327
2940	2941	0.0018552375849342172
2940	3046	0.0008642261207961692
2940	3090	0.0009343477348582754
2941	1385	0.00015885886273650114
2941	2181	0.0002832564533962674
1385	3046	0.0006524506997381177
1385	3090	0.000653887167120073
2181	3046	0.001180503808816475
2942	601	0.00035483416528948587
2942	2108	0.00032503581713599986
2942	134	0.0002836975871083484
2942	791	0.00042211774337286246
2942	876	0.0003346384795869245
2942	1589	0.0014630420285217782
2942	869	0.0014630420285217782
601	2961	0.0005761539877056143
601	2987	0.0007347040596583675
601	2991	0.00040791852244240483
601	3039	0.0003781914600463751
601	3057	0.00030751277130957596
601	3067	0.0008224783225207956
601	3104	0.0003523195400936156
2108	2972	0.0006973014502782065
2108	3082	0.0005815652107907396
134	2959	0.00028886045424602653
134	2972	0.0007392300604959325
134	2983	0.0003154148275162157
134	3022	0.00039117803732160875
134	3028	0.0004115984774852683
134	3038	0.00021146137405051588
134	3052	0.0008054292021544168
134	3053	0.0002928852001073235
134	3073	0.000385016865397601
134	3072	0.00014641284751965017
791	2959	0.0004524218630483234
791	2987	0.0008113039836156245
791	2993	0.00030848064476195365
876	3000	0.00040134418167185636
876	3010	0.0005019364649666738
876	3064	0.000637351311167376
2943	161	0.001051984660196614
2943	1749	0.0006583085037279772
2943	758	0.0006215793231017371
2943	25	0.0011025167316954373
2943	30	0.0014630420285217782
2943	338	0.0006076851353506379
2943	1302	0.0014630420285217782
2943	379	0.00048167097658328306
2943	1055	0.0014630420285217782
2943	943	0.0014630420285217782
2943	2995	0.001036147320215672
2943	3001	0.0006457896084765823
2943	3078	0.0008318426981073489
161	3047	0.0005757718419380269
1749	2995	0.0005201529579821728
1749	3033	0.0013269895886355728
1749	3042	0.0008700960515666666
1749	3052	0.001440415879320479
1749	3100	0.001691197247146474
758	2995	0.0006209417557729507
758	3033	0.0005261639290636754
25	2974	0.002461904087092028
25	3020	0.0031492149948912163
25	3033	0.0015507458899018268
25	3037	0.001385601286117712
25	3047	0.0011278525631864661
25	3078	0.0011784677810872768
25	3080	0.0007508470441002485
25	3093	0.0008048638128076795
338	3018	0.0010033011282611587
338	3067	0.0010810327809243692
338	3097	0.00038699099436849947
379	3042	0.00047369194758457384
379	3078	0.00039374396055333186
379	3094	0.0007132910286852983
2944	98	0.00015337186568489616
2944	950	0.0005854670832530257
2944	388	0.00012763236382077632
2944	617	0.0001182927307964445
2944	231	0.000210937275878372
2944	426	0.00011194030166777335
2944	23	0.00017091958466586713
2944	494	0.00011643543506735632
2944	999	0.0003281427761635161
2944	48	0.0002747898663218147
2944	1844	0.00020608031762669746
2944	61	0.0005147120919111022
2944	157	0.00013961161002668576
2944	201	0.00016911248897580837
2944	3054	0.0007946021046607765
98	3011	0.0002744987261953399
98	3022	0.0003209859429207561
98	3053	0.0004151761992766861
98	3067	0.0006295694425125518
950	3094	0.0011108471699352361
388	2959	0.00022882124391536055
388	2972	0.0005105318168652129
388	2983	0.00025875275383600204
388	3011	0.0002556365337382975
388	3022	0.00033862573207149306
388	3053	0.000228682618187623
388	3067	0.0004096044753012602
388	3072	0.00012224966737952296
388	3087	0.0003575248805682043
617	2964	0.00041201363579257216
617	2983	0.00030224365737220306
617	3022	0.00033420961392456513
617	3036	0.0003590224686213039
617	3067	0.0004075723364057436
617	3087	0.00039020431830679613
231	3028	0.0005195949390037685
231	3038	0.00042216348324777196
231	3085	0.000518707867447424
426	2959	0.00018133074026961712
426	2964	0.00037227843106514287
426	2983	0.00024407219578195547
426	3036	0.0003403743861537641
426	3038	0.0001912534873319155
426	3043	0.00023250655451413957
426	3053	0.0002225103590472678
426	3067	0.00037245349537881595
426	3087	0.00036586144054592346
23	2954	0.0013496800859299498
23	2959	0.00031229412697922977
23	2964	0.00055936417428019
23	2971	0.00035919756679652525
23	2983	0.0003590288085249003
23	3036	0.00041378891932028684
23	3038	0.0002348764239997745
23	3053	0.00032214563306658713
23	3087	0.0007553838641592001
494	2964	0.00040151540517918466
494	3022	0.00029010017840444877
494	3038	0.00019374922333681392
494	3043	0.0002817272043745396
494	3053	0.000255589773140973
494	3067	0.00040030078476668255
494	3087	0.0004023244438714134
999	3001	0.00039700699554319393
999	3024	0.0005869399087311794
999	3079	0.0002993296099697798
999	3086	0.0004337385761770285
48	2959	0.0004986281177894895
48	2964	0.0004810201981167547
48	2971	0.0002919675275317187
48	2973	0.00029874599153132596
48	2987	0.0009612236091693762
48	2995	0.0006429749978486621
48	3010	0.0005867889507207242
48	3019	0.0007433270335229438
48	3036	0.0007045980395490212
48	3038	0.00034372887870526574
48	3052	0.0008845252112764949
48	3064	0.00089782601284895
48	3067	0.0007206485116880811
48	3088	0.0003005776996470958
48	3097	0.00043407003220508354
1844	2964	0.0008532372291825886
1844	3036	0.0004963921056532808
61	2959	0.0010735839750964764
61	2972	0.0017136241301533236
61	2974	0.004343621916315008
61	3010	0.0011033944458575873
61	3011	0.0007501687654228878
61	3028	0.0007731405901515164
61	3031	0.002302494199849552
61	3038	0.0004660819049417457
61	3067	0.0014340316052694226
61	3073	0.00110593113658746
61	3080	0.0018203256188254026
61	3085	0.0015905493504265924
61	3087	0.0015899458901475591
61	3088	0.0004819716624597425
157	2959	0.00026132828705133855
157	3011	0.00028261729798814445
157	3019	0.0007405935202759278
157	3022	0.0002850762576294767
157	3028	0.0003586805960352883
157	3038	0.00020705449796520051
157	3072	0.0001841200441354711
201	2959	0.0003044247868680792
201	2964	0.0006290442752975407
201	2971	0.0002581102551402942
201	2983	0.00039345784946935407
201	3022	0.000495741100283507
201	3028	0.00036179800148577925
201	3036	0.00043198262413475687
201	3039	0.0006083525038884905
201	3043	0.0003423636982972992
201	3048	0.0005074551671855874
201	3049	0.0008779104298954576
201	3053	0.0003522172864682099
201	3067	0.0007480954423633965
201	3072	0.0002332878449148295
2945	2946	0.0008137045996095718
2945	1700	0.0014630420285217782
2945	97	0.0014630420285217782
2945	980	0.00032471898327400404
2945	272	0.00040407353789117845
2945	268	0.0007131957541843406
2945	400	0.00039033204109476053
2945	781	0.0014630420285217782
2945	705	0.0005650815913358627
2945	1224	0.0006061248221790799
2945	151	0.0010618445967057705
2945	510	0.00042075613350620256
2945	1270	0.0008737447111805327
2946	497	0.0009506311636184572
2946	536	0.0014630420285217782
2946	2946	0.0
497	2969	0.00047746373144651725
497	2998	0.0008610270605738489
980	2990	0.0007196781391386684
980	3012	0.0004667075679607532
980	3093	0.00046858583070449216
980	3098	0.00047145305284883635
980	3101	0.0004994049973769963
272	2990	0.0006951559440758551
272	3098	0.0005431587126668639
268	2990	0.0015850799167697674
268	2997	0.0005213837125723862
268	3021	0.0005910549767092525
400	2955	0.0005619528648605465
400	2990	0.0012307423103990966
400	3018	0.00047876387489371016
400	3035	0.0009356077028479685
400	3066	0.0011822108417175582
400	3091	0.00047285518221550554
400	3093	0.0007230252783009582
400	3099	0.0010441622747936034
400	3107	0.0015051331087050923
705	2990	0.0013261027499380093
705	3021	0.0005574247866202306
1224	2974	0.0005203278404645869
1224	2990	0.001320486634518592
1224	3080	0.001007396136715229
151	2997	0.00039688161108185203
151	3021	0.00042043289224690574
151	3107	0.0008117346583325565
510	2990	0.0010841793599426944
510	2992	0.0003882260682387583
510	3021	0.0009641023968839878
510	3098	0.0008328713039714188
1270	2958	0.0005771871616192876
1270	2976	0.0006948945799838645
1270	2992	0.00045209956552202376
1270	3035	0.0007882212160467458
1270	3071	0.0007537043161013687
2947	2948	0.0011901989552636008
2947	334	0.0014630420285217782
2947	24	0.0014630420285217782
2947	1063	0.0007565873328568934
2947	490	0.000875435495319144
2947	353	0.0014630420285217782
2947	467	0.0012014865637760342
2947	264	0.0015101656109587113
2947	688	0.0014630420285217782
2947	1724	0.0020561687625568355
2947	1121	0.0014630420285217782
2947	318	0.0014630420285217782
2947	1910	0.0007649431258092115
2947	657	0.0007529167023406165
2948	146	0.000937319681580965
2948	569	0.0008447089935317133
2948	703	0.0014630420285217782
2948	299	0.00037867938269166274
2948	2174	0.0014630420285217782
2948	1398	0.0014630420285217782
2948	1551	0.0014630420285217782
2948	822	0.0004611944651837751
2948	3035	0.0025592606647473577
1063	3054	0.00117388204474816
1063	3068	0.001215833703612266
1063	3082	0.0006351421289902747
490	3094	0.0006856943910648449
146	3039	0.00035844196707706923
146	3088	0.0002602337085482392
467	3107	0.0006763112080042584
264	3020	0.0006142604543629852
569	3052	0.00032873009208018273
569	3097	0.0005429310064994573
299	2965	0.00030785916065260765
299	2971	0.00026986771205265054
299	2983	0.00033776206938473176
299	2985	0.00041032655364138683
299	2991	0.0005062338399077674
299	3028	0.0003841750926913517
299	3053	0.00033842750544435817
299	3057	0.0002671876007982739
299	3087	0.0007458292016491741
299	3088	0.0001693948487529383
299	3104	0.00029519831646727127
1724	3005	0.0036848647485326
1724	3033	0.0026178226142381557
1910	2968	0.0002692754688288383
1910	2967	0.00027523091081188165
1910	3047	0.00042743125839909746
1910	3094	0.0006254361417391605
657	2962	0.0007066792431066015
657	2974	0.0008634727457017866
657	2994	0.00027562154825831574
657	3086	0.0005851009656585645
657	3099	0.00046216133605514584
822	2959	0.0002678141980417636
822	2987	0.0008103199630591885
822	3028	0.0003339398934417561
822	3053	0.00032314003855059346
822	3067	0.00043692869319639417
822	3087	0.0005395012513813187
2949	2799	0.0014630420285217782
2949	2522	0.0014630420285217782
2949	2061	0.0014630420285217782
2949	3022	0.0031716269362653993
2950	2950	0.0
2950	142	0.00024731988322862394
2950	285	0.0003911751447845972
2950	1500	0.0014630420285217782
142	3016	0.0008224628972048711
142	3106	0.0006347460863672821
285	2998	0.0008188566942704036
285	3009	0.0019607526792848515
285	3029	0.001167663126111762
285	3093	0.0012441612117846065
285	3106	0.0009985414737118299
2951	796	0.0004880397930194354
2951	749	0.0004880397930194354
2951	1379	0.0004880397930194354
796	3003	0.00029368575624082356
796	3017	0.00029368575624082356
796	3034	0.0008409199759583275
796	3050	0.0008453730248423898
796	3055	0.0008433260588231029
749	3003	0.00029368575624082356
749	3017	0.00029368575624082356
749	3034	0.0008409199759583275
749	3050	0.0008453730248423898
749	3055	0.0008433260588231029
1379	3003	0.00029368575624082356
1379	3017	0.00029368575624082356
1379	3034	0.0008409199759583276
1379	3050	0.0008453730248423898
1379	3055	0.000843326058823103
2952	525	0.0014630420285217782
2952	559	0.00043797237032929914
2952	322	0.0006484299826254964
2952	582	0.0003576437932014559
559	2972	0.000959121454170599
559	3042	0.0006677047714512007
559	3073	0.0003709206695779813
322	2963	0.0004422035942334063
322	3001	0.0006298808524448799
322	3019	0.0020477969607392782
322	3020	0.0013411193610208256
322	3033	0.0016708194881617268
322	3080	0.0006787508863024498
322	3099	0.00055806132251407
582	3001	0.0007718806600733006
582	3029	0.00047660427884508287
582	3099	0.000428542512037799
2954	2955	0.0012493441077456877
2954	53	0.0006535306480737693
2955	2745	0.0014630420285217782
53	3069	0.000492416786775299
53	3070	0.0006078534564437225
1346	2956	0.001463042028521778
2957	1884	0.0014630420285217782
2957	1525	0.0014630420285217782
2957	2509	0.0008690217267824715
2957	3064	0.002751068070492939
2509	3005	0.0011852339582452407
2958	592	0.00015752877509095928
2958	985	0.00012007485349454463
592	3018	0.001460512749860401
985	3021	0.001436973231241238
2959	45	0.00044620294193183346
2959	2762	0.0014630420285217784
2959	403	0.00023542811274270104
2959	548	0.00017937665641112497
2959	721	0.0014630420285217784
2959	2226	0.0004153920287983406
2959	492	0.0007280322445674572
2959	182	0.0005540867629825215
2959	629	0.00025326111545696724
2959	33	0.00023792376613252327
2959	1399	0.00046238995871162084
2959	691	0.00018334277573755792
2959	895	0.0005914566643370559
2959	2679	0.0013106087340553094
2959	730	0.00018212831692390215
2959	236	0.0005540867629825215
2959	43	0.0001957674841412865
2959	119	0.00022200548455938277
2959	2984	0.0012730233906283188
2959	3054	0.0016698332380711489
45	2964	0.001035838014865225
403	2971	0.0002663050037684886
403	2983	0.00033231332242451253
403	3036	0.00024181000561629878
403	3067	0.0005026523023386379
403	3072	0.0002068327034013092
548	2964	0.0004615328753034327
548	2972	0.0003412098221079731
548	2984	0.00032285219882579723
548	2983	0.00023157336336030723
548	3036	0.0003473306293889546
548	3038	0.00023824199545031336
548	3053	0.00022465526102386643
548	3073	0.00031863504039745096
2226	3038	0.0004809257465261054
2226	3043	0.0006072124878755855
492	3016	0.0010744408280285367
182	3043	0.000925190211416558
629	2971	0.00029077700635844403
629	3011	0.0003087902200798082
629	3036	0.0003068669284922397
629	3067	0.00043603669368406423
629	3072	0.00017718021966473503
629	3087	0.00041592972854555054
33	2964	0.0004392739177132175
33	2972	0.0004562618555973431
33	3073	0.00031447283064947254
33	3087	0.0004576206002562989
1399	2973	0.00020311288602096225
1399	2987	0.0007920897239198155
1399	3039	0.000371359031098757
1399	3041	0.0005131135708922776
1399	3064	0.0008914335258670665
691	2964	0.0003644311055130112
691	2983	0.00026482263454961934
691	3028	0.00036281789355131923
691	3053	0.00023233821361371063
691	3067	0.000362571220384085
691	3072	0.0001504589538413958
691	3087	0.0003496121626401559
895	3040	0.0007966677809300614
895	3042	0.0006239616598052208
2679	3084	0.0014897055154546462
730	2964	0.0003690979784946395
730	2983	0.0002595706900436665
730	3028	0.00036312585454794993
730	3043	0.00024260810039307494
730	3053	0.0002338086898188483
730	3067	0.00036740362865749426
730	3087	0.0003610358359840054
236	3043	0.000925190211416558
43	2964	0.0004265450812561607
43	3011	0.00027217168135484064
43	3028	0.00039055361529779993
43	3038	0.00020639854570715378
43	3053	0.00026955165955677696
43	3087	0.0004694909511730292
119	2964	0.00033152145455066077
119	2983	0.00028392046956788713
119	3019	0.0007649828101013315
119	3022	0.00037065240540042163
119	3036	0.00034546141093869456
119	3053	0.00025014365908378135
119	3067	0.00041469764570136564
119	3087	0.00044441117866757447
2960	2303	0.002923929355970623
2960	2395	0.0014630420285217782
2303	3011	0.004382661982346534
2961	2962	0.0037963799149345837
2961	1637	0.00041535141516803575
2961	1015	0.0003341861892120347
2961	392	0.0004707898002526294
2961	1084	0.0004335977848915265
2961	1157	0.0004829824715848955
2961	95	0.0004675986483444367
2961	1380	0.0014630420285217782
2961	20	0.0019833814282364253
2961	108	0.00038522096977810496
2961	590	0.0004153514151680357
2961	1237	0.00046167882879013063
2961	886	0.0014630420285217782
2961	792	0.001569041564467207
2961	434	0.00043600057803632125
2961	889	0.00038037214218749086
2961	185	0.0014630420285217782
2961	1216	0.0004153514151680357
2961	708	0.00045522500698557734
2961	91	0.0014630420285217782
2961	3044	0.004137032407982264
2962	1899	0.0014630420285217782
2962	1862	0.0014630420285217782
2962	665	0.0014630420285217782
2962	731	0.0005455528374553133
1637	2983	0.0012020949547298751
1015	2964	0.00124582696433577
392	2964	0.0004971824369231767
392	3000	0.00028384281298636017
392	3019	0.0006118693384601245
392	3024	0.0005841057362534441
392	3041	0.0003152954123393342
1084	3085	0.000636636138208878
1084	3097	0.000656545037095601
1157	3057	0.0005434818474076804
1157	3064	0.0008902304512878913
95	2964	0.0005279588916165393
95	2965	0.00035891572926404516
95	2991	0.000391003259517409
95	3019	0.0007019845014118589
95	3041	0.0003268585944899746
20	2987	0.002462570209186103
20	2989	0.0035718584200272706
108	3010	0.00048194539742808833
108	3024	0.0007570082254737825
108	3085	0.00044056846013121835
590	2983	0.0012020949547298754
1237	2987	0.0006159992160752553
1237	2991	0.0005045710198844241
1237	2995	0.00047716467651293793
1237	3010	0.0005908485156255357
1237	3041	0.0003716448733305776
731	2991	0.0011993777340693187
731	3041	0.000387068309812676
792	2987	0.0009361370571792361
792	3013	0.0007523428356355763
792	3084	0.0015548176809388992
792	3100	0.0019050854076464118
434	2976	0.0006130118684862594
434	2987	0.0008002285884076254
434	3024	0.0009143183399485036
889	2987	0.0005021107078229814
889	2991	0.0003980617025421311
889	3019	0.0006273466251968406
889	3085	0.0003292508338291491
1216	2983	0.0012020949547298754
708	2976	0.0006345190884802943
708	2987	0.0011488741779338014
708	3041	0.0004094252848423153
2963	2964	0.0007380005966677542
2964	123	0.0005023271320016315
2964	282	0.0009515023014119825
2964	1783	0.000916387095807992
2964	1248	0.0004467559307191747
2964	327	0.0004537936601091538
2964	325	0.0003586706970039981
2964	519	0.0004777592957534279
2964	1153	0.0006854447030983433
2964	311	0.0014630420285217782
2964	651	0.0005695634032775527
2964	566	0.0007930227308239649
2964	391	0.00046342654952885945
2964	2972	0.0023790739848633924
2964	3084	0.007413567290483859
123	2987	0.000570551821897348
123	3024	0.0005427262988806107
123	3041	0.0003370453486042391
123	3083	0.0006249372736000876
282	3019	0.0009447616596878916
282	3020	0.001313855006367246
282	3083	0.0005543422846174098
282	3086	0.000499823147066035
282	3099	0.00046111123806121413
1783	3020	0.0012571906364688482
1783	3024	0.0010886403257542696
1783	3100	0.0008452122494815912
1248	2973	0.0001878799114685374
1248	2983	0.0004416923558510167
1248	2995	0.00038807903397466027
1248	3028	0.00044137132271077415
327	2983	0.0003736420172317336
327	3053	0.00033883359210170526
327	3087	0.00047495161906930595
325	2972	0.000435985564411527
325	3043	0.00029063698267555284
325	3053	0.00027351435091258836
325	3087	0.0003792469947124476
519	2983	0.0003750500853182794
519	3036	0.0003525032693715056
519	3087	0.0004900206217709277
1153	2987	0.0006876165333416147
1153	2994	0.0003975089727106847
1153	3000	0.00031451753971938854
651	3011	0.0002654932331035282
651	3022	0.00028832290806069715
651	3053	0.00042908028982832527
651	3072	0.00020579998374606028
566	2987	0.0012443592980771335
566	3000	0.0005077830730198967
566	3020	0.0016313564308660566
566	3086	0.0006955135982888197
391	2995	0.0002881345930258831
391	3000	0.0002744657211917724
391	3019	0.000637026868095435
2965	894	0.0012456686262441632
2965	686	0.0002979295523985931
2965	1406	0.0014630420285217782
2965	882	0.0006599602662165261
2965	67	0.00034783931579242917
894	2966	0.000636416158625725
686	2973	0.00018900630246769702
686	2985	0.00024363805788783828
686	2991	0.0005607507810593494
686	3038	0.00041301884928028577
686	3088	0.0001687562278180125
882	3095	0.0008191981849728107
67	2983	0.0005969861262839164
67	3039	0.0002883595170830979
67	3064	0.000662845180514755
67	3088	0.00018156162965327421
2966	188	0.0014630420285217782
2966	1034	0.0014630420285217782
2966	499	0.0015907699361010965
2966	845	0.0006406804426185532
2966	1488	0.0015511283436176828
2966	1027	0.0014630420285217782
2966	1405	0.00014746546907623098
2966	1715	0.0014630420285217782
2966	681	0.0014630420285217782
2966	694	0.0014630420285217782
2966	1002	0.0014630420285217782
2966	1240	0.00013493138799126984
2966	557	0.0004112907678985579
2966	1840	0.0004519523864664369
2966	1452	0.0012998725379673216
2966	464	0.0009330268142648091
2966	553	0.0005960362309533879
2966	2989	0.0025555944312772435
2966	2990	0.012024972813825906
499	3051	0.0018558930288063297
845	2989	0.0008223615859032234
1488	2979	0.0016435636868463363
1488	3026	0.0005619539463097776
1488	3074	0.0008108752181670852
1405	2990	0.0013015217422770388
1405	3070	6.150437007325416e-05
1240	2990	0.0013281106405305082
557	3069	0.0003865475079147584
557	3071	0.0010103517971392292
557	3070	0.00018458771667284672
1840	3069	0.00038244529615477516
1840	3070	0.0001525822210556958
1840	3071	0.00048198641740836016
1840	3098	0.001371948196697489
1452	3025	0.0007096382329753908
464	3069	0.0006711267026308102
553	3066	0.0014327841594485725
553	3070	0.0003451738252128421
2967	2968	0.0018361891475706387
2967	2625	0.00040121570855547
2967	1622	0.0014630420285217782
2967	407	0.0014630420285217782
2967	475	0.0014630420285217782
2625	3012	0.0013034351827697873
2969	2970	0.006093480426323993
2969	625	0.000236636816175833
2969	424	0.0005340586210838563
2969	477	0.0003709452711585198
2969	504	0.0014630420285217782
2969	2662	0.0006263089541457558
2969	2144	0.00037094527115851987
2969	1449	0.00020521912550310037
2969	153	0.0014630420285217782
2969	1143	0.0007748552801211828
2969	1523	0.0014630420285217782
2969	1021	0.00037094527115851987
2969	2441	0.0014630420285217782
2969	1273	9.582155084835544e-05
2969	814	0.000527390610686754
2969	975	0.00019329770641221916
2969	1050	0.00037094527115851987
2969	2367	0.0003709452711585199
2969	454	0.0006263089541457558
2969	222	0.0014630420285217782
2969	2145	0.0003135661989960992
2969	126	0.0004702694194222288
2969	3008	0.00030769947236482676
2969	3015	0.000444237889191205
2970	1330	0.0014630420285217782
2970	776	0.0014630420285217782
2970	223	0.0014630420285217782
2970	1437	0.0014630420285217782
2970	1107	0.0014630420285217782
2970	1851	0.0014630420285217782
2970	2158	0.0008363814925815672
2970	1273	0.0013672204776734246
2970	3008	0.002682073592870941
625	3008	0.00012582285711804035
625	3015	0.0001428895782152444
625	3060	0.0009375283000284568
625	3061	0.0006353837883535339
424	3008	0.0009289834074379269
477	3008	0.0006116077179722777
477	3015	0.00048603809423205797
2662	3015	0.0008367330743760279
2144	3008	0.0006116077179722777
2144	3015	0.00048603809423205797
1449	2996	0.0013352607415928193
1143	3008	0.000374604842327885
1143	3015	0.00036551407223564357
1143	3024	0.0026512535795243635
1021	3008	0.0006116077179722777
1021	3015	0.00048603809423205786
2158	3100	0.0011027477704981458
814	3015	0.0003639436719648869
814	3094	0.0019153064188738153
975	3014	0.0014257969104455347
975	3015	5.4919057878220934e-05
1050	3008	0.0006116077179722777
1050	3015	0.00048603809423205786
2367	3008	0.0006116077179722777
2367	3015	0.00048603809423205786
454	3015	0.0008367330743760279
2145	3007	0.0004937741284647205
2145	3008	4.2482461976686775e-05
2145	3014	0.0011273599652786635
126	3013	0.0004991332691307942
126	3079	0.001315642574419826
2971	2972	0.002772338080138371
2971	1660	0.0014630420285217782
2971	3054	0.0023711466220793236
2972	1377	0.0009248017957512117
2972	2421	0.0014630420285217782
2972	892	0.0008868796044291479
2972	1147	0.0015213957330999519
2972	670	0.0010497452065069163
2972	682	0.0005988303281027222
2972	284	0.0007890479650771658
2972	402	0.0005889357799607132
2972	1124	0.0010189070711311488
2972	753	0.0008015047184554277
2972	1212	0.001806879247606581
2972	1606	0.001255058545035924
2972	1859	0.0008015047184554278
2972	275	0.0012134457021767164
2972	1159	0.0006772462726773589
2972	1114	0.0009041629014217228
2972	446	0.0016456461076270132
2972	473	0.0007890479650771656
2972	547	0.0008868796044291479
2972	82	0.0007890479650771656
2972	111	0.0006596963222575747
2972	136	0.0014630420285217782
2972	658	0.00039805854490993224
2972	1803	0.0007403763845716889
2972	46	0.0011193309964766679
2972	440	0.0014630420285217782
2972	5	0.0010408582147348638
2972	1632	0.0008868796044291479
2972	1016	0.0014630420285217782
2972	849	0.0008873655887960012
2972	771	0.0008868796044291479
2972	887	0.0011193309964766674
2972	1748	0.0011193309964766674
2972	810	0.0009981680715089776
2972	1802	0.000886879604429148
2972	396	0.0009179608506088719
2972	99	0.0006596963222575747
2972	2983	0.0010176585792779386
2972	3036	0.002131505856513617
2972	3073	0.0010627735179935087
2972	3087	0.0014929291166230275
1377	3011	0.00030471793540243127
1377	3072	0.0002890325863403549
892	3054	0.0006351509612080406
1147	3065	0.0005103056145786543
670	2984	0.00043794303432536443
670	3051	0.0006804852633879035
682	3054	0.000493477888710746
682	3082	0.00051112241072227
284	2984	0.0002462148632330629
284	3054	0.0005612318194576656
402	3054	0.0005046583006480896
402	3063	0.00020142543355466426
402	3082	0.00047544888031494486
1124	2984	0.0005717127030079718
1124	3023	0.0015306027380355201
1124	3041	0.001006180807744855
1124	3054	0.001004801440986684
1124	3082	0.0007032382068958573
753	3082	0.0006886751477455795
1212	3005	0.0011524858179702353
1606	3005	0.0023286149679251967
1606	3054	0.0012446072356505846
1606	3082	0.0008679537071919374
1859	3082	0.0006886751477455795
275	3063	0.00030681663017602867
1159	2984	0.000316754551396875
1159	3051	0.0009933735486012364
1159	3054	0.0006212282152843063
1159	3082	0.0005806146421228961
1114	3011	0.00031054951528913897
1114	3073	0.00031455822914209846
446	2983	0.0007661508375897228
446	3028	0.0005765850442077203
446	3053	0.000823023649560993
446	3067	0.0014324527734239677
446	3082	0.0012959007189033973
446	3087	0.0014213243983290285
446	3107	0.006202925957626748
473	2984	0.00024621486323306296
473	3054	0.0005612318194576656
547	3054	0.0006351509612080406
82	2984	0.00024621486323306296
82	3054	0.0005612318194576656
111	2984	0.0002461206406352435
111	3063	0.00019220756191228565
111	3082	0.0005493463598198209
658	2984	0.0002492057096754398
658	3011	0.0003965392330164844
658	3054	0.0007333587533600703
658	3072	0.0001806020266232899
658	3073	0.00034535316457249144
658	3082	0.0004237545652952445
1803	2984	0.00034330917629413714
1803	3079	0.0006362192733083093
46	2984	0.0003678783712805358
5	3073	0.00042218381378692437
1632	3054	0.0006351509612080406
849	3073	0.00030324863451492513
849	3072	0.0002801033583632511
771	3054	0.0006351509612080406
887	2984	0.00036787837128053586
1748	2984	0.00036787837128053586
810	3065	0.0005780359399985983
810	3082	0.0007278597577791805
1802	3054	0.0006351509612080406
396	3023	0.0011465067684584872
396	3054	0.0007515717740422488
396	3082	0.0006352191708473174
99	2984	0.0002461206406352435
99	3063	0.00019220756191228567
99	3082	0.0005493463598198209
2973	2213	0.0014630420285217782
2973	1324	0.0007448513992444299
1324	3084	0.000911632615689377
2974	435	0.0014630420285217782
2974	801	0.0006246571337082707
2974	1744	0.0007411099272052148
2974	1485	0.0004897150214406969
2974	376	0.0010132812928771392
2974	3025	0.010633025826231586
801	3012	0.000867808355444203
1744	3095	0.0008119896704454705
1485	2990	0.0009649961830584373
1485	3018	0.00031670900173609253
1485	3035	0.00044975956801432453
376	3029	0.0005802990232531741
2976	2857	0.0014630420285217782
2976	109	0.0010098516375340392
2976	6	0.0004887054291206392
2976	680	0.00035244100587463145
2976	13	0.0014630420285217782
109	2987	0.0010527338238864286
109	3000	0.0004368647685766359
109	3037	0.0006403042125829537
109	3066	0.0007707489726346994
109	3067	0.0014312199107363425
6	3020	0.0007497369678933523
6	3075	0.0010805173724021972
680	3075	0.0011828128426202768
2977	2978	0.008266567516618677
2977	127	0.0007979972161838697
2977	987	0.0014630420285217782
2977	417	0.0011904552541467594
2977	2117	0.002005298299180354
2978	2606	0.0014630420285217782
2978	619	0.0014630420285217782
2978	1857	0.0007045810967004628
2978	1080	0.00024404265334927315
2978	137	0.0003049877715925657
2978	2203	0.0014630420285217782
2978	1764	0.0014630420285217782
2978	655	0.0014630420285217782
1857	3047	0.0013227042213666646
1080	3078	0.001550736063118707
137	3075	0.0004765836515351434
137	3076	0.00040560429619967384
137	3086	0.000839800504517216
127	3095	0.0007040536710598495
417	3054	0.0012236497469472394
2117	3005	0.0016839651408510224
2979	2482	0.0014630420285217782
2979	2244	0.0014630420285217782
2979	1629	0.0014630420285217782
2979	788	0.0014630420285217782
2979	1310	0.0014630420285217782
2979	1322	0.0014630420285217782
2979	1563	0.0007325896849685361
2979	2486	0.00019377164239796254
2979	1676	0.0014630420285217782
2979	244	0.0022603004520204335
2979	216	0.0014630420285217782
2979	1040	0.0014630420285217782
2979	570	0.0014630420285217782
2979	1483	0.0014630420285217782
2979	1597	0.0014630420285217782
2979	1527	0.0014630420285217782
2979	2433	0.0014630420285217782
2979	1058	0.0014630420285217782
2979	1208	0.0007325896849685361
2979	323	0.0014630420285217782
2979	2143	0.0014630420285217782
2979	752	0.0014630420285217782
2979	1407	0.0032068512423105945
2979	168	0.0014630420285217782
2979	1151	0.0014630420285217782
2979	1530	0.0014630420285217782
2979	1419	0.0014630420285217782
2979	1520	0.0014630420285217782
2979	532	0.002035607716586361
2979	410	0.0014630420285217782
2979	62	0.000732589684968536
2979	2999	0.00847717026388464
2979	3025	0.0025928712731557836
2979	3107	0.016244019713372318
1563	3025	0.0007304523435532423
2486	3107	0.0012692703861238146
244	3012	0.0033487443593514907
1208	3025	0.0007304523435532423
1407	2989	0.0023715323589695945
1407	3037	0.002171187454735191
532	3021	0.0025495986810875905
62	3025	0.0007304523435532423
2980	472	0.0014630420285217782
2980	676	0.0004038048746260527
2980	2570	0.0007820723677657482
2980	254	0.0010773243811026932
676	3092	0.000539108900120607
676	3100	0.000910441887477044
2570	3027	0.0007313665946676731
254	3084	0.000909723181818772
2981	2806	0.0014630420285217782
2981	1006	0.0003335585139327726
1006	3001	0.0004679804832379503
1006	3004	0.0006051593941738583
1006	3100	0.0006977134986166416
2982	2982	0.0
2982	630	0.0014630420285217782
2982	444	0.0002761013863822713
444	2998	0.0006087124408216123
444	3016	0.0009701115547485734
2983	2984	0.0013342364985054816
2983	502	0.0005182099149677731
2983	1359	0.0004582670589450275
2983	759	0.0008929039511970909
2983	81	0.0005537428109381878
2983	1352	0.0014630420285217782
2983	1885	0.0014630420285217782
2983	1207	0.0005182099149677731
2983	3054	0.002106961265714745
2984	326	0.0012516286336354695
2984	585	0.00026233909935435064
2984	2562	0.0014630420285217782
2984	1912	0.0014630420285217782
2984	951	0.00048774864824068095
2984	226	0.0004313338407427525
2984	603	0.0005058721933051418
2984	1103	0.0004313338407427525
2984	389	0.0006680975006277935
2984	1834	0.00035443589585960373
2984	2033	0.0004463977476287023
2984	215	0.0003702408861229947
2984	650	0.000487748648240681
2984	447	0.00033327592047342904
2984	1426	0.0009532251567510732
2984	2153	0.0009189874461203298
2984	1023	0.0017454956802131377
2984	838	0.0014630420285217782
2984	3053	0.0012535321916640723
2984	3087	0.0019204259483079126
502	3036	0.0004089654528192315
502	3087	0.0006331130455033964
326	3001	0.0014053701998335418
326	3005	0.004290704964172543
326	3023	0.0028228087311912564
326	3054	0.001714536093178899
326	3082	0.0010772657581433695
585	3054	0.0005832966082959158
585	3063	0.00021092810305053678
585	3082	0.0006720754331343896
1359	2995	0.00042504035637937865
1359	3000	0.00036609205994276363
1359	3022	0.00035183854392039645
1359	3087	0.0006016856889483817
951	3054	0.0010255901231763901
226	3082	0.0010548745958419905
603	3051	0.0007629602717987368
603	3054	0.0009649432073783757
1103	3082	0.0010548745958419905
389	3073	0.0008470887893289775
1834	3011	0.0002853491313953014
1834	3073	0.0003007636249823163
1834	3072	0.00020901537289002518
1834	3082	0.0006664551971745199
2033	3054	0.0008608072124804645
2033	3086	0.0011501790147887966
215	3036	0.00046779406251311816
215	3040	0.0009075939272914379
650	3054	0.0010255901231763901
447	3063	0.00023102748887706372
447	3073	0.00047312338400073284
447	3082	0.0007157794494931489
759	3097	0.0006146502287882301
1426	3023	0.0014156695774045817
1426	3054	0.0011060422551074057
1426	3100	0.0019924054546211654
81	3036	0.0004269641913048671
81	3053	0.0005324260403448563
2153	3063	0.0005721089594255943
1023	3016	0.0019263706315101963
1023	3059	0.002923929355970623
1023	3106	0.001560679679565546
1207	3036	0.00040896545281923156
1207	3087	0.0006331130455033963
2985	1148	0.0002905468177433252
2985	1415	0.0014630420285217786
2985	1445	0.00032462602730928337
2985	1139	0.0003585079128224791
2985	1092	0.0014630420285217786
2985	147	0.0006501125514016685
1148	3010	0.0004233261572613435
1148	3028	0.00046874420741271254
1148	3085	0.0004948167281585025
1148	3104	0.00043197711615339235
1445	2995	0.00048609892950450133
1445	3019	0.0009408230363660754
1139	3028	0.0008965686849941522
1139	3088	0.00030069411028942153
147	3042	0.0009819272035469346
2986	2987	0.005019966152592286
2986	817	0.0014630420285217782
2986	864	0.0014630420285217782
2986	1913	0.0014630420285217782
2986	935	0.0014630420285217782
2986	2552	0.0014630420285217782
2986	1564	0.0004714446678159795
2986	3000	0.003677629144562268
2987	983	0.0006767506022646243
2987	2082	0.0010835772613491455
2987	716	0.0007292331550144221
2987	737	0.0014630420285217782
2987	1031	0.000640872426973914
2987	14	0.0014630420285217782
2987	1793	0.0014630420285217782
2987	19	0.001195424310657205
2987	16	0.0008054978758669028
2987	3023	0.0062764498197098745
2987	3084	0.0074146899069038015
983	3067	0.0007158154476824261
983	3104	0.0004100922343076936
2082	3073	0.0008166719960963982
716	3052	0.00044307094501404407
716	3085	0.0004184201147913148
716	3088	0.00021097871643680995
716	3095	0.0005316391600339691
716	3097	0.00031504668209402783
1031	3019	0.0008700616487968253
1564	3023	0.001133506599555206
1564	3041	0.0007195846333036453
19	3016	0.0010026982405576827
19	3029	0.001104728766630507
19	3104	0.0005186831687547554
16	3019	0.0007912473681752619
16	3077	0.000711961550568346
2988	344	0.0003828809557676094
2988	316	0.0014630420285217782
2988	2138	0.000677353670752041
2988	423	0.0013858105949829315
2988	3016	0.0005027276541751673
2988	3106	0.0003477170759964891
344	3016	0.0010801610727541734
2138	3007	0.000540416887003518
2138	3035	0.0007085238094686141
423	3105	0.0001309101938151902
2989	2990	0.024132461589757594
2989	1882	0.0014630420285217782
2989	1137	0.0014630420285217782
2989	2288	0.0014630420285217782
2989	491	0.0014630420285217782
2989	2400	0.0014630420285217782
2989	462	0.000723647379638387
2989	766	0.0006627398919530542
2989	830	0.0014630420285217782
2989	463	0.0006627398919530542
2989	594	0.0014630420285217782
2989	1967	0.0014630420285217782
2989	486	0.0006471082978901277
2989	1871	0.0014630420285217782
2989	361	0.0014630420285217782
2989	2649	0.0014630420285217782
2989	1387	0.0014630420285217782
2989	2685	0.0014630420285217782
2989	556	0.0004703459898939627
2989	1123	0.0005984692458703557
2989	2537	0.0014630420285217782
2989	335	0.0006727016155593726
2989	1320	0.0014630420285217782
2989	2719	0.0014630420285217782
2989	1486	0.0014230344430905446
2989	613	0.0009393418137661601
2989	554	0.0014630420285217782
2989	2305	0.0014630420285217782
2989	1536	0.00019673268236676287
2989	575	0.00502818498988384
2989	102	0.0007392129651609355
2989	438	0.0014630420285217782
2989	1112	0.0014630420285217782
2989	1677	0.0014630420285217782
2990	1465	0.0014630420285217782
2990	70	0.0012826181212870027
2990	335	0.0006380487339803275
2990	1593	0.0011806025668559658
2990	857	0.0017059971618234142
2990	613	0.0010421084393539284
2990	1115	0.000830317098309489
2990	1534	0.0014630420285217782
2990	290	0.001653877945424238
2990	1211	0.0014630420285217782
2990	333	0.0014630420285217782
2990	883	0.0012755381564399492
2990	1536	0.001266309346155015
2990	3070	0.005515637545782338
2990	3074	0.006430461222998029
70	3012	0.0006771758518481757
70	3041	0.0013306956570380115
70	3066	0.0006289076090824488
70	3071	0.0005640809565897624
462	3058	0.0014246323282417592
335	2999	0.0004860535267357508
335	3037	0.0005957833056144441
335	3071	0.0004231534344582014
335	3098	0.0008690414897828704
1593	3066	0.0005494336681855867
766	3101	0.0013153434847382297
857	3021	0.0005148600876406586
463	3101	0.0013153434847382297
486	3071	0.0010052477866850584
613	3042	0.0013802254371113193
1115	3012	0.0004702859902526345
1115	3066	0.0005784937695024597
1115	3071	0.00032352392216417313
556	3098	0.0013912652565966548
1123	2999	0.0004136403533326797
1123	3012	0.0009578977718878457
1123	3071	0.0004328614324677517
290	2997	0.0003706196963884795
1486	3026	0.0006348511583103571
1486	3069	0.000942485755286521
575	3083	0.001485186831542922
575	3084	0.005009400228309522
102	3037	0.001017340666687752
883	2992	0.000380230822817194
2991	2750	0.0014630420285217782
2991	420	0.0014630420285217782
2991	273	0.0014630420285217782
2991	207	0.0014630420285217782
2991	3084	0.005361366715064492
2992	2993	0.0024363668505670527
2992	2456	0.0009074563935353927
2992	2240	0.0014630420285217782
2992	678	0.00037992835525962453
2992	1739	0.0014630420285217782
2993	2128	0.0012641948418081145
2993	1503	0.000382367196062628
2456	3047	0.0007108033962591726
2128	3026	0.0004971033030077984
2128	3069	0.0005937089708686099
678	3098	0.0011578009859851493
1503	3022	0.0005469495397655126
1503	3038	0.0006087376611447377
2994	2995	0.0012148278478109808
2994	1959	0.0014630420285217782
2994	535	0.0006929449002979152
2994	3000	0.001245653461112784
2995	295	0.0014630420285217782
2995	3023	0.003479592177563829
535	3007	0.0008870083347072383
2996	2996	0.0
2996	346	0.001463042028521778
2997	1176	0.00024511845831125744
2997	890	0.0014630420285217782
2997	872	0.00024511845831125744
2997	929	0.0014630420285217782
2997	701	0.00024511845831125744
1176	3021	0.001304768290493606
872	3021	0.001304768290493606
701	3021	0.001304768290493606
2998	485	0.0014630420285217782
2998	2998	0.0
2998	579	0.0014630420285217782
2998	1695	0.0014630420285217782
2998	1673	0.001398608397003465
2998	1413	0.0014630420285217782
1673	3105	0.0002084323042224518
3000	79	0.0011403236810680192
3000	2029	0.0004750635434679235
79	3041	0.000352767305278923
2029	3010	0.000525326124091579
2029	3088	0.00020710807144047765
2029	3104	0.0004596350659767659
3001	1584	0.0009288396589338995
3001	1120	0.0012386362618643481
3001	289	0.0013498893163663565
3001	1620	0.0012386362618643481
3001	2404	0.0014630420285217782
3001	3078	0.0008952941199040628
1584	3020	0.00037630168888755784
1584	3099	0.0005296272873313372
1120	3020	0.0004003250088254268
289	3005	0.0010280537446574179
1620	3020	0.0004003250088254268
3002	1553	0.0014630420285217782
3002	468	0.0005432131510415917
3002	794	0.0014630420285217782
3002	159	0.0006932879502130263
3002	1341	0.0014630420285217782
468	3100	0.001384596474401098
159	3056	0.0008316020435535531
3003	513	0.0002934702861335303
3003	4	0.0002934702861335303
513	3017	0.0002934702861335303
513	3034	0.0006797004534568486
513	3050	0.0006834352686499331
513	3055	0.0006817474194761348
4	3017	0.0002934702861335303
4	3034	0.0006797004534568486
4	3050	0.0006834352686499331
4	3055	0.0006817474194761348
3004	1022	0.0014630420285217782
3004	380	0.0009688737981304553
3004	1391	0.0008647052598143483
3004	1717	0.0014630420285217782
3004	373	0.0014630420285217782
3004	2221	0.0014630420285217782
3004	853	0.0017847609486942473
3004	416	0.0009597803857651922
3004	836	0.004332730899059588
380	3016	0.0009337630045234223
380	3093	0.0005796925370565183
1391	3100	0.0007698009745607315
853	3065	0.0010082107479738576
416	3083	0.0006102102819526263
836	3005	0.003633785314510528
836	3084	0.00237547170383456
186	3005	0.0014630420285217782
3005	1812	0.0014630420285217782
3005	549	0.0006334781177511514
3005	1652	0.0014630420285217782
3005	2275	0.0014630420285217782
3005	1019	0.0014630420285217782
3005	2253	0.0019114940333440661
3005	954	0.0014630420285217782
3005	2361	0.0014630420285217782
3005	746	0.0032390234720469876
3005	683	0.0014630420285217782
3005	1305	0.0014630420285217782
3005	966	0.0014630420285217782
3005	2051	0.0014630420285217782
3005	2607	0.0014630420285217782
3005	2450	0.0014630420285217782
3005	461	0.0014630420285217782
3005	720	0.0014630420285217782
3005	529	0.0006334781177511517
3005	1991	0.0014630420285217782
3005	2227	0.0014630420285217782
3005	1595	0.0014630420285217782
3005	1723	0.0014630420285217782
3005	1309	0.0014630420285217782
3005	154	0.0014630420285217782
3005	1145	0.0014630420285217782
3005	1028	0.0014630420285217782
3005	1619	0.0014630420285217782
3005	621	0.0014630420285217782
3005	2725	0.0014630420285217782
3005	1661	0.0014630420285217782
3005	480	0.0008791216683931285
3005	2232	0.0006334781177511521
3005	1669	0.0014630420285217782
3005	2165	0.0014630420285217782
3005	1066	0.0014630420285217782
3005	2430	0.0018600451054706006
3005	1799	0.0014630420285217782
3005	266	0.0015964166779196746
3005	296	0.0016295222583254043
3005	839	0.0014630420285217782
3005	1556	0.0014630420285217782
3005	1779	0.0014630420285217782
3005	2154	0.0014630420285217782
3005	1068	0.0014630420285217782
3005	1253	0.0014630420285217782
3005	622	0.0014630420285217782
3005	2402	0.0020758641131881114
3005	1972	0.002850488725879346
3005	2464	0.0014630420285217782
3005	1241	0.0013269536182052022
3005	370	0.002298306973322017
3005	1351	0.0014630420285217782
3005	772	0.0014630420285217782
3005	1049	0.0018600451054706004
3005	1378	0.0014630420285217782
3005	1846	0.0014630420285217782
3005	253	0.0018914628463477321
3005	58	0.0014630420285217782
3005	639	0.0014630420285217782
3005	2171	0.0014630420285217782
3005	1571	0.0014630420285217782
3005	1029	0.0013861256003480948
3005	1098	0.0016295222583254043
3005	645	0.0015610084190642761
3005	2172	0.0014630420285217782
3005	2170	0.0014630420285217782
3005	2697	0.0014630420285217782
3005	1586	0.00048140291388581996
3005	367	0.0014630420285217782
3005	324	0.0014630420285217782
3005	1829	0.0006334781177511528
3005	873	0.0014630420285217782
3005	1568	0.0014630420285217782
3005	1130	0.0014630420285217782
3005	2008	0.0015610084190642753
3005	8	0.0014630420285217782
3005	3040	0.019280492315070875
3005	3064	0.011340222483854148
3005	3067	0.015944025344317717
3005	3087	0.014635400918974046
549	3006	0.0010456423715893312
2253	3066	0.002066995699380023
746	3091	0.0019918871955461035
746	3102	0.0009659351998775066
746	3103	0.0006741321380128325
529	3006	0.0010456423715893312
480	3082	0.0014631879552735915
2232	3006	0.0010456423715893312
2430	3044	0.0007080110070792438
266	3051	0.0014594685657855799
296	3084	0.0015999986811594234
2402	3044	0.0019173514913198094
2402	3051	0.0026838555544310755
1972	3020	0.002181111190992534
1241	3054	0.0018533016063845068
370	3094	0.0026698455271528467
1049	3044	0.0007080110070792435
253	3029	0.0018042483466104695
1029	3083	0.0015917277120808197
1098	3084	0.0015999986811594234
645	3065	0.0008580873236611443
1586	3067	0.0009816391146359584
1829	3006	0.0010456423715893316
2008	3065	0.0008580873236611443
3006	1636	0.0014630420285217782
3006	1108	0.0014630420285217782
3006	1179	0.0014630420285217782
3006	2354	0.0014630420285217782
3007	3008	0.0017620700487333853
3007	255	0.0007502626238797505
3007	984	0.0007821645369045036
3007	534	0.0014630420285217782
3007	2024	0.0014630420285217782
3007	815	0.0014630420285217782
3007	1533	0.00038780793637210957
3007	3015	0.0017630944763230084
3008	775	0.001463042028521778
3008	1372	0.001463042028521778
3008	3014	0.0028021118645763154
255	3077	0.0008145916992256463
984	3029	0.0008790053728361858
1533	3014	0.0011028426852012225
1283	3009	0.0005407352618627396
1283	3106	0.0014705419908941136
3009	368	0.0008826014521310873
3009	1247	0.0005670698429253341
3009	1728	0.0014630420285217782
3009	3009	0.0
3009	2410	0.0014630420285217782
3009	317	0.0005670698429253341
3009	1472	0.0005670698429253341
3009	1535	0.0005670698429253341
368	3010	0.001628407620401029
1247	3016	0.0015594280011948629
317	3016	0.0015594280011948629
1472	3016	0.0015594280011948629
1535	3016	0.0015594280011948629
3010	2185	0.0014630420285217782
3010	1854	0.00046547105372278974
3010	2447	0.0006235126036894236
3010	2601	0.0014630420285217782
3010	3065	0.005577700517750527
1854	3043	0.00047717367589177864
1854	3067	0.0007101362905681455
2447	3067	0.0010237054429968085
2447	3080	0.00048061247333014645
3011	1918	0.0014630420285217782
3012	0	0.0006209732666242778
3012	3026	0.004850932205972203
0	3098	0.0008916910599167333
2587	3013	0.00048156875935885984
2587	3051	0.00120665112529732
3014	3015	0.0028281210730310663
3015	976	0.0004827528887306091
3015	263	0.0010752566727741063
976	3093	0.001153095112727928
263	3033	0.0015652283888147442
3016	1617	0.0008615742309513802
3016	2079	0.0014630420285217782
3016	2451	0.0014630420285217782
3016	1958	0.0014630420285217782
3016	1759	0.0014630420285217782
3016	2102	0.0014630420285217782
3016	93	0.0014630420285217782
3016	2113	0.0014630420285217782
3016	998	0.0014630420285217782
3016	3016	0.0
3016	568	0.0014630420285217782
3016	604	0.0014630420285217782
3016	2590	0.0014630420285217782
3016	964	0.0014630420285217782
3016	2298	0.0014630420285217782
3016	606	0.0008615742309513802
3016	605	0.0014630420285217782
3016	2078	0.0014630420285217782
1617	3106	0.0006788225152501376
606	3106	0.0006788225152501373
3018	909	0.0010659330745904992
3018	341	0.0014630420285217782
3018	38	0.0010659330745904992
909	3021	0.0004982711492526874
38	3021	0.0004982711492526875
3019	2092	0.0014630420285217782
3019	2072	0.0010066851366033484
3019	2419	0.0014630420285217782
3019	283	0.0014630420285217782
3019	2205	0.0007975570964759999
3019	173	0.001176819091421202
3019	330	0.0013115268576806042
3019	3084	0.009312081558720814
2072	3085	0.0004957276671059162
2205	3084	0.0003440209443725627
2205	3085	0.0003608347628607018
173	3020	0.0007139804720423035
173	3086	0.000667737526839972
330	3041	0.00027161795274311025
3020	2031	0.0014630420285217782
3020	1276	0.0011804489260595155
3020	2131	0.0014630420285217782
3020	92	0.0014630420285217782
3020	1345	0.0014630420285217782
3020	809	0.0014630420285217782
3020	562	0.0006372699854981917
3020	1448	0.0014630420285217782
3020	31	0.0014630420285217782
1276	3053	0.0015909559252108448
1276	3094	0.0010125589867709692
562	3029	0.0006470604959826884
562	3086	0.0010429648527456223
3021	667	0.0002898154275392732
3021	1670	0.0014630420285217782
3021	1277	0.0014630420285217782
3021	1254	0.0014630420285217782
3021	576	0.0014630420285217782
3021	279	0.0014630420285217782
3021	1206	0.0014630420285217782
3021	542	0.0014630420285217782
3021	1949	0.0014630420285217782
3021	496	0.0006601151002384008
3021	2408	0.0014630420285217782
3021	514	0.0014630420285217782
3021	2030	0.0014630420285217782
3021	1446	0.0014630420285217782
3021	2067	0.0014630420285217782
3021	1938	0.0014630420285217782
3021	1091	0.0014630420285217782
3021	2110	0.0014630420285217782
3021	1169	0.0014630420285217782
3021	947	0.0014630420285217782
3021	169	0.000716616220446365
3021	704	0.0014630420285217782
3021	587	0.0006601151002384007
3021	277	0.0014630420285217782
3021	1196	0.0014630420285217782
3021	1543	0.0014630420285217782
3021	707	0.00027498366013857897
3021	3058	0.015298681005663539
3021	3101	0.0159057664031872
667	3101	0.0011732266009825036
496	3035	0.001308022354159052
169	3071	0.0012872062227081236
587	3035	0.0013080223541590517
707	3058	0.0011880583683831992
3022	2598	0.0014630420285217782
3022	1526	0.0014630420285217782
3022	1155	0.0014630420285217782
3023	3024	0.007346182006121437
3023	1826	0.0006710083874961816
3023	861	0.0006710083874961816
3023	68	0.0014630420285217782
3023	602	0.0014630420285217782
3023	546	0.00213944275765369
3023	921	0.0006710083874961816
3023	1476	0.0006710083874961816
3023	262	0.0006710083874961816
3023	647	0.001124243621808358
3023	414	0.0014630420285217782
3023	1985	0.0007096366298607141
3023	218	0.0014630420285217782
3023	238	0.0014630420285217782
3023	320	0.0015184944508179216
3023	1572	0.0014630420285217782
3023	1423	0.0014630420285217782
3023	521	0.0014630420285217782
3023	2044	0.0014630420285217782
3023	2196	0.000515367252964372
3023	1781	0.0006710083874961815
3023	1381	0.0012883322769332505
3023	812	0.0006710083874961815
3023	1300	0.0014630420285217782
3023	863	0.0014630420285217782
3023	107	0.0014630420285217782
3023	3085	0.0032363050553792685
3024	451	0.0014630420285217782
3024	1893	0.0014630420285217782
3024	199	0.0014630420285217782
3024	50	0.0014630420285217782
1826	3084	0.0009444710016079096
861	3084	0.0009444710016079096
546	3033	0.0013892648319109684
546	3094	0.0018505398373142867
921	3084	0.0009444710016079097
1476	3084	0.0009444710016079097
262	3084	0.0009444710016079097
647	3065	0.0006169012585712112
1985	3065	0.0006734901379737038
1985	3084	0.001093547067179531
320	3044	0.00045556925379385964
2196	3084	0.0007651498123235636
2196	3097	0.0011657313411459974
1781	3084	0.0009444710016079094
1381	3044	0.0005858089455309302
1381	3065	0.000747845102880492
812	3084	0.0009444710016079096
3025	3026	0.0008963214048447266
3025	784	0.0014630420285217782
3025	2050	0.0014630420285217782
3025	436	0.0014630420285217782
3025	1281	0.0014630420285217782
3025	1841	0.0014630420285217782
3025	1435	0.0014630420285217782
3026	2768	0.0014630420285217782
3026	1217	0.0014630420285217782
3026	1376	0.0006714132475423342
1376	3069	0.0009633806460029036
3027	1183	0.0014630420285217782
3027	1182	0.0014630420285217782
3028	2521	0.0006826471421821768
3028	2374	0.0014630420285217782
3028	1684	0.0003660150779807294
3028	1113	0.0014630420285217782
3028	401	0.0014630420285217782
3028	3054	0.0030560297730120468
2521	3043	0.0008121804758455816
1684	3036	0.00029928553984374966
1684	3053	0.00041655847465917094
1684	3067	0.0005914286988468933
3029	1484	0.0014630420285217782
3029	1878	0.0014630420285217782
3029	635	0.0014630420285217782
3030	3030	0.0
3031	3032	0.0002740711670758381
3031	2412	0.0011394138914475411
3031	654	0.0014630420285217782
3031	1612	0.0014630420285217782
3032	2412	0.00032362813707423403
3033	1810	0.0014630420285217782
3033	905	0.0014630420285217782
3033	968	0.0014630420285217782
3033	855	0.0014630420285217782
3033	1545	0.0010068920334357424
3033	1550	0.0014630420285217782
3033	644	0.0014630420285217782
3033	511	0.0009729102275653704
3033	261	0.0014630420285217782
3033	2452	0.0014630420285217782
3033	972	0.0014630420285217782
3033	2162	0.0012406179239509946
3033	3068	0.009327238653055604
1545	3080	0.000547808871404504
511	3047	0.0007563445051581791
2162	3074	0.0008387552515853165
3035	3036	0.005055914478528997
3035	564	0.0017078028911551803
3035	1230	0.0008833361275044716
3035	859	0.0008130109122768546
3035	1099	0.0014630420285217782
3036	180	0.0014630420285217782
3036	2337	0.0014630420285217782
3036	2161	0.0014630420285217782
3036	952	0.0006372194780853084
3036	1110	0.0005783326676851733
3036	1447	0.0014630420285217782
3036	981	0.0014630420285217782
3036	3051	0.004229575488641109
3036	3054	0.002170920581282
3036	3082	0.0019845364103009263
952	3043	0.0008477420242660036
1110	3053	0.000908524204828301
564	3105	0.000542971596701703
1230	3071	0.0007398399043260245
859	3037	0.0007717841584042118
3037	2465	0.0008334292717563664
3037	166	0.001463042028521778
2465	3063	0.000766161379475668
3038	2133	0.0014630420285217782
3039	1347	0.0014630420285217782
3039	1125	0.0014630420285217782
3039	1698	0.0014630420285217782
3039	1163	0.0014630420285217782
3040	723	0.0010264856608883976
3040	177	0.0014630420285217782
3040	1734	0.0014630420285217782
723	3078	0.0006647727612354591
3041	3042	0.0024517783807455817
3041	1790	0.0014630420285217782
3041	874	0.0014630420285217782
3042	1096	0.001463042028521778
3042	176	0.0015536321904903731
3042	88	0.0006693194996833596
176	3069	0.0007000684894179641
88	3047	0.0006602753179253634
88	3068	0.0007970956741320045
88	3071	0.0006980610818897944
3043	717	0.0006622307035792358
3043	807	0.0014630420285217782
3043	1071	0.0014630420285217782
3043	3054	0.0018640314548992827
717	3087	0.0008428567406976357
3044	1118	0.0014630420285217782
3044	2755	0.0014630420285217782
3044	2168	0.0014630420285217782
3044	476	0.002524045326722666
3044	1012	0.0014630420285217782
3044	1285	0.0014630420285217782
476	3100	0.003602906293876635
3045	3046	0.000865851963142426
3045	3090	0.00093507578509081
3046	3089	0.0009372302118230946
3046	3090	4.488960568611249e-06
3047	520	0.0014630420285217784
3047	443	0.0014630420285217784
3047	28	0.0014630420285217784
3047	1581	0.002229499241466997
3047	442	0.0004787013894968475
3047	2167	0.0012325882357728836
3047	3056	0.0016717935029280351
1581	3084	0.003069950574039311
1581	3086	0.0010410444500575568
1581	3100	0.001051061740128514
442	3094	0.0011163140328903783
2167	3052	0.0011425537216603367
3048	3049	0.0005851315986263201
3050	850	0.0014630420285217782
3050	1522	0.0014630420285217782
3051	3052	0.0029189244859631107
3051	696	0.0014630420285217782
3051	1408	0.0014630420285217782
3051	2621	0.0014630420285217782
3051	29	0.0014630420285217782
3051	2127	0.0014630420285217782
3051	1299	0.0014630420285217782
3051	431	0.0014630420285217782
3051	415	0.0014630420285217782
3051	2054	0.0014630420285217782
3052	1773	0.0014630420285217782
3052	1582	0.0014630420285217782
3052	904	0.0014630420285217782
3053	3054	0.0018147911162121515
3053	1714	0.0014630420285217782
3053	1567	0.0014630420285217782
3053	2376	0.0014630420285217782
3054	1838	0.0014630420285217782
3054	1242	0.000948229344365208
3054	305	0.0010321205282228746
3054	958	0.0014630420285217782
3054	961	0.0014630420285217782
3054	2132	0.0009948487139087815
3054	355	0.0014630420285217782
3054	1122	0.0014630420285217782
3054	1070	0.0014630420285217782
3054	802	0.0014630420285217782
3054	258	0.0014630420285217782
3054	820	0.0021542249865261183
3054	1328	0.0006857551043003764
3054	740	0.0014630420285217782
3054	1173	0.0014630420285217782
3054	782	0.0014630420285217782
3054	1509	0.0014630420285217782
3054	248	0.0014630420285217782
3054	133	0.0014630420285217782
3054	1747	0.0014630420285217782
3054	2087	0.0014630420285217782
3054	700	0.0014630420285217782
3054	1350	0.0014630420285217782
3054	22	0.0014630420285217782
3054	3067	0.003015264944401921
1242	3081	0.0006137985023366047
305	3100	0.0010827316785577052
2132	3073	0.0007333978199202915
820	3065	0.000998383184051319
820	3082	0.0014256932183497662
820	3084	0.0024557443890183294
1328	3082	0.0008315491484407158
3055	879	0.0014630420285217782
3056	507	0.0014630420285217782
3056	1820	0.0014630420285217782
3056	474	0.0014630420285217782
3056	288	0.0014630420285217782
3056	2362	0.0014630420285217782
3056	1219	0.0014630420285217782
3056	117	0.0014630420285217782
3056	1475	0.0014630420285217782
3057	910	0.0014630420285217782
3057	805	0.0007025525066537622
3057	128	0.000427476876104221
805	3096	0.0007668005437489641
128	3064	0.0007405233184235027
128	3097	0.00044914354335094957
3058	1977	0.0014630420285217782
3058	1702	0.0007435158320882645
3058	900	0.0014630420285217782
3058	249	0.0007435158320882645
3058	487	0.0014630420285217782
3058	2320	0.0005610199226819152
3058	1225	0.0014630420285217782
1702	3101	0.0007655602650496817
249	3101	0.0007655602650496817
2320	3098	0.0009802772556864923
3059	418	0.0014630420285217782
3060	3061	0.0010642778469321457
3061	1193	0.0008747778945191436
3061	3061	0.0
3061	2059	0.0014630420285217782
1193	3084	0.0012391309945612302
3062	2838	0.0014630420285217782
3062	1393	0.0014630420285217782
3062	2186	0.0014630420285217782
3062	2655	0.0014630420285217782
3062	924	0.0014630420285217782
3063	86	0.000633721390376104
3063	224	0.0002980178511620939
3063	1548	0.0002980178511620939
86	3094	0.0011395931819828346
224	3082	0.0011896067676301
1548	3082	0.0011896067676301
3064	3065	0.0062864511431501464
3064	1729	0.0014630420285217782
3064	1743	0.0014630420285217782
3064	1260	0.0014630420285217782
3065	230	0.0014630420285217782
3065	1075	0.0014630420285217782
3065	1202	0.0014630420285217782
3065	235	0.0014630420285217782
3065	425	0.00037135514874904566
3065	988	0.0014630420285217782
3065	2389	0.0014630420285217782
3065	1037	0.0014630420285217782
3065	1460	0.0014630420285217782
425	3082	0.0013369114637016533
3066	2296	0.0014630420285217782
3066	2845	0.0014630420285217782
3066	974	0.0014630420285217782
3066	663	0.0014630420285217782
3066	1705	0.0014630420285217782
3066	2564	0.0014630420285217782
3067	2137	0.0014630420285217782
3067	1142	0.0014630420285217782
3068	3069	0.010743355042168794
3068	862	0.0009668014271562642
3068	1644	0.001463042028521778
3069	1944	0.001463042028521778
3069	1365	0.001463042028521778
3069	722	0.001463042028521778
3069	1238	0.001463042028521778
3069	893	0.0006643605727858255
3069	1468	0.001463042028521778
3069	1327	0.0006643605727858255
3069	939	0.0003029224047199548
862	3083	0.0006159317005021404
893	3070	0.000833937706193982
1327	3070	0.000833937706193982
939	3074	0.000293571739815291
939	3098	0.0014867214006213027
3070	3071	0.0015479672824984768
3070	87	0.0014630420285217782
3070	2383	0.0014630420285217782
3070	2396	0.0005537697562607024
3071	1355	0.0014630420285217782
3071	1753	0.0011216167390121485
3071	1149	0.0014630420285217782
3071	1806	0.0014630420285217782
1753	3074	0.0004526396915931974
2396	3104	0.0012849133065850834
3072	3073	0.00014551073012645317
3073	1576	0.0014630420285217782
3073	2788	0.0014630420285217782
3073	197	0.0014630420285217782
3073	693	0.0014630420285217782
3073	1611	0.0014630420285217782
3073	1864	0.0014630420285217782
3074	1363	0.0014630420285217782
3074	1307	0.0014630420285217782
3074	1	0.0014630420285217782
3075	3076	0.0001669473195906531
3075	1816	0.0008067701392415015
3075	2381	0.0008067701392415017
3075	628	0.0014630420285217782
3076	1816	0.0006562718892802773
3076	583	0.0014630420285217782
3076	2381	0.0006562718892802773
3077	3078	0.0012576540189021283
3077	17	0.00048121646312208633
3077	2558	0.00048121646312208633
3077	196	0.0014630420285217782
3078	1897	0.0014630420285217782
3078	684	0.0006956737817502017
3078	265	0.0014630420285217782
3078	2558	0.0009818255653996936
3078	17	0.0009818255653996936
3078	1048	0.0014630420285217782
684	3094	0.0008743048094586643
2058	3080	0.0014630420285217782
3080	990	0.0014630420285217782
3081	3082	0.002308083316684717
3082	1830	0.0014630420285217782
3082	1555	0.0014630420285217782
3082	1853	0.0007677699059409295
3082	395	0.0007677699059409295
1853	3087	0.0007386762424892232
395	3087	0.0007386762424892232
3083	2518	0.0014630420285217782
3083	2423	0.0014630420285217782
3084	3085	0.003910628396251192
3084	1948	0.0014630420285217782
3084	2083	0.0014630420285217782
3084	2217	0.0014630420285217782
3084	1760	0.0014630420285217782
3084	72	0.0014630420285217782
3084	1429	0.0014630420285217782
3084	352	0.0014630420285217782
3084	1366	0.0014630420285217782
3084	2115	0.0014630420285217782
3084	677	0.0014630420285217782
3084	2081	0.0014630420285217782
3084	2660	0.0008555838283640344
3084	885	0.0014630420285217782
3084	1630	0.0014630420285217782
3084	149	0.0014630420285217782
3084	2235	0.0014630420285217782
3084	854	0.0014630420285217782
3084	757	0.0014630420285217782
3084	2517	0.0014630420285217782
3084	1010	0.0014630420285217782
3084	1319	0.0014630420285217782
3084	2403	0.0014630420285217782
3084	1382	0.0014630420285217782
3085	1789	0.0014630420285217782
3085	2428	0.0014630420285217782
2660	3100	0.0013377253240316972
381	3086	0.0014630420285217782
3086	1867	0.0014630420285217782
3087	1562	0.0014630420285217782
3087	1425	0.0014630420285217782
3087	1990	0.0014630420285217782
3087	460	0.0014630420285217782
3087	1798	0.0014630420285217782
3089	3090	0.001007499163673825
3089	1053	0.0014630420285217782
3089	610	0.0005860678652795122
3090	183	0.0014630420285217782
610	3095	0.0015009680298461964
610	3105	0.00032820665976368427
3091	1005	0.000718567835238354
3091	2097	0.0007185678352383541
3091	3102	0.001264994809439381
3091	3103	0.00020744275767063474
1005	3103	0.0005756893655168318
1005	3102	0.00016878482776658903
2097	3102	0.00016878482776658903
2097	3103	0.0005756893655168319
3092	2234	0.0014630420285217782
3092	2023	0.0014630420285217782
3092	2700	0.0014630420285217782
3093	3094	0.002484673421325284
3093	452	0.0014630420285217782
3093	2591	0.0014630420285217782
3094	2266	0.0014630420285217782
3094	315	0.0014630420285217782
3094	2274	0.0014630420285217782
3094	1213	0.0014630420285217782
3094	1343	0.0014630420285217782
3095	3096	0.0003471424612860029
3096	1129	0.0014630420285217782
3096	2415	0.0014630420285217782
3097	907	0.0014630420285217782
3098	2022	0.0014630420285217782
3098	1358	0.0014630420285217782
3098	1431	0.0014630420285217782
3098	946	0.0014630420285217782
3098	1357	0.0014630420285217782
3098	903	0.0014630420285217782
3098	162	0.0014630420285217782
3099	3100	0.0021156847370848563
3099	2468	0.0014630420285217782
3099	821	0.00039467016600472013
3100	600	0.0014630420285217777
3100	1930	0.0014630420285217777
3100	957	0.0014630420285217777
3100	811	0.0014630420285217777
3100	489	0.0014630420285217777
3100	2080	0.0014630420285217777
3100	150	0.0014630420285217777
3100	206	0.0014630420285217777
3100	2582	0.0014630420285217777
3100	2166	0.0014630420285217777
3100	2609	0.0014630420285217777
3100	821	0.0010683718625170578
3101	661	0.0014630420285217782
3101	2752	0.0014630420285217782
3101	1271	0.0014630420285217782
3101	1416	0.0014630420285217782
3102	3103	0.0012124406972229813
3102	2191	0.0014630420285217782
3102	2547	0.0014630420285217782
3102	1782	0.0014630420285217782
3103	2156	0.0014630420285217782
3104	936	0.0014630420285217784
3104	1367	0.0014630420285217784
3105	3106	0.006887328303369771
3105	607	0.0014630420285217782
3105	1499	0.0014630420285217782
3105	2643	0.0014630420285217782
3105	931	0.0014630420285217782
3106	2349	0.0014630420285217782
3106	563	0.0014630420285217782
3106	3106	0.0
3106	2019	0.0014630420285217782
3106	699	0.0014630420285217782
3106	286	0.0014630420285217782
3107	505	0.0014630420285217782
3108	2746	3.232051609400099e-06
3108	3108	0.0
3108	1296	3.232051609400099e-06
3108	2596	3.232051609400099e-06
