1615	78	2909
2909	16	1774
685	62	2909
2909	16	2385
1549	78	2909
1290	78	2909
1170	78	2909
2909	2	2028
2909	16	724
2379	78	2909
1105	62	2909
2910	28	2911
2910	70	649
2911	70	132
2910	78	406
2910	24	94
2911	24	94
2911	78	406
2911	28	2910
2911	298	189
2911	70	106
2910	94	871
2910	70	106
2911	78	2728
2910	34	40
2912	74	75
2912	28	541
2912	28	2702
2912	78	138
2912	20	384
2912	74	2438
1062	162	2912
2912	28	565
2912	34	101
541	28	2912
2912	42	1062
1062	42	2912
565	28	2912
2912	28	1694
2912	162	1062
2912	144	405
404	28	2912
1694	28	2912
2913	48	21
2913	40	232
2913	18	34
912	100	2913
2913	18	179
2913	52	350
2913	40	1222
2913	90	357
211	100	2913
2913	96	9
2913	50	63
1776	268	2913
2913	130	309
2913	18	2736
2913	118	189
1128	14	2913
2913	40	366
1325	16	2913
2704	144	2913
2913	8	689
2913	272	1074
42	160	2914
1180	28	2914
2489	228	2914
2914	70	292
2914	34	40
2914	12	1877
2914	246	274
1877	12	2914
2914	246	278
2914	78	2095
2914	298	189
2914	246	687
274	160	2914
2261	0	2914
2914	28	1180
595	26	2914
2914	70	726
2914	24	94
2914	246	42
1876	54	2914
409	0	2914
2914	32	42
252	160	2914
713	0	2915
858	92	2915
552	0	2915
2915	78	891
2915	78	2076
2715	0	2915
2073	228	2915
278	92	2915
928	92	2915
252	92	2915
891	54	2915
409	0	2915
687	92	2915
243	0	2915
1963	136	2915
2002	228	2915
979	0	2915
2202	222	2916
2916	10	1955
94	190	2916
2916	116	217
2916	122	1740
2371	222	2916
2916	88	2177
2916	122	2057
2916	186	21
2916	88	851
2916	122	1470
1371	222	2916
2176	88	2916
2916	122	1160
2527	88	2916
2916	88	2527
851	88	2916
450	28	2917
1662	28	2917
724	244	2917
2917	28	1919
2917	34	101
2917	24	94
2028	26	2917
2917	14	724
618	12	2917
450	12	2917
2917	70	106
2917	78	406
1394	166	2917
2917	12	618
2917	28	618
2917	12	1919
2917	28	450
2918	20	21
26	26	2918
2918	28	2241
2918	78	1625
2918	24	94
2918	210	508
2918	34	40
2918	12	2241
1625	54	2918
2241	28	2918
314	100	2919
2919	48	21
1259	30	2919
2919	8	1424
2919	18	7
538	144	2919
996	144	2919
2919	348	969
2919	22	112
1775	144	2919
1383	100	2919
2920	28	2921
371	140	2920
2921	70	649
2180	424	2920
2920	174	139
2920	20	21
2920	70	106
2920	176	1043
2920	174	1043
2920	318	1043
2921	28	2920
1308	146	2920
2920	24	94
2921	24	94
2921	34	40
2718	140	2922
2922	20	481
2922	24	94
2923	0	1915
2923	0	2515
2923	0	875
2923	0	503
2924	306	818
2924	306	34
1583	226	2924
1529	30	2924
2924	344	21
2925	456	2182
2455	278	2925
2925	378	1030
2925	354	1333
2925	362	1386
2925	354	1178
2925	98	2455
2182	278	2925
184	278	2925
2925	456	184
2926	78	2927
1065	78	2927
1845	78	2927
2926	162	1127
2927	384	1821
2926	34	101
739	78	2927
762	78	2927
1073	78	2927
2926	78	294
2927	2	1719
618	78	2927
1587	78	2927
329	78	2927
1291	78	2927
2926	20	21
269	140	2926
1898	78	2927
1060	78	2927
2928	12	2929
2928	12	1505
2929	14	1506
2928	148	69
1506	126	2929
2929	34	101
138	54	2929
2028	26	2928
2929	20	21
1505	28	2928
2929	24	94
2928	74	75
2633	166	2929
2929	12	2928
2928	20	21
2928	14	1506
2028	26	2929
2929	28	1505
2930	248	2931
1482	228	2931
632	248	2931
2931	50	63
764	26	2931
787	0	2931
2930	248	1131
471	262	2931
509	92	2931
409	0	2931
2931	78	2076
1033	228	2931
2932	54	2933
2932	16	797
2932	16	208
2933	34	40
1203	78	2932
2932	16	1442
2187	78	2932
1881	78	2932
2932	16	1400
1042	78	2932
637	250	2933
2932	16	550
2932	16	340
2932	54	908
2932	16	2503
2933	174	2229
2933	20	21
2932	54	1134
192	78	2932
565	78	2932
2932	16	2070
1274	78	2932
2933	144	2021
237	78	2932
738	62	2932
306	78	2932
32	78	2932
2932	16	35
1621	78	2932
2932	16	2295
2932	16	1516
727	78	2932
2932	54	1621
2934	78	2935
881	78	2935
1845	78	2935
2	54	2934
2934	74	2292
2935	16	1046
2934	24	94
2074	78	2935
819	78	2935
2935	54	293
2151	78	2935
1941	62	2935
774	78	2935
2934	20	21
387	26	2934
1689	54	2934
2935	54	27
2934	42	2426
2935	2	1719
1054	78	2935
2935	16	378
2935	54	1510
329	78	2935
2935	54	1065
2935	54	1146
1577	78	2935
2934	28	1609
2935	384	1821
1046	62	2935
2935	54	1707
2738	54	2934
386	54	2934
2935	54	1978
2935	2	26
1510	78	2935
618	78	2935
2935	16	1941
307	78	2935
2934	68	191
27	78	2935
2934	12	881
293	78	2935
184	278	2936
2936	456	2182
2936	50	63
2936	434	184
2936	456	184
2937	60	2938
181	414	2937
113	196	2937
2937	60	113
113	60	2938
113	186	2937
2937	142	260
2937	186	394
2939	114	2939
2939	10	1286
2939	50	63
2939	320	1045
21	60	2939
2940	98	2941
2455	278	2940
2182	278	2940
184	278	2940
2941	278	1385
2941	444	2182
2940	434	2941
2941	278	2181
2940	434	2182
2940	98	2182
2941	464	2182
2181	456	2941
2940	50	63
2941	278	2940
2942	18	601
2942	52	69
2942	52	2108
2942	108	21
2942	48	134
791	30	2942
2942	18	876
2942	108	384
2942	324	1589
2942	18	869
2943	74	161
2943	78	1749
2943	174	758
2943	34	101
2943	78	138
2943	24	25
2943	436	69
758	174	2943
2943	28	27
758	28	2943
2943	94	161
30	28	2943
2943	28	774
338	146	2943
1302	26	2943
27	28	2943
2943	78	379
2943	78	1055
2943	28	758
2943	144	943
2943	20	21
1055	54	2943
2944	46	98
2944	62	950
2944	46	388
2944	46	617
950	16	2944
2944	46	113
2944	130	231
2944	46	426
2944	46	23
2944	46	494
999	16	2944
2944	40	48
2944	46	1844
2944	52	69
2944	46	61
2944	46	157
2944	46	201
2944	18	179
2945	74	2946
2946	320	1045
2945	208	1700
2945	74	97
2945	70	726
497	60	2946
2945	70	292
2946	128	21
409	0	2945
2945	70	980
536	222	2946
2946	284	497
272	160	2945
2946	50	63
2945	32	268
94	190	2946
2945	70	400
2945	34	40
2946	114	2946
2945	70	781
705	160	2945
2945	24	94
2715	0	2945
2946	10	1286
2945	20	21
2945	70	1224
2945	246	151
2945	32	510
2945	70	1270
2947	144	2948
2947	298	189
2947	28	334
2948	40	366
24	28	2947
2947	144	1063
2947	78	490
2948	118	189
2948	18	34
2947	94	75
2948	18	146
2947	20	21
1063	126	2947
353	28	2947
2948	40	232
2947	28	467
467	28	2947
2947	28	264
2948	132	569
703	144	2948
2948	18	299
688	28	2947
2948	46	21
2947	34	40
2948	130	309
2948	358	2174
2948	52	69
1170	28	2947
2947	144	1724
2947	162	1121
2947	28	318
2948	358	1398
2947	12	1910
2947	70	657
1551	144	2948
1121	28	2947
2947	70	106
1121	162	2947
2947	28	688
2948	48	822
2949	70	132
2949	24	94
2799	54	2949
2949	28	2522
2949	406	2061
481	60	2950
2950	218	2950
2950	300	2950
2950	50	63
2950	6	142
285	170	2950
2950	6	1500
2951	290	796
749	278	2951
2951	214	1379
2951	290	749
2951	290	1379
2952	28	525
269	140	2952
538	12	2952
2952	20	559
565	12	2952
322	54	2952
2952	78	582
2952	20	112
2952	34	40
2952	28	538
525	28	2952
525	12	2952
2952	12	538
2953	128	481
2953	50	63
94	190	2953
2954	12	2955
2955	24	94
2923	0	2954
2954	28	2955
2745	140	2955
2955	70	400
53	26	2954
2954	20	23
2955	298	189
2955	12	2954
2955	20	21
2923	0	2955
2955	70	106
2954	12	1915
1346	256	2956
1529	30	2956
2956	50	63
2957	144	1884
2957	28	1525
2957	70	106
2509	244	2957
2957	34	40
2958	32	274
2958	70	1270
2958	20	592
985	160	2958
2959	52	69
2959	46	388
2959	46	45
2959	132	2762
2959	46	403
2959	46	548
721	144	2959
2959	282	2226
2959	46	23
2959	46	201
2959	304	492
2959	46	182
2959	18	791
2959	46	357
2959	46	629
2959	46	822
2959	46	33
2959	40	1222
1399	16	2959
2959	48	112
2959	46	157
2959	46	691
2959	46	426
2959	48	61
2959	46	134
895	16	2959
2679	268	2959
2959	46	730
236	100	2959
2959	46	481
2959	40	48
2959	46	61
2959	46	43
2	16	2959
2959	46	119
2959	46	113
2960	362	2303
2395	278	2960
2961	322	2962
2961	48	112
1637	14	2961
1899	28	2962
1015	16	2961
392	16	2961
2961	126	1084
2962	168	405
1157	14	2961
2962	28	1862
95	16	2961
1380	100	2961
20	14	2961
1157	100	2961
665	54	2962
108	16	2961
1084	14	2961
2962	34	40
1862	28	2962
2961	358	590
2961	62	108
1237	16	2961
886	16	2961
2962	78	731
792	168	2961
2961	96	9
2961	18	601
434	16	2961
792	14	2961
2962	70	657
889	16	2961
2961	132	185
2961	138	1084
2961	132	1216
2961	40	232
2961	18	34
708	16	2961
2961	304	20
91	268	2961
2962	14	405
2963	144	2964
2964	46	45
2964	46	548
2964	46	23
2964	62	123
282	16	2964
1783	16	2964
2963	20	21
2964	46	426
2964	52	69
2963	74	357
1015	16	2964
322	54	2963
2964	40	1248
2964	46	327
2964	46	325
2963	78	322
2964	46	43
2964	48	21
2964	62	392
2964	46	119
2964	46	617
2964	96	9
2964	46	519
2964	62	1153
2963	34	40
2964	126	311
2964	40	232
2964	46	494
2964	46	691
2964	40	48
2964	46	33
2964	40	366
2964	46	730
2964	46	201
2964	46	651
2964	46	1844
566	16	2964
2964	304	311
2964	46	481
95	16	2964
391	16	2964
95	16	2965
894	144	2965
2965	18	299
2965	132	686
1406	144	2965
2965	52	882
2965	18	67
2965	52	69
2965	48	21
2965	46	21
2966	2	188
1034	78	2966
499	78	2966
2966	384	845
2966	54	1488
1027	78	2966
2966	2	1405
1877	78	2966
1715	78	2966
2966	54	894
1488	78	2966
2966	54	1877
2966	2	595
2966	54	681
875	78	2966
694	78	2966
1002	78	2966
1240	78	2966
1915	78	2966
2966	2	557
2966	54	1027
2966	2	1840
1452	78	2966
464	78	2966
2966	54	1240
2966	2	553
894	78	2966
2967	28	2968
2968	28	1910
2625	166	2967
2967	144	1622
2968	14	2385
2968	12	2379
2967	28	407
1910	28	2967
2379	28	2967
2967	28	1910
407	28	2967
2967	14	2385
2967	70	106
2968	20	21
2379	12	2968
2968	78	406
2968	34	101
406	54	2967
2967	34	101
2967	12	407
1910	28	2968
2968	28	2379
475	28	2967
2967	12	475
2385	244	2967
2968	70	106
2967	12	2379
2967	28	475
2969	202	2970
2969	202	625
2969	202	424
2969	202	477
2970	10	1330
2969	202	504
2970	186	21
2970	122	1160
2662	416	2969
2970	122	776
2144	416	2969
2970	122	223
2969	202	1449
2970	128	21
2970	122	1740
153	416	2969
2970	122	2057
2970	122	1437
2969	202	1143
2969	202	1523
1107	88	2970
2969	202	1021
1073	74	2970
2441	416	2969
2970	88	1107
2969	202	1273
1851	74	2970
2158	74	2970
94	190	2970
2969	202	814
2969	202	2916
2969	202	497
975	452	2969
2969	202	1050
2367	428	2969
2970	314	189
454	428	2969
1273	88	2970
2969	202	222
2969	452	2145
2969	202	126
2971	46	2972
2972	258	1377
2971	50	63
2421	46	2972
2972	192	559
892	46	2972
1147	46	2972
670	46	2972
2972	288	21
682	46	2972
2972	192	548
2972	192	21
2971	46	403
284	46	2972
402	60	2972
1124	46	2972
753	46	2972
1212	46	2972
1606	46	2972
2972	164	1859
2972	314	189
2972	76	275
1159	46	2972
2180	80	2972
1114	192	2972
2972	192	446
473	46	2972
2971	18	299
2972	192	134
61	192	2972
325	192	2972
384	192	2972
134	192	2972
2971	46	112
2972	240	2108
547	46	2972
2971	18	34
2972	192	388
2971	40	232
2971	96	9
275	66	2972
2971	18	1660
82	66	2972
111	80	2972
2972	38	136
2971	46	23
33	192	2972
2972	258	658
1803	46	2972
2972	192	384
388	192	2972
2971	46	113
2972	76	46
440	178	2972
5	66	2972
1632	46	2972
2972	76	1016
2971	40	48
2972	192	849
771	46	2972
887	46	2972
2972	192	112
1748	46	2972
446	192	2972
810	46	2972
1802	46	2972
396	48	2972
2971	46	201
2964	46	2972
2972	76	99
2971	46	629
2973	52	69
1399	16	2973
2973	62	2213
2973	40	366
2973	40	1248
2973	40	232
1324	268	2973
2973	40	48
2973	118	189
686	100	2973
252	160	2974
2974	68	435
2974	50	63
2974	20	61
2974	34	40
2974	70	649
2974	70	106
801	228	2974
2974	70	1224
1744	250	2974
2974	70	657
1485	0	2974
2974	24	25
2974	70	376
2975	50	63
2976	70	1270
708	54	2976
2976	34	40
2857	166	2976
109	54	2976
6	166	2976
2976	78	708
2976	78	434
680	166	2976
2976	78	109
2976	28	13
269	140	2976
2977	78	2978
2978	16	2606
619	62	2978
1857	78	2978
2978	16	1080
2978	16	137
2978	16	1506
2977	34	40
2977	20	21
2977	78	2728
2203	62	2978
2977	330	127
2978	16	619
2978	16	1764
2977	24	94
2977	78	138
2977	144	987
2978	2	26
2977	70	106
2978	16	655
1506	62	2978
2977	144	417
2978	384	1821
2728	54	2977
2977	144	2117
2979	0	2482
2979	0	2244
2979	0	1629
2979	0	788
2979	0	1310
2979	0	1322
2979	0	1563
2486	134	2979
2979	0	1676
244	134	2979
2979	0	216
2979	0	1040
2979	0	570
2979	0	1483
2979	0	1597
2979	0	1527
2979	134	409
2979	0	2433
2979	0	1058
2979	0	1208
2979	0	323
2979	0	2143
2979	0	752
2979	0	1407
2979	0	168
2979	0	1151
2979	0	1530
2979	0	2915
2979	0	1419
2979	0	1520
2979	0	1488
2979	0	532
2979	0	410
2979	0	62
2980	94	472
2980	24	94
676	54	2980
2980	78	2570
2980	74	472
1625	54	2980
254	12	2980
2980	12	254
2980	20	21
2980	78	1625
2980	70	649
2980	210	508
2917	12	2981
2917	28	2981
2981	12	1919
450	12	2981
1919	12	2981
1662	12	2981
2028	26	2981
2981	28	450
2981	70	106
2981	12	1662
2981	28	2806
2981	28	1919
2806	28	2981
2981	20	21
2981	70	1006
2982	218	2982
2982	300	2982
2982	166	630
630	280	2982
444	170	2982
2982	50	63
2983	46	2984
2983	46	502
326	46	2984
585	286	2984
2983	40	366
2562	60	2984
1359	100	2983
590	14	2983
1124	46	2984
1912	46	2984
951	46	2984
226	46	2984
2983	358	590
2983	46	23
2983	8	1424
1748	46	2984
1803	46	2984
2983	46	327
2983	18	67
603	46	2984
2983	358	1637
2984	332	1103
2959	46	2984
2984	76	46
2984	76	389
2983	46	691
2983	46	403
2984	258	1834
548	88	2984
2983	46	519
2984	106	189
2033	46	2984
2984	240	215
2983	46	113
2983	46	201
2983	46	21
284	46	2984
1159	46	2984
2984	38	99
2983	46	134
2983	46	2972
2984	88	548
2984	76	99
650	80	2984
2984	164	447
2983	40	232
2983	18	759
1426	46	2984
887	46	2984
2983	46	730
2983	46	548
2983	46	81
2983	18	299
670	46	2984
2983	46	119
2983	96	9
2984	142	2153
2983	22	112
1352	14	2983
2983	132	1216
2983	46	481
2983	46	446
2984	258	658
1885	14	2983
2983	46	617
1023	222	2984
215	230	2984
2983	46	1207
2983	40	1222
2984	38	82
2983	358	1352
2983	90	75
838	46	2984
2983	46	388
111	80	2984
2983	46	426
473	46	2984
2983	40	1248
2985	40	1148
2985	52	1415
2985	18	1445
2985	40	366
2985	52	1139
2985	40	232
2985	18	299
237	144	2985
686	100	2985
1092	30	2985
2985	90	147
2985	118	189
2985	40	1222
2986	112	2987
792	168	2987
2987	304	20
2986	112	817
2987	18	791
2987	62	889
2987	18	983
601	30	2987
2987	40	48
2987	62	1237
1399	16	2987
2082	112	2987
2986	112	864
2987	52	716
123	16	2987
737	16	2987
2987	62	566
2987	18	601
1031	16	2987
2987	126	20
2987	118	189
2987	90	822
2987	52	69
2987	18	34
434	16	2987
566	16	2987
2987	62	708
2987	50	63
2986	112	1913
2986	112	935
2987	126	14
20	14	2987
2987	52	1793
2987	62	123
2987	62	1153
2987	126	792
1325	16	2987
2986	112	2552
109	16	2987
2986	112	1564
2987	18	19
14	14	2987
2987	62	16
2988	20	21
344	104	2988
316	104	2988
2988	280	2138
2988	280	423
2989	26	2990
2966	2	2989
2989	26	1882
1137	2	2989
2989	26	2288
2261	0	2990
2989	26	1915
2990	370	1465
272	160	2990
491	2	2989
2989	294	845
2400	2	2989
2990	78	70
1876	2	2989
2989	26	462
2990	32	858
2990	50	63
1689	2	2989
2966	54	2990
335	54	2990
2990	78	335
2990	34	40
2990	70	1593
766	2	2989
857	160	2990
2989	26	1407
2990	32	510
2989	26	830
2989	26	463
594	2	2989
1967	2	2989
486	2	2989
2990	32	274
1871	2	2989
2989	26	361
2990	12	613
371	140	2990
2990	70	980
2649	2	2989
2990	70	106
2990	20	21
2989	26	1387
2990	78	1115
2685	2	2989
556	2	2989
1534	54	2990
471	262	2990
2990	78	1534
1123	2	2989
2537	2	2989
335	2	2989
1320	2	2989
1240	28	2990
2990	70	726
705	160	2990
290	160	2990
2990	70	1224
1211	228	2990
2990	70	333
613	12	2990
2990	264	510
2719	2	2989
2989	26	1486
2989	26	613
1485	0	2990
2990	70	400
2989	26	554
2990	298	189
2305	2	2989
2990	28	1240
2990	32	268
2989	26	20
1536	2	2989
1259	0	2990
2989	26	575
102	2	2989
438	2	2989
883	0	2990
1240	12	2990
2989	26	1112
1677	2	2989
2990	264	928
1405	26	2990
1536	54	2990
2991	52	69
2991	90	75
2991	18	34
2991	48	21
2991	18	299
2991	62	1237
2750	14	2991
2991	118	189
2991	224	420
686	100	2991
889	16	2991
273	14	2991
2991	46	21
601	30	2991
731	16	2991
2991	132	686
207	112	2991
95	16	2991
2992	144	2993
2992	94	2456
2993	348	2128
2993	18	7
2992	34	40
2992	12	2240
2992	246	509
2993	40	366
2240	12	2992
678	0	2992
2993	52	69
1739	28	2992
252	160	2992
2992	24	94
883	0	2992
2240	28	2992
2992	70	292
2992	70	1270
2992	32	510
1503	30	2993
1033	228	2992
2993	18	791
2992	32	252
2993	96	9
2992	70	106
2992	246	278
2992	74	2456
2994	14	2995
1237	16	2995
2995	46	21
2994	70	657
314	100	2995
34	30	2995
2995	132	1359
2995	40	1248
2995	18	34
1959	140	2994
2994	78	1153
391	16	2995
2995	126	758
2995	138	295
2995	48	21
2995	40	48
758	144	2995
758	14	2995
2994	34	40
2995	18	1445
2994	70	535
2995	132	314
1749	16	2995
2995	126	2943
2943	144	2995
2996	114	2996
1449	60	2996
94	190	2996
346	74	2996
21	60	2996
2997	270	151
290	154	2997
2997	154	1176
2997	92	890
2997	154	687
2997	154	268
2997	154	509
872	154	2997
1877	246	2997
929	154	2997
2997	154	701
875	264	2997
2997	154	928
252	154	2997
2997	154	151
151	154	2997
928	154	2997
274	154	2997
2998	410	189
21	60	2998
2998	204	485
285	170	2998
2998	266	1178
2998	300	2998
579	236	2998
2998	6	1695
1673	378	2998
497	60	2998
444	170	2998
2998	218	2998
2998	166	1413
2998	72	497
928	92	2999
2979	0	2999
858	92	2999
1033	228	2999
252	92	2999
278	92	2999
2999	78	335
335	54	2999
1123	54	2999
2999	58	75
2999	50	63
409	0	2999
109	16	3000
3000	62	79
112	30	3000
566	16	3000
3000	18	2029
392	16	3000
3000	18	34
391	16	3000
2986	112	3000
3000	126	2994
1153	16	3000
3000	96	9
1359	100	3000
3000	18	876
3000	322	2994
3000	46	21
3000	52	69
3001	144	326
3001	78	1584
1120	166	3001
3001	78	322
3001	70	1006
1060	28	3001
3001	144	289
3001	28	1620
3001	28	1060
3001	298	189
2404	12	3001
3001	12	2404
3001	78	999
2943	174	3001
3001	20	21
3001	78	582
1584	54	3001
3002	28	1553
3002	70	106
3002	28	468
3002	376	794
3002	74	159
3002	144	1341
237	28	3002
3002	34	40
3002	94	159
1553	28	3002
794	376	3002
3003	290	513
3003	290	749
3003	290	1379
3003	362	4
796	278	3003
749	278	3003
3004	78	2935
1022	388	3004
380	184	3004
3004	70	1006
3004	78	2927
1391	26	3004
3004	298	189
1717	166	3004
373	182	3004
3004	20	21
2221	126	3004
2935	54	3004
3004	34	101
3004	70	106
3004	144	853
3004	436	69
3004	70	416
3004	144	836
186	18	3005
1812	18	3005
2509	18	3005
549	306	3005
1652	306	3005
2275	18	3005
1019	18	3005
2253	18	3005
954	18	3005
2361	18	3005
746	306	3005
683	18	3005
1305	18	3005
966	18	3005
2051	18	3005
836	18	3005
2607	18	3005
2450	18	3005
461	18	3005
720	18	3005
529	306	3005
35	18	3005
1991	18	3005
2227	306	3005
1595	18	3005
1723	18	3005
1309	306	3005
154	306	3005
1606	18	3005
724	306	3005
1145	18	3005
1028	18	3005
1619	18	3005
621	18	3005
326	18	3005
2725	306	3005
1661	18	3005
480	18	3005
2295	18	3005
2232	306	3005
1669	306	3005
2165	18	3005
1066	18	3005
2430	18	3005
1799	18	3005
266	18	3005
296	18	3005
839	18	3005
1556	18	3005
1779	18	3005
2117	18	3005
2154	18	3005
1068	18	3005
289	18	3005
2503	18	3005
1253	18	3005
622	306	3005
2402	18	3005
1972	18	3005
2464	18	3005
1241	18	3005
370	18	3005
1351	18	3005
772	18	3005
1049	18	3005
1378	18	3005
1846	18	3005
253	18	3005
58	18	3005
639	306	3005
2171	18	3005
1571	306	3005
1724	18	3005
1029	18	3005
1098	18	3005
645	18	3005
2172	18	3005
2170	18	3005
2697	18	3005
1586	56	3005
2385	306	3005
367	18	3005
324	18	3005
1829	306	3005
873	18	3005
1568	18	3005
1212	18	3005
1130	18	3005
2008	18	3005
8	18	3005
3006	50	63
1774	126	3006
3006	256	549
3006	308	69
3006	256	529
2385	126	3006
1636	26	3006
3006	14	1774
3006	256	2385
1108	54	3006
529	126	3006
3006	124	1179
3006	86	21
3006	256	2232
2354	194	3006
3006	256	1829
3006	256	1774
3007	416	3008
3008	202	625
3007	68	191
3008	202	1143
3007	416	2145
2969	452	3008
3008	202	1021
3008	202	424
3008	202	2970
3008	202	2916
255	140	3007
2144	416	3008
984	166	3007
3007	120	534
2024	250	3007
3007	50	63
3008	202	775
2367	428	3008
3008	202	1372
2145	452	3008
815	336	3007
3007	70	535
3007	34	40
3007	70	1533
3008	202	477
2138	166	3007
3008	202	1050
1283	170	3009
3009	150	368
3009	6	1247
3009	166	1728
3009	300	3009
3009	50	63
3009	166	2410
3009	6	317
2410	280	3009
3009	266	1333
3009	6	1472
285	170	3009
1535	170	3009
3010	8	1424
2185	100	3010
3010	40	48
3010	118	368
3010	40	1222
34	30	3010
3010	48	61
3010	18	2029
3010	40	1148
3010	52	69
1854	16	3010
3010	96	9
2447	16	3010
112	30	3010
541	144	3010
108	16	3010
1237	16	3010
3010	50	63
541	14	3010
3010	18	876
2601	268	3010
3011	66	651
3011	66	388
3011	66	43
3011	66	61
3011	66	112
3011	66	157
3011	338	2303
384	76	3011
3011	66	384
98	38	3011
3011	360	658
3011	360	1377
3011	360	1834
3011	338	1918
21	38	3011
3011	66	1114
3011	66	629
1259	0	3012
3012	58	357
3012	78	70
2002	228	3012
3012	78	1115
3012	70	106
3012	50	63
3012	78	1123
2625	166	3012
3012	70	980
1115	54	3012
0	0	3012
70	54	3012
244	0	3012
3012	20	21
801	228	3012
2587	330	3013
75	60	3013
126	60	3013
792	74	3013
3014	416	3015
3015	202	976
3014	50	63
3014	416	2145
3014	416	975
3015	202	2916
3014	70	1533
3014	416	3008
3014	24	94
2662	416	3015
3015	202	1143
454	428	3015
3015	452	975
3014	34	40
3007	416	3015
3015	202	477
3015	452	2969
3014	350	21
2144	416	3015
3015	202	625
3015	202	1021
3015	202	1050
3015	202	263
2367	428	3015
3015	202	814
3016	6	1617
3016	6	2079
444	170	3016
2451	170	3016
3016	6	69
3016	166	1958
3016	6	380
21	60	3016
3016	6	1759
3016	166	492
1023	236	3016
3016	6	142
344	170	3016
1023	194	3016
3016	6	19
3016	150	189
3016	6	1472
3016	166	2102
3016	166	93
3016	6	2113
3016	164	998
3016	166	1127
3016	218	3016
3016	234	568
3016	6	604
3016	6	1247
2988	280	3016
3016	364	2590
3016	166	964
3016	6	7
3016	50	63
1535	170	3016
3016	300	3016
3016	6	317
3016	6	2298
606	170	3016
3016	6	605
2078	170	3016
3017	214	796
749	278	3017
3017	290	1379
3017	290	749
3017	362	4
513	278	3017
3017	214	749
3018	70	292
1485	0	3018
3018	32	252
3018	20	592
3018	70	400
3018	246	909
3018	50	63
3018	74	338
341	0	3018
3018	24	94
1259	0	3018
3018	246	38
3019	62	392
3019	62	282
2092	268	3019
322	16	3019
3019	118	189
3019	52	69
2072	14	3019
3019	126	2419
283	16	3019
3019	40	1222
1031	16	3019
3019	90	119
16	16	3019
2072	100	3019
3019	62	322
95	16	3019
2205	268	3019
173	16	3019
3019	46	21
3019	126	762
762	144	3019
889	16	3019
330	16	3019
3019	62	391
3019	40	48
3019	50	63
3019	48	21
3019	18	1445
3019	46	157
3019	18	34
3020	78	566
3020	78	2031
264	28	3020
2028	26	3020
3020	78	1783
1120	166	3020
3020	24	25
1276	28	3020
3020	12	306
3020	78	2932
2131	28	3020
1783	54	3020
3020	78	1584
92	28	3020
3020	28	1276
3020	28	92
1345	28	3020
3020	12	1276
3020	12	809
3020	78	322
2131	12	3020
3020	78	562
6	166	3020
3020	12	2131
3020	14	1972
3020	28	306
1448	28	3020
3020	78	173
3020	78	282
31	28	3020
1073	28	3020
3020	28	1620
3020	144	1972
306	12	3020
3021	160	667
3021	154	252
1670	154	3021
3021	160	532
1277	32	3021
3021	152	928
3021	154	1670
1254	154	3021
3021	152	872
3021	152	576
3021	152	279
3021	152	1206
3021	154	509
3021	154	872
542	154	3021
1670	152	3021
687	154	3021
1949	32	3021
496	152	3021
3021	160	2408
3021	152	909
514	154	3021
3021	152	985
1176	152	3021
3021	152	705
3021	154	278
3021	152	268
858	154	3021
279	152	3021
38	154	3021
3021	154	268
3021	160	2030
3021	212	1446
2067	154	3021
509	154	3021
576	152	3021
3021	152	858
3021	152	509
3021	154	510
3021	154	928
3021	160	1949
151	154	3021
3021	92	1938
1091	154	3021
3021	160	2110
3021	92	1169
3021	152	947
3021	154	38
3021	154	274
3021	152	1670
3021	152	169
704	154	3021
3021	152	701
587	152	3021
3021	154	576
3021	152	277
3021	160	1196
2030	246	3021
3021	160	1543
510	152	3021
3021	160	707
857	152	3021
701	152	3021
274	152	3021
928	154	3021
3021	154	42
909	152	3021
3021	154	985
3021	152	587
3022	46	21
3022	18	7
3022	260	2949
2949	14	3022
3022	52	69
3022	46	157
3022	46	134
3022	46	119
3022	46	2598
3022	46	1526
3022	46	388
3022	46	494
3022	46	617
3022	46	98
3022	46	651
3022	46	384
3022	46	201
1359	100	3022
3022	138	2949
3022	46	1155
3022	18	1503
3023	16	3024
3023	16	797
3023	16	2995
3023	54	1826
861	78	3023
3023	16	68
2987	62	3023
3023	16	602
546	78	3023
3023	16	921
3023	16	1564
3024	118	189
3024	90	1143
1476	78	3023
262	62	3023
3024	40	366
3023	16	396
451	14	3024
34	30	3024
434	16	3024
1783	16	3024
108	16	3024
3024	324	1893
3023	16	326
1826	78	3023
3024	18	199
3023	16	647
3023	16	2987
999	16	3024
451	100	3024
3023	16	414
3024	108	21
3023	16	1985
1694	78	3023
3023	16	218
3023	16	238
3023	16	320
392	16	3024
1572	78	3023
3023	16	1426
3023	16	1423
3023	16	521
123	16	3024
3023	16	2044
2196	78	3023
1781	78	3023
3024	96	9
3023	16	1381
340	62	3023
797	62	3023
812	78	3023
3024	50	63
3023	54	1476
3023	16	1300
863	78	3023
3023	16	1124
3024	52	69
3023	16	107
50	14	3024
3025	134	3026
3026	0	3012
3026	0	1486
3025	0	784
3025	0	1208
2768	134	3026
3026	0	1217
3025	0	2974
3025	0	1563
2050	134	3025
3025	0	62
3025	0	1452
3025	0	436
3025	0	1281
3025	134	2979
3026	0	1376
3025	0	1841
3025	134	552
3025	0	1435
3026	0	2128
3026	0	1488
3025	134	1259
3027	244	1183
3027	244	1182
1182	14	3027
3027	126	1182
3027	306	818
1625	16	3027
3027	50	63
3027	306	34
1529	30	3027
3027	252	69
406	16	3027
2909	16	3027
2570	16	3027
3028	52	69
3028	52	1139
3028	46	446
3028	46	201
3028	130	231
3028	46	157
3028	46	384
3028	46	134
3028	40	1148
3028	46	113
3028	46	61
3028	50	63
3028	96	9
3028	48	822
3028	18	299
3028	46	2521
3028	40	366
3028	118	2374
3028	46	691
3028	46	822
3028	46	1684
3028	46	730
3028	46	1113
3028	46	401
3028	46	43
3028	40	1248
3029	74	75
285	104	3029
3029	70	376
3029	78	2728
3029	144	1484
2728	54	3029
1878	54	3029
3029	14	253
3029	34	40
635	184	3029
3029	78	582
3029	78	1878
19	184	3029
3029	78	138
984	166	3029
3029	70	106
3029	78	562
3030	10	1286
21	60	3030
3030	418	189
3030	114	3030
3030	50	63
3031	28	3032
3031	70	292
3031	24	94
3031	34	101
3031	20	61
3031	28	2412
2412	12	3031
3032	28	2412
3032	34	101
3032	12	2412
3031	70	106
3031	14	654
3031	28	1612
3032	24	94
3031	12	3032
3033	28	1810
905	28	3033
3033	78	968
1877	174	3033
1877	176	3033
855	28	3033
3033	78	1749
3033	174	1877
1877	42	3033
1545	146	3033
263	146	3033
3033	24	25
1550	54	3033
3033	254	644
511	28	3033
511	242	3033
261	28	3033
3033	28	758
3033	28	2452
3033	34	101
3033	94	972
3033	42	2162
3033	12	511
758	28	3033
3033	28	261
3033	28	855
3033	28	546
3033	144	1724
1877	318	3033
1724	126	3033
3033	28	905
3033	74	972
3033	78	322
1379	278	3034
3034	362	4
749	278	3034
3034	214	1379
3034	354	1333
3034	290	749
3034	214	513
3034	290	513
3034	214	749
3034	214	796
3035	14	3036
496	160	3035
3036	40	366
3036	46	180
3036	138	2337
3036	46	2161
3036	46	426
3036	46	481
3036	52	69
3036	46	81
3036	46	502
952	100	3036
3036	46	23
3036	46	1684
3036	46	617
3036	46	1844
3035	70	1270
3036	52	215
2948	304	3035
3036	48	548
3036	46	2972
3036	46	1110
3035	50	63
564	166	3035
1230	0	3035
3036	46	519
859	0	3035
3035	94	75
3036	46	403
2138	166	3035
3036	46	119
1485	0	3035
3036	8	1424
3036	46	629
274	160	3035
3036	46	548
252	160	3035
3036	46	384
3036	22	112
587	160	3035
3036	46	201
3035	70	400
3036	40	48
3036	46	113
3036	46	1447
3036	46	1207
3036	96	9
3035	70	1099
509	160	3035
3036	18	179
981	144	3036
859	0	3037
335	54	3037
3037	24	25
3037	28	1407
3037	68	2465
3037	78	102
1407	12	3037
3037	78	109
3037	148	69
102	54	3037
166	28	3037
3037	34	40
1407	28	3037
3037	28	166
3038	46	113
3038	348	2133
686	100	3038
3038	130	231
3038	18	1503
3038	46	23
3038	46	43
3038	52	69
3038	40	48
3038	46	157
3038	46	61
3038	46	384
3038	46	134
3038	282	2226
3038	46	548
3038	46	21
3038	46	426
3038	46	494
3038	18	7
1399	16	3039
3039	118	189
3039	96	9
1347	100	3039
601	30	3039
1125	144	3039
3039	18	67
3039	48	201
3039	18	146
3039	18	179
908	14	3039
3039	18	34
3039	46	112
1698	144	3039
3039	304	1163
3039	132	1347
3040	52	215
294	16	3040
3040	46	21
723	268	3040
3040	18	818
3040	118	189
3040	40	366
3040	50	63
34	30	3040
895	16	3040
3040	18	3005
177	16	3040
3040	18	1734
3041	26	3042
79	2	3041
3042	20	21
3042	28	329
1237	2	3041
1399	2	3041
3042	34	101
3042	78	379
3041	294	1790
3042	42	1096
3042	28	176
3042	242	1096
123	2	3041
1096	242	3042
3042	20	559
3041	268	1564
392	2	3041
3041	268	1124
176	28	3042
1096	42	3042
95	2	3041
329	28	3042
3042	42	613
294	54	3042
330	2	3041
731	2	3041
3042	78	294
708	2	3041
3041	26	874
3042	78	2927
895	54	3042
70	2	3041
2	2	3041
147	146	3042
3042	70	88
3042	78	1749
3043	18	179
3043	46	717
3043	46	182
3043	40	366
34	30	3043
3043	46	494
807	144	3043
3043	46	384
3043	46	75
3043	46	2521
3043	46	201
3043	46	426
3043	62	1854
3043	46	21
3043	324	1071
952	100	3043
3043	46	357
807	14	3043
3043	46	325
236	100	3043
3043	46	112
3043	46	730
3043	96	9
3043	46	481
3043	126	807
3043	282	2226
3043	40	1222
1049	18	3044
2430	18	3044
1118	18	3044
2755	18	3044
2961	18	3044
2168	18	3044
476	18	3044
1381	18	3044
1012	18	3044
320	18	3044
2402	18	3044
1285	18	3044
3045	456	3046
3046	444	184
2455	464	3046
2925	434	3046
184	444	3046
3045	98	2182
2925	98	3046
3045	434	2182
3045	98	184
3045	50	63
3046	278	3045
2940	434	3046
3046	278	1385
3046	464	2455
1385	456	3046
2936	98	3046
3046	278	2925
184	464	3046
2182	278	3045
2936	456	3046
2181	456	3046
3045	434	184
3047	70	88
3047	34	101
3047	376	1910
3047	78	2909
520	12	3047
443	54	3047
3047	24	25
3047	78	28
1581	26	3047
2909	54	3047
406	54	3047
1910	174	3047
3047	24	94
3047	70	106
442	174	3047
3047	74	161
3047	42	1857
1625	54	3047
3047	78	406
3047	28	520
3047	174	1910
1910	376	3047
3047	28	2167
2167	28	3047
3047	74	2456
511	42	3047
3048	158	3049
3049	392	3048
3048	186	201
201	60	3048
3048	50	63
201	60	3049
3048	326	201
1379	278	3050
3050	290	749
3050	214	796
3050	354	1333
850	442	3050
3050	290	513
3050	214	513
3050	290	1379
3050	362	4
3050	354	1522
3051	16	3052
696	78	3051
3051	16	670
3052	96	9
3052	430	1773
3051	54	1408
3051	16	2621
1582	30	3052
29	62	3051
3052	48	134
3051	16	2402
3051	16	266
3051	16	3036
3051	54	499
3052	132	2167
3052	292	1773
569	100	3052
3051	16	2127
3052	40	366
3052	132	569
3051	16	603
3052	40	48
3051	50	63
3051	16	1299
499	78	3051
431	78	3051
1749	16	3052
2587	78	3051
3051	16	1159
415	78	3051
904	16	3052
2054	78	3051
3052	52	716
3053	46	3054
1124	46	3054
1838	86	3054
2921	74	3054
1714	144	3053
585	286	3054
3054	340	1242
3053	52	69
3036	46	3054
3054	102	189
3053	46	134
305	48	3054
3053	46	494
958	46	3054
3053	46	730
3054	38	961
3054	258	658
3053	46	325
682	46	3054
1802	46	3054
305	46	3054
3043	46	3054
2132	46	3054
3054	30	547
326	46	3054
355	46	3054
3053	46	23
402	60	3054
3053	46	548
2971	46	3054
3053	46	119
2983	46	3054
1606	46	3054
1122	94	3054
3053	46	21
1070	46	3054
3054	30	802
3053	40	1222
1632	46	3054
3053	48	21
258	46	3054
211	100	3053
820	46	3054
3053	46	113
69	230	3054
2971	48	3054
2959	46	3054
1400	46	3054
3053	46	822
396	48	3054
3053	46	43
3053	46	112
3053	46	81
547	46	3054
3053	46	327
3053	46	1684
1276	144	3053
1567	16	3053
1328	46	3054
603	46	3054
3053	46	2984
1426	46	3054
740	46	3054
892	46	3054
3028	46	3054
1173	46	3054
771	46	3054
782	46	3054
3054	374	1509
3053	46	388
2376	14	3053
3053	46	384
951	46	3054
1241	46	3054
3053	46	201
396	46	3054
248	46	3054
3054	314	189
3053	46	651
3053	46	691
650	80	3054
1063	46	3054
133	46	3054
3053	46	426
417	46	3054
284	46	3054
3053	18	299
2944	46	3054
1159	46	3054
3053	46	1110
82	66	3054
3053	46	98
1747	46	3054
2087	46	3054
700	46	3054
3053	96	9
1350	46	3054
3053	46	446
22	46	3054
473	46	3054
2033	46	3054
3055	354	879
796	278	3055
749	278	3055
3055	290	513
3055	214	749
3055	354	1333
3055	362	4
3055	214	1379
3056	12	507
3056	78	1820
406	54	3056
2910	12	3056
2910	28	3056
306	42	3056
3056	42	306
3047	42	3056
3056	70	106
474	184	3056
3056	210	508
288	336	3056
2362	12	3056
3056	12	2362
3056	28	1219
3056	70	117
1625	54	3056
3056	78	406
3056	74	159
3056	78	1475
3056	28	507
3056	94	159
507	12	3056
3056	70	649
2911	28	3056
3057	304	910
3057	18	601
3057	18	299
805	100	3057
3057	48	21
3057	18	128
3057	18	2736
1157	100	3057
3057	52	69
3057	118	189
3057	132	805
3058	12	462
462	28	3058
3058	50	63
1977	228	3058
1702	0	3058
900	28	3058
249	0	3058
3021	160	3058
487	28	3058
2320	228	3058
3058	12	900
3058	20	21
3058	12	487
707	28	3058
3058	28	707
1225	166	3058
3058	28	462
1023	194	3059
418	236	3059
3060	60	3061
21	356	3060
625	60	3060
1193	94	3061
3060	320	1045
3061	114	3061
3061	392	3060
3061	284	625
3061	50	63
3060	418	189
3060	10	1286
3061	368	3060
2059	74	3061
3061	10	1286
3061	320	1045
3062	134	787
3062	134	2838
3062	0	1393
3062	0	2186
3062	0	2655
3062	0	924
402	60	3063
481	88	3063
3063	186	394
3063	38	99
3063	122	2465
111	80	3063
3063	122	86
3063	102	189
3063	142	2153
3063	164	224
275	66	3063
3063	88	481
69	230	3063
3063	164	447
585	286	3063
3063	106	189
1548	222	3063
3064	40	3065
230	40	3065
820	40	3065
1075	40	3065
647	40	3065
645	40	3065
3064	48	21
550	40	3065
3064	96	9
3064	118	189
3064	52	69
3064	18	3005
1399	16	3064
1202	40	3065
235	40	3065
3064	40	366
425	40	3065
2957	144	3064
3010	40	3065
3064	18	67
3064	18	876
1147	40	3065
3064	358	1729
988	40	3065
3064	358	1743
810	40	3065
1381	40	3065
2008	40	3065
3064	132	1157
2389	40	3065
3064	40	48
1985	40	3065
1037	40	3065
1460	40	3065
3064	138	1260
853	40	3065
3064	18	128
340	40	3065
3066	330	357
3066	14	2253
3066	78	2296
2845	438	3066
2253	304	3066
3066	28	974
3066	78	109
3066	94	663
3066	70	400
3066	78	1705
3066	70	1593
269	140	3066
2564	26	3066
3066	20	21
3066	78	1115
553	26	3066
70	54	3066
3067	46	822
3067	46	201
3067	40	48
2137	14	3067
294	16	3067
3067	46	388
3067	46	403
3067	90	338
2447	16	3067
3067	18	34
3067	46	494
3067	96	9
3067	18	601
3067	52	69
112	30	3067
2	16	3067
3067	46	446
1142	16	3067
3067	46	384
3067	46	730
3067	46	617
3067	46	3054
1586	30	3067
3067	18	7
1854	16	3067
3067	46	691
3067	46	629
3067	18	3005
3067	40	366
3067	18	983
3067	46	98
3067	46	21
3067	46	61
3067	46	119
109	16	3067
3067	46	113
3067	46	426
3067	46	1684
3068	78	3069
2128	78	3069
3069	54	1944
1365	78	3069
3069	54	722
3068	144	1063
3068	298	189
3069	54	1238
3069	54	176
3069	2	53
3069	2	764
3068	50	63
3069	2	1840
3068	70	862
3068	70	88
3069	2	893
3068	162	3033
3069	54	464
3068	24	94
1259	0	3068
3068	70	649
1238	78	3069
1468	78	3069
3069	2	1327
3069	54	2128
3069	2	557
1376	78	3069
1644	42	3068
3069	2	595
371	140	3068
1486	78	3069
3068	58	75
3068	20	21
464	78	3069
939	78	3069
3070	54	3071
1123	54	3071
3071	28	1355
1230	0	3071
3070	2	1327
2990	78	3070
3070	2	553
1753	28	3071
3071	70	88
3070	2	1405
3071	12	1753
3071	78	1123
87	78	3070
335	54	3071
3070	54	2383
1753	12	3071
3071	32	858
3071	70	1270
3070	2	53
3070	2	1840
3070	2	893
1259	0	3071
3071	28	875
1149	228	3071
1840	26	3071
3071	78	70
557	26	3071
3070	2	557
3071	28	1753
3071	70	106
3071	78	486
1806	26	3071
3071	32	169
3070	54	2396
3070	2	764
3071	78	1115
2383	78	3070
3070	2	595
3071	50	63
3070	54	87
3072	66	3073
5	66	3073
3073	192	134
384	192	3073
3073	76	1576
3073	192	2972
112	192	3073
3073	192	384
3073	296	2788
134	192	3073
3073	116	217
3073	38	1576
197	192	3073
3072	66	629
2082	178	3073
3073	192	849
3073	258	1834
2972	192	3073
693	88	3073
3072	66	388
3073	164	447
548	192	3073
3073	192	559
113	76	3072
849	76	3072
3073	192	548
3072	66	403
112	38	3072
33	192	3073
3072	66	849
3073	192	1114
3072	360	1834
559	192	3073
3073	60	2788
3072	360	1377
3073	76	1611
3073	192	61
3073	192	113
3072	360	658
3073	38	389
3072	66	384
3072	66	134
1864	192	3073
21	38	3072
3072	66	157
3072	66	651
3072	66	691
2132	46	3073
21	192	3073
201	76	3072
112	76	3072
3073	192	1864
3073	258	658
939	78	3074
3074	54	2162
1753	78	3074
2990	78	3074
1363	78	3074
1307	78	3074
1	78	3074
1488	78	3074
3075	28	3076
3076	28	1816
3076	34	101
3075	70	106
3076	78	138
3076	70	106
6	166	3075
3075	70	649
3076	20	21
3075	28	1816
3076	70	583
3075	20	21
2381	12	3075
2381	28	3075
3075	14	137
680	166	3075
3075	34	40
2381	12	3076
3076	14	137
628	28	3075
137	244	3075
3077	174	3078
3001	376	3078
3078	78	406
16	54	3077
1897	140	3078
3078	176	2943
3077	74	357
3078	174	684
3077	68	191
3078	14	1080
684	174	3078
265	28	3078
3078	70	106
3078	28	265
723	26	3078
3077	70	106
3078	78	2909
17	126	3077
3078	20	21
2558	28	3077
3078	28	2558
3077	14	17
3078	174	3001
3078	28	3077
2927	54	3078
255	140	3077
3078	144	17
3078	78	138
3078	94	1048
3078	376	3001
3078	318	3001
3077	34	40
3078	24	25
3077	24	94
3077	74	196
3078	78	379
3079	144	1803
3079	78	999
3079	70	106
3079	24	94
3079	34	40
3079	74	126
3079	20	21
2058	54	3080
3080	20	61
3080	94	1545
3080	78	2
3080	34	101
3080	28	990
3080	78	322
3080	78	386
3080	24	25
3080	78	2447
3080	70	1224
3081	128	3082
1328	46	3082
810	46	3082
1063	46	3082
3082	288	21
1548	222	3082
3081	340	1242
3082	334	189
1606	46	3082
402	60	3082
585	286	3082
480	46	3082
1830	46	3082
94	190	3081
1159	46	3082
2108	230	3082
3036	46	3082
3081	50	63
3082	258	1834
1555	86	3082
3082	258	658
3082	314	189
396	46	3082
3082	164	1859
3082	164	224
3082	106	189
3082	142	260
69	230	3082
682	46	3082
226	46	3082
3082	332	1103
326	46	3082
111	80	3082
1853	46	3082
1124	46	3082
3082	88	446
425	46	3082
753	46	3082
820	46	3082
3082	76	99
3082	60	3081
3082	164	447
395	20	3082
3083	78	123
3083	144	1029
2518	140	3083
3083	78	282
3083	20	21
3083	14	685
3083	70	649
3083	70	416
2423	140	3083
3083	70	106
3083	12	575
3083	70	862
3084	16	3085
1948	78	3084
1098	62	3084
3084	16	2083
3085	18	34
3085	130	231
792	78	3084
3023	16	3085
1084	14	3085
3084	54	1476
797	62	3084
575	78	3084
3084	16	2217
1789	16	3085
3084	2	1760
3084	16	921
340	62	3084
3084	16	836
3084	16	72
3084	16	3019
1429	78	3084
2987	62	3084
352	78	3084
1366	78	3084
861	78	3084
3085	40	1148
61	30	3085
3084	54	2115
3084	16	2295
3084	16	677
3084	16	2081
3084	2	2660
885	78	3084
3084	16	2964
3085	40	366
1630	78	3084
3084	54	2196
3084	16	149
3084	2	2235
3084	2	2205
3085	126	2428
812	78	3084
3084	16	854
3084	16	757
3084	16	2517
3084	2	2679
1193	78	3084
1985	62	3084
3084	16	820
3085	46	21
3084	2	1324
3084	16	296
1781	78	3084
2205	268	3085
3084	16	1985
3084	16	2503
1010	62	3084
3084	16	2991
3084	54	1694
3084	16	1319
889	16	3085
3084	54	254
3084	16	797
3085	52	716
3084	16	262
2072	100	3085
2403	62	3084
716	30	3085
3084	16	1382
108	16	3085
3084	16	1010
1826	78	3084
3084	16	35
3084	2	1581
381	12	3086
3086	78	999
3086	14	137
1581	26	3086
2033	126	3086
3086	78	1867
3086	144	2033
3086	70	106
1719	26	3086
1694	78	3084
3086	78	566
3086	70	657
3086	78	173
381	28	3086
3086	24	94
3086	78	562
3086	20	21
3086	78	282
3086	34	40
3087	22	112
3087	46	629
3087	46	691
3087	8	1424
1359	100	3087
3087	18	299
3087	46	481
3087	96	9
3087	46	33
1562	14	3087
3087	46	822
3087	46	519
395	144	3087
3087	304	1562
3087	46	113
3087	46	61
3087	46	494
1425	16	3087
3087	46	502
3087	46	2972
3087	46	327
3087	18	3005
3087	48	21
3087	46	388
3087	46	617
3087	46	112
3087	46	43
3087	46	717
3087	430	1853
3087	132	1990
2921	144	3087
3087	46	23
3087	46	2984
3087	46	119
3087	46	730
3087	46	460
1798	16	3087
3087	46	384
3087	46	426
3087	46	325
3087	46	1207
3087	46	446
3088	18	67
3088	18	299
686	100	3088
3088	18	146
3088	18	2029
3088	118	189
3088	48	61
3088	40	232
146	30	3088
3088	52	716
3088	40	48
3088	132	686
3088	52	1139
3089	456	3090
3090	278	1385
3090	464	184
3045	98	3090
1053	442	3089
2182	278	3089
3090	444	2455
3090	278	2925
3089	98	3046
2455	464	3090
3090	444	2182
3089	362	1386
3045	456	3090
2940	456	3090
2936	434	3090
3089	434	3046
183	98	3090
2936	456	3090
3090	464	2455
3090	444	3046
3089	456	184
3046	464	3090
183	456	3090
2925	456	3090
2182	444	3090
3090	464	3046
3089	98	184
3089	50	63
3090	444	184
2455	444	3090
3046	444	3090
184	278	3089
3089	378	610
1385	456	3090
3091	74	75
3091	94	75
1005	28	3091
3091	28	1005
3091	34	40
3091	12	1005
1005	12	3091
3091	70	400
252	160	3091
3091	20	21
406	54	3091
3091	14	746
2097	28	3091
3091	246	687
3092	136	2234
3092	136	2023
3092	34	40
3092	78	676
3092	50	63
3092	24	94
3092	78	2700
3093	42	3094
3094	78	379
3093	94	452
3094	14	2266
3093	74	2591
3094	144	370
285	104	3093
3094	376	1276
1276	376	3094
3094	68	86
3094	174	546
315	146	3094
3093	24	94
237	162	3094
3094	78	490
3094	318	908
3093	74	976
3094	78	950
3093	24	25
3094	24	94
3093	70	400
192	12	3094
3094	74	814
442	318	3094
442	174	3094
3094	68	2274
3093	70	980
3093	34	40
1213	28	3094
3094	78	386
3093	74	452
3094	70	106
546	174	3094
3094	20	21
3094	174	1910
684	174	3094
380	184	3093
3095	144	3096
3095	148	716
3096	132	1129
3096	96	9
1744	250	3095
3095	148	69
3095	20	21
3096	52	69
3096	48	21
2415	144	3096
3095	34	40
1129	30	3096
3094	78	1343
3096	118	189
610	166	3095
805	100	3096
3095	330	127
3095	148	882
569	100	3097
3097	18	907
3097	260	2196
3097	138	1084
3097	18	759
3097	18	179
179	30	3097
3097	118	189
759	30	3097
3097	90	338
3097	108	21
3097	322	2196
3097	52	716
3097	48	21
3097	40	48
3097	18	128
3098	28	2022
510	160	3098
3098	20	21
939	28	3098
3098	298	189
0	0	3098
3098	78	1358
1431	54	3098
678	0	3098
272	160	3098
3098	24	94
274	160	3098
3098	68	946
1357	28	3098
3098	28	903
3098	78	335
3098	28	1357
3098	58	21
3098	70	106
3098	28	939
3098	78	556
1840	26	3098
3098	50	63
162	28	3098
2320	228	3098
3098	70	980
3099	12	3100
600	12	3100
792	28	3100
3099	78	282
3100	28	1930
3100	24	94
3100	70	1006
3100	78	1749
3099	14	2468
3099	78	1584
957	28	3100
3099	28	3100
3099	70	106
1391	26	3100
3100	28	2158
3100	78	2932
2660	26	3100
3100	14	476
811	12	3100
3100	12	811
3100	12	600
3100	148	69
3100	28	3099
3099	78	582
3099	70	400
489	28	3100
3100	78	2080
3099	24	94
3100	144	305
150	54	3100
3100	14	206
206	126	3100
3099	144	821
3100	144	2582
1581	26	3100
2166	126	3100
3100	144	1426
1170	28	3100
3100	210	508
3100	144	476
3100	12	3099
3099	144	2468
821	126	3099
3100	78	1783
3100	226	1941
468	42	3100
3100	14	2609
1930	28	3100
3100	28	600
322	54	3099
3100	28	1170
3100	12	792
3100	78	676
3100	144	821
3100	14	1941
3100	20	21
3099	70	657
821	126	3100
2468	244	3099
3099	70	132
3101	70	661
1702	0	3101
2752	250	3101
3101	20	21
667	28	3101
1271	28	3101
3101	24	94
249	0	3101
3101	78	766
3101	70	980
1416	54	3101
3021	160	3101
463	28	3101
3101	34	40
3102	28	3103
3102	28	2191
3102	226	746
3102	12	2097
3102	34	40
3102	28	3091
1625	54	3102
3102	12	3103
3103	34	101
3103	12	1005
746	126	3103
2547	28	3102
406	54	3102
1782	28	3102
2191	12	3102
2097	12	3103
3103	12	2097
3091	12	3102
2097	28	3102
3103	14	746
3103	28	3091
3103	94	2156
1005	12	3103
3102	210	508
746	244	3103
746	126	3102
3102	12	3091
3103	74	2156
3102	28	2547
3103	12	3091
1005	28	3102
3103	70	106
3103	20	21
3091	12	3103
3104	18	299
3104	48	112
601	30	3104
3104	52	936
3104	18	2029
3104	130	309
541	144	3104
3104	48	21
3104	40	1148
3104	18	19
3104	304	2396
3104	18	983
3104	18	601
3104	46	21
3104	96	9
3104	138	1367
3104	118	189
3104	40	232
3105	232	3106
3106	204	2349
3106	410	189
563	232	3106
1283	170	3106
3105	232	610
3105	232	564
2292	60	3106
3106	382	189
3106	300	3106
3105	232	607
285	170	3106
3106	400	2019
3105	232	1499
1023	194	3106
606	170	3106
3106	266	699
21	60	3106
3105	232	2643
3106	6	142
3106	6	286
3106	50	63
3106	6	1617
3106	166	2988
3105	232	423
1673	454	3105
3106	44	2292
3105	232	931
446	146	3107
3107	74	505
552	0	3107
3107	70	400
3107	70	292
3107	50	63
2486	0	3107
3107	246	151
3107	34	40
3107	162	467
3107	42	1062
467	162	3107
2979	0	3107
3108	420	2746
3108	300	3108
3108	166	1296
2596	236	3108
