2909	922	0.002111932418162619
2909	217	0.0011696091408076622
2909	82	0.000574624904904213
2909	585	0.002111932418162619
2909	224	0.0007557375328391652
2909	716	0.0026263941437403085
2909	1834	0.0006917681085256367
2909	111	0.0003476886607899917
2909	1200	0.0003099447887884913
2909	659	0.0003099447887884913
2909	1103	0.0006917681085256368
2909	99	0.0006288683080346452
2909	447	0.0005746249049042129
2909	2991	0.0013265137380392073
217	2941	0.0022140512317733074
217	2990	0.0015279101870319617
82	2977	0.002479567596408259
224	2955	0.0005544812424336272
224	2977	0.0021636656613835234
224	2990	0.001196603617757786
716	2930	0.002410933919718126
716	2989	0.0020736534790196087
1834	2977	0.0019882138215727967
1834	2990	0.0011586883826355033
111	2955	0.0005129646028758039
111	2990	0.0019205307208343453
1200	2990	0.0021317729153208192
659	2990	0.0021317729153208192
1103	2977	0.0019882138215727967
1103	2990	0.0011586883826355033
99	2955	0.0005486394625446168
99	2977	0.0025113667163882843
447	2977	0.002479567596408259
2910	2911	0.006015635153762756
2910	365	0.0021119324181626186
2910	951	0.0016747433639903164
2910	854	0.0021119324181626186
2910	1018	0.0021119324181626186
2910	1359	0.0031950401523238693
2910	185	0.00034016308715806
2910	1802	0.0021119324181626186
2911	21	0.011968996414841475
2911	282	0.0014069207714770828
2911	366	0.0010145791947218249
2911	79	0.0007672387553242362
2911	1510	0.0007474022536313748
2911	232	0.0007833645796998864
2911	112	0.001493931622737251
2911	294	0.0008275527840926053
2911	185	0.0017459240208137332
2911	1222	0.0008397660600021322
2911	768	0.0021797104994321415
2911	48	0.0007122821512010368
2911	34	0.0009587908762673844
2911	2953	0.004634875093495218
2911	2972	0.005222109604400616
951	2953	0.0027357424451632745
951	2977	0.003938076176109848
21	2912	0.007518486850461307
21	2914	0.007243680239717343
21	2915	0.007671373914319109
21	2917	0.0023406398809328838
21	2919	0.0025627519721584343
21	2921	0.009488958859897503
21	2922	0.00814959464300788
21	2927	0.010935464079358354
21	2930	0.009407454882336944
21	2932	0.013887059896352109
21	2931	0.012807385398248597
21	2933	0.03121654365738993
21	2934	0.013925018292198174
21	2939	0.004619682271129344
21	2941	0.010786449177308588
21	2945	0.030793324852401563
21	2946	0.015525535147609189
21	2951	0.0034613151703989952
21	2958	0.0031381849802476843
21	2959	0.016344568254538738
21	2960	0.013855038674788137
21	2961	0.00805403168361832
21	2964	0.006735870773870407
21	2968	0.011877410776177072
21	2973	0.0062216917705845394
21	2974	0.003507726497698441
21	2976	0.009582729875889068
21	2983	0.00926744659900773
21	2984	0.013435510278980583
21	2985	0.005528906355386475
21	2986	0.015932251096299494
21	2989	0.008200679019590196
21	2993	0.006397431077860203
21	2995	0.011703849859993709
21	2997	0.020281338971666847
21	3002	0.005894301666411827
21	3007	0.018524279260470875
21	3008	0.004141149760071666
21	3009	0.005464072426323519
282	2932	0.001682747156677756
282	2982	0.0017654138179140609
282	2985	0.001156704712643401
366	2927	0.0023218631225182047
366	2937	0.0008668323486958353
366	2945	0.0017725376338930347
366	2952	0.0015200094569354445
366	2964	0.001334679191146343
366	3005	0.001311114720735024
79	2930	0.0011531780646432403
79	2963	0.0014240847699023586
79	2989	0.0014827623705532277
1510	2953	0.0005426208465736071
1510	2952	0.0009612925055319647
232	2917	0.0009713949362690465
232	2945	0.0015020719491496447
232	3005	0.0008879752838165804
112	2912	0.0012965108464017385
112	2925	0.004219399862925317
112	2930	0.0016141343433068195
112	2937	0.0008528238334789635
112	2945	0.0024544263602985965
112	2951	0.001208517631112729
112	2959	0.0018563939646481919
112	2967	0.0019946561632240216
112	2968	0.001271713951592128
112	2995	0.002118877354728073
294	2921	0.0009636879769158056
294	2930	0.0012439335959558745
294	3004	0.0002927341751228393
185	3005	0.0005867202315591585
1222	2939	0.000648461025937484
1222	2964	0.000942368958135657
1222	2976	0.0007711215301638858
768	2962	0.0017788259313751516
1359	2912	0.00226534427929143
1359	2963	0.002784288920388613
1359	2973	0.0008236485257980017
1359	2994	0.0018797729710451742
1359	2995	0.002242708872898747
48	2917	0.0005957352608530518
48	2939	0.0010020304041600582
48	2945	0.0014946648145918368
48	2952	0.0012865835829674384
48	2973	0.0005831309696817309
48	2989	0.0012420554288594312
48	2995	0.0011924860907115056
34	2912	0.001103579497943664
34	2930	0.0010147445393540835
34	2937	0.0007208989530262533
34	2951	0.0007079017084962073
34	2973	0.0008401596610060057
34	2985	0.0010546708594339
34	2989	0.0009775199916898269
34	3004	0.0005758792978085394
34	3005	0.0014091253579832
2912	1844	0.0009687116052150429
2912	157	0.0006161810144687412
2912	23	0.0013274980023084675
2912	327	0.0005684915378917789
2912	69	0.006872135976513462
2912	1445	0.0012723000529370012
2912	691	0.0009687116052150429
2912	822	0.0013399039080876016
2912	306	0.0027758984790641874
2912	617	0.0005979023462564145
2912	384	0.0029878885189526193
2912	1684	0.0007363494549589382
2912	629	0.000577786742232815
2912	113	0.0005604293759520881
2912	519	0.0006634504808375835
2912	730	0.0006863987284082733
2912	134	0.0008723328912839133
2912	548	0.0005454643268401794
2912	388	0.0004558144050584459
2912	189	0.0027076760129623612
2912	61	0.005426353685346041
2912	2977	0.011184912157959883
1844	2952	0.0008104449552861263
1844	2976	0.0006841993053054732
157	2952	0.0008946708616031428
157	2959	0.0007455528530313984
157	2995	0.0009062878781246215
23	2976	0.0008087076849562037
327	2945	0.0010274664278736476
327	2968	0.000529656733687821
327	2976	0.0004957496341187485
327	2995	0.0009445218365705158
69	2919	0.0022210215210303947
69	2918	0.0042938691597312305
69	2920	0.014894065847554056
69	2930	0.006779273090390183
69	2933	0.031414256496653435
69	2935	0.005501671175231246
69	2937	0.0036456794270599063
69	2939	0.004014483350773462
69	2943	0.014032676121352988
69	2945	0.021130021252313967
69	2952	0.01857939994676722
69	2960	0.009897469708798075
69	2964	0.005218682535233232
69	2966	0.011043442525949061
69	2985	0.004226310388331138
69	2990	0.021398529723112316
69	2995	0.01146430628869337
69	2996	0.03990550748838695
69	3001	0.003120623680995436
1445	2951	0.0006768393747394739
1445	2973	0.0008190401597660389
1445	3005	0.0006248949931565767
691	2952	0.0008104449552861263
691	2976	0.0006841993053054732
822	2937	0.0006847990509618963
822	2951	0.0007789179894043557
822	2952	0.004232221172911746
822	2976	0.0016649000291043294
822	2980	0.0023723923797707622
822	2995	0.0023853900167739293
822	2999	0.006385164205020937
306	2926	0.003247349854501511
306	2982	0.0023439767529603184
306	3000	0.0011779509343798967
617	2945	0.0008680031831557384
617	2952	0.000772440221836706
617	2976	0.0005651108353436863
617	2995	0.0009731299043883942
384	2937	0.0009489009244060403
384	2949	0.005008197047576866
384	2954	0.0018717475168989748
384	2959	0.003054348751969054
384	2968	0.001630796250869151
1684	2952	0.0009150664168280397
1684	2968	0.0006124305696043863
1684	2995	0.0009884461900053056
629	2945	0.0009673037868713324
629	2959	0.0006559122091391129
629	2995	0.0008837178965288359
113	2945	0.0010644441781999551
113	2959	0.0006229347326790121
113	2968	0.0004889339734655623
113	2995	0.0009483101016874404
519	2937	0.0004547312562978059
519	2945	0.0010766950776160448
519	2951	0.0006899644867876137
519	2952	0.001042035020047836
519	2959	0.0008569017382795226
519	2968	0.0006403122607272202
730	2968	0.00046643480585513707
730	2976	0.0005243880239149277
730	2995	0.000975698400401748
134	2937	0.0005366561453783989
134	2939	0.0011436792240286462
134	2945	0.0013689647504742132
134	2952	0.001321382951296088
134	2968	0.0009718233340908334
134	2976	0.0008300090860616304
134	3005	0.0014684699217002344
548	2951	0.0005807433247279138
548	2952	0.0011295441093600832
548	2959	0.0007345201464037514
548	2968	0.0005822669306123076
548	2995	0.000946275748677861
388	2945	0.0008952597963183142
388	2952	0.001994656528012829
388	2959	0.0007224018309736161
388	2976	0.00048181247265760904
388	2977	0.0020407381366098973
388	2995	0.0016409731115284492
189	2917	0.0030517974671299404
189	2924	0.00842093983225095
189	2927	0.00634332391819282
189	2930	0.006926195402087017
189	2932	0.013107428431880118
189	2939	0.0031486237322520005
189	2955	0.006321189271269846
189	2964	0.005257695991939749
189	2977	0.022045756415776475
189	2978	0.013734118176386837
189	2980	0.005605110809768793
189	2985	0.002932812967715265
189	2989	0.004642499374466544
189	2990	0.011343482503829131
189	2993	0.0035734977489636187
189	2995	0.006583367533367176
189	2994	0.0077446625472065
189	2997	0.008063848140918036
189	3000	0.0034130111765382433
189	3002	0.0027893626449033856
61	2940	0.024464089537624596
61	2959	0.007719826279040751
61	2976	0.004547078804550704
61	2995	0.008816790963522916
1279	2913	0.0021119324181626186
2913	169	0.0010272686338228573
2913	272	0.001035017190631111
2913	510	0.0021119324181626186
2913	38	0.008667692120008973
2913	514	0.0021119324181626186
2913	268	0.0021119324181626186
2913	1446	0.0021119324181626186
2913	290	0.006552000916990919
2913	274	0.008667692120008973
2913	858	0.0010272686338228575
2913	928	0.0010272686338228575
2913	2030	0.0021119324181626186
2913	252	0.006527823277917764
2913	872	0.0010272686338228575
2913	278	0.0010350171906311114
2913	487	0.0021119324181626186
2913	1265	0.0021119324181626186
2913	1933	0.0021119324181626186
2913	1254	0.0021119324181626186
2913	509	0.0010272686338228577
2913	1206	0.0010272686338228577
2913	1718	0.0021119324181626186
2913	706	0.0021119324181626186
169	2970	0.0013110379357157665
272	2940	0.0028069662433683027
272	2970	0.0010796795578967215
38	2933	0.015121487576546182
38	2970	0.01254992158121854
38	2986	0.007813259807517571
290	2961	0.018603100175143265
290	2970	0.010642221451544108
274	2933	0.015121487576546182
274	2970	0.01254992158121854
274	2986	0.007813259807517571
858	2970	0.0013110379357157665
928	2970	0.0013110379357157665
252	2933	0.017694419059559156
252	2940	0.003702757482467905
252	2970	0.008880325084060817
872	2970	0.0013110379357157665
278	2940	0.0028069662433683027
278	2970	0.0010796795578967215
509	2970	0.0013110379357157667
1206	2970	0.0013110379357157667
2914	94	0.0010800895548024006
2914	40	0.0020217887009262637
2914	425	0.0021119324181626186
2914	2378	0.0013412935006264536
2914	1695	0.0018474690914445269
2914	972	0.0021119324181626186
2914	88	0.0007825309708962464
2914	1519	0.001099857909978596
2914	862	0.0007495250198323646
2914	316	0.0015031541982827895
94	2922	0.0013095630823392367
94	2960	0.0026290036986137003
94	2961	0.0017315513163147444
94	2966	0.0019339757231336054
94	2965	0.0007307320069261868
94	2974	0.0005845765124137018
94	2975	0.0008225880512913709
94	2981	0.0015947004182212598
94	2984	0.0018519918208020605
94	3000	0.0009424609967855446
94	3003	0.0005430133429840315
94	3009	0.0005818807367742223
94	3008	0.0005809409317827082
40	2916	0.001953503652056625
40	2920	0.00589028356126214
40	2932	0.008118025793707264
40	2933	0.012154165591695737
40	2934	0.0038726331082881756
40	2941	0.0036000207097821113
40	2944	0.006330692545478371
40	2947	0.002902784931824311
40	2946	0.005167144078599304
40	2948	0.0043744160839865685
40	2950	0.0013596940433563084
40	2957	0.002413249364154024
40	2961	0.0035587132248920714
40	2965	0.0025793740114680016
40	2974	0.0014245893896963568
40	2981	0.003386283671101284
40	2984	0.004078436960209601
40	2986	0.005283764440922277
40	3000	0.0022331557078117026
40	3003	0.0013618100875878345
40	3009	0.0015224228824671203
2378	2915	0.0008246083536278782
1695	2996	0.0015762788394208032
88	2916	0.0005204194536453377
88	2932	0.002277868972110663
88	2946	0.0012310308474536215
88	2948	0.0009880911853061283
88	2950	0.000595520298150465
88	2957	0.0005444552536029446
88	2984	0.0011569077924894267
1519	2915	0.0006429829516850954
1519	2929	0.000707775225717885
862	2915	0.0005217522796218324
862	2946	0.0014020421076254648
316	2944	0.00047076278609592723
316	2943	0.0008372100232631753
316	2978	0.0015279382900977728
2915	346	0.0021119324181626186
2915	1887	0.0021119324181626186
2915	349	0.0007919298779098633
349	2933	0.0021005929770785926
2916	2917	0.0018982283375761399
2916	2611	0.0021119324181626186
2917	569	0.000637323893081448
2917	426	0.0005803791903979218
2917	325	0.0005529250133266734
2917	2984	0.0021830484915953403
569	2927	0.0011010205750771698
569	2939	0.0009436800627655583
569	2948	0.001047083703039483
426	2945	0.0011250653310889002
426	2959	0.0007253125656054569
426	2976	0.0005483542867966356
325	2952	0.0010814217750259511
325	2959	0.0007588480485099865
325	2976	0.0005298132518974766
325	2995	0.0009767961054150645
2918	2919	0.00047638869909680015
2918	1567	0.0008026296941299587
2918	1506	0.0005358754361118785
2918	63	0.004405087445180651
2918	90	0.0021119324181626186
2918	988	0.0021119324181626186
2918	2974	0.0011999624195879542
2918	2975	0.001535592829834907
2918	2980	0.0013056398985018466
2919	1505	0.0006227424484612767
2919	1506	0.0005804321984152821
2919	2028	0.0005288486390609953
2919	75	0.0005314506819150447
2919	2975	0.0007482980824616372
2919	2974	0.00015663240075439118
2919	2980	0.00043356648475032265
1567	2927	0.0010623881425836877
1567	2939	0.0009278224979049926
1567	2993	0.0006776896286620035
1567	3006	0.0013452337397418309
1505	2974	0.0006694678674340653
1505	2975	0.0002668833739421312
1505	2980	0.0005528387283251466
1506	2974	0.0007180228289866995
1506	2975	0.0002776019546487599
63	2923	0.006322402334288093
63	2926	0.022125378674992445
63	2929	0.004127776927374291
63	2933	0.01341877669653464
63	2940	0.0405941109604031
63	2951	0.0037297306531898426
63	2954	0.005032354744756994
63	2958	0.001334569930325288
63	2961	0.008142109845434483
63	2964	0.009250708357277383
63	2978	0.012719429079839443
63	2986	0.005601597980467344
63	2989	0.008745073750645992
63	2999	0.01305768857164355
2028	2946	0.0008259146451880422
2028	2974	0.0005621051511465917
2028	2980	0.0007246804956408082
2028	2982	0.0007250613143298436
75	2927	0.001897393102851224
75	2933	0.0036676933304496616
75	2983	0.0022455124746998947
75	3006	0.0022321195185718568
2920	1116	0.0021119324181626186
2920	1613	0.0014809188474026339
2920	969	0.0021119324181626186
2920	106	0.00678807616513469
2920	2175	0.0021119324181626186
2920	996	0.0021119324181626186
2920	1774	0.010515012356813885
2920	1775	0.0021119324181626186
2920	1643	0.0021119324181626186
2920	406	0.0012252804212530923
2920	215	0.0021119324181626186
1613	2994	0.0019685712626849824
106	2921	0.004705901190612216
106	2931	0.004461215904379796
106	2932	0.006841878677929636
106	2933	0.012995362071139067
106	2934	0.004680223388419114
106	2946	0.004970774933167618
106	2961	0.0036368067442466246
106	2965	0.0028882120368835446
106	2969	0.003785254394451841
106	2974	0.0011436714766612736
106	2975	0.0019619578253955777
106	2980	0.0024898885082367036
106	2983	0.005420710567709522
106	2986	0.0054890477032217624
106	2994	0.008023242964729442
106	3006	0.008851073871767577
1774	2928	0.00842093983225095
406	2931	0.0016956209086063066
406	3006	0.0009274347370478562
2921	2922	0.001438030390948083
2921	2292	0.002586367114968218
2921	490	0.0011138140084142145
2921	468	0.0020519962853539366
2921	853	0.002111932418162618
2921	2130	0.002111932418162618
2921	827	0.002111932418162618
2921	2714	0.002111932418162618
2921	2	0.0021219065190408387
2921	435	0.0016407842505424665
2921	269	0.001255707816594162
2921	445	0.002888226257717531
2921	941	0.002111932418162618
2921	984	0.002111932418162618
2921	494	0.0020488873703799434
2921	386	0.0008619329019226322
2922	1042	0.002706694373036519
2922	17	0.0021119324181626186
2922	2058	0.0021119324181626186
2922	1590	0.0021119324181626186
2922	269	0.000856224601568454
2922	2310	0.0021119324181626186
2922	322	0.0014631447266069439
2292	2950	0.0008807652987865406
2292	2992	0.0015734261373804587
490	2932	0.0015186934958422332
490	2939	0.0008073719944113865
490	2993	0.000577003883580412
490	2994	0.0012481309468047696
468	2927	0.0028164422517028705
468	2932	0.0022879846070200755
468	2946	0.002663547306428983
468	2953	0.005589416015702593
468	2960	0.0035427561601084497
1042	2962	0.0025876016984977567
2	2930	0.0014088643855469788
2	2952	0.001803003659758198
2	2963	0.002393240468553504
2	2966	0.0015607600865741348
2	2967	0.0007946127376377767
435	2957	0.0006588493903046148
445	2996	0.0022889530719577508
322	2931	0.0022595582589108637
322	2946	0.0016497809432330342
322	2961	0.0035388313717489525
322	2965	0.0008318280923008747
322	2966	0.0018534977205159175
322	2969	0.0010822719758528045
322	2975	0.0008756439735494722
322	2983	0.002043197663934259
322	2982	0.002986845226335839
322	2984	0.0022936379620987764
322	3003	0.0006206530890413116
494	2952	0.002152526891307045
494	2957	0.0022018115783661862
494	2959	0.0017722724955109071
494	2976	0.0011035909385578274
494	2995	0.0014745883259734067
386	2966	0.0008939619335711706
386	2969	0.0005561178507784048
386	2989	0.001551954383444893
2923	976	0.0021119324181626186
2923	1286	0.0021119324181626186
2924	1045	0.006322402334288093
1045	2936	0.004219399862925317
2925	2294	0.0021119324181626186
2926	2927	0.009951454207434639
2926	270	0.0021119324181626186
2926	754	0.004370366491138694
2926	653	0.004370366491138694
2926	415	0.004370366491138694
2926	499	0.0021119324181626186
2926	2026	0.0018166924354487523
2926	815	0.0021119324181626186
2926	324	0.0021119324181626186
2926	758	0.00220675043416081
2926	353	0.0021119324181626186
2926	192	0.0021119324181626186
2926	2644	0.0021119324181626186
2926	794	0.0033600288626374473
2926	905	0.0021119324181626186
2926	29	0.0021119324181626186
2926	165	0.0021119324181626186
2926	2621	0.0021119324181626186
2926	227	0.0010428247806784912
2926	544	0.0021119324181626186
2926	186	0.000786206573932816
2926	1810	0.0018281525210219723
2926	624	0.0021119324181626186
2926	2172	0.0021119324181626186
2926	2266	0.0021119324181626186
2926	2994	0.008926309782921195
2927	2167	0.0010594227946994928
2927	1054	0.0021119324181626186
2927	671	0.0008780630553277991
2927	689	0.0009474617953097401
2927	1904	0.0021119324181626186
2927	1314	0.0021119324181626186
2927	645	0.0011296220577400164
2927	819	0.001353032427894449
2927	520	0.0021119324181626186
2927	362	0.0011056121277816457
2927	1586	0.0021119324181626186
2927	876	0.00103413192891335
2927	1565	0.0010594227946994928
2927	2993	0.0010458293273733557
2167	2939	0.0011015154675316611
671	2964	0.0014111366412611797
754	2962	0.004496916360652994
689	2995	0.0016051315305626427
653	2962	0.004496916360652994
415	2962	0.004496916360652994
2026	2939	0.0013572735452350732
2026	2946	0.001970474724506926
758	2973	0.0018454972053913823
758	3005	0.0010767530710468606
645	2993	0.0009823103604226025
794	2953	0.0036723995288486296
819	2931	0.0015669234116414028
227	2958	0.0011348703761373945
186	2994	0.0013257258442298063
1810	2984	0.002290085670718634
362	2939	0.0010187974009533895
362	3004	0.00038791549793040135
876	2989	0.0012505561875852955
1565	2939	0.0011015154675316611
2928	1301	0.0021119324181626186
2928	1866	0.0021119324181626186
2928	2402	0.0021119324181626186
2929	2930	0.0058788709200220226
2929	2667	0.0021119324181626186
2929	2431	0.0021119324181626186
2930	9	0.0011096283667211008
2930	566	0.0016436040044438929
2930	109	0.0007913105131187988
2930	2200	0.0034092879137727684
2930	1237	0.0010060177433187493
2930	889	0.0013474484338083287
2930	2029	0.0021119324181626186
2930	737	0.0007348332866080417
2930	601	0.0009503418510850697
2930	1862	0.0021119324181626186
2930	199	0.0010458088825441565
2930	762	0.0015872617956416133
2930	1399	0.0021119324181626186
2930	2953	0.009581584183576863
9	2939	0.0008021188075159547
9	2959	0.0018739478731567576
9	2964	0.001222641121934422
9	2976	0.0009631095590768989
9	2989	0.0009134615432391641
9	3004	0.000687097910898569
9	3005	0.0016616095718509983
566	2946	0.0013643374170921611
566	2982	0.001895710435081754
566	2995	0.0025935205026130256
109	2945	0.0010199536860956773
109	2995	0.0010978968070082086
2200	2962	0.002648929380955889
1237	2945	0.0013356139594806276
1237	2963	0.0017563705876764324
1237	2964	0.001570916613745884
1237	2973	0.0007278229230874685
889	2952	0.0009056710269328023
737	2945	0.0010692092063358206
737	2964	0.0008823013247128786
601	2952	0.0010580556115438089
601	2964	0.0012366861837368325
601	3005	0.0007926179156775563
199	2964	0.0011683290275910155
762	2965	0.0004734684112784627
762	2966	0.0004953940514398104
762	3003	0.0003531620608309364
2931	2932	0.005072063970480601
2931	64	0.0021119324181626186
2931	1815	0.0021119324181626186
2931	735	0.0021119324181626186
2931	283	0.0013132631558556102
2931	729	0.0021119324181626186
2931	1296	0.0014230447965779595
2931	6	0.0037511469125795054
2931	1724	0.0021119324181626186
2931	65	0.001342033974008093
2931	2379	0.0021119324181626186
2931	30	0.0021119324181626186
2931	357	0.0035439806462303223
2931	2467	0.0021119324181626186
2931	24	0.0021119324181626186
2931	400	0.0015403085707263045
2931	1404	0.0021119324181626186
2931	78	0.007329158050334242
2931	2385	0.0021119324181626186
2931	493	0.0023682328860010074
2931	511	0.0021119324181626186
2931	101	0.001429097710228528
2932	312	0.0021119324181626186
2932	237	0.001323793324786988
2932	392	0.002057003464503669
2932	1343	0.0021119324181626186
2932	1985	0.0048829601642923276
2932	2381	0.0021119324181626186
2932	503	0.0021119324181626186
2932	628	0.0021119324181626186
2932	723	0.0021119324181626186
2932	900	0.0021119324181626186
2932	1749	0.0012968359405842508
2932	132	0.0021119324181626186
2932	138	0.0018506644284391669
2932	2031	0.0021632628953291233
2932	2151	0.0021119324181626186
2932	1837	0.0021119324181626186
2932	774	0.0021504786283534144
2932	908	0.0021119324181626186
2932	123	0.0023405799401649643
2932	1096	0.0021119324181626186
2932	731	0.0022527485729972306
2932	137	0.001460980863469284
2932	657	0.0016715339794614794
2932	1489	0.0021119324181626186
2932	743	0.0021119324181626186
2932	1901	0.0021119324181626186
2932	1700	0.0021119324181626186
2932	508	0.0021169963962459353
2932	2972	0.01249955356124978
237	2946	0.0009789139065691707
237	2994	0.0011774783397043805
392	2945	0.0019075644449792631
392	2963	0.0011010468677747369
1985	2962	0.004938726415747408
1985	2972	0.0010092478786342457
283	2961	0.001205267750384651
1296	2951	0.0009906895595398698
6	2957	0.0012444860365156303
6	2982	0.0035669681577052644
6	2996	0.006545498347225034
6	3003	0.0006252088285708859
65	2946	0.0011952693907503556
1749	2960	0.0012773699234749506
1749	2973	0.0006791364834903269
138	2946	0.0011107067680019664
138	2966	0.00130753196341032
138	2975	0.0005154784987253902
138	2974	0.0005053373680493412
138	2981	0.0007316212130138913
2031	2982	0.0010201046888723096
774	2953	0.0014677714098403156
357	2941	0.0016907496617497048
357	2964	0.0031343357383967914
357	2979	0.0036363432592757105
357	2978	0.0031486301268607675
357	2985	0.0015319432845558234
357	3006	0.0031371368902586762
123	2952	0.0016765320363084449
123	2963	0.0017230422255615629
123	2995	0.0020739536240908583
123	3004	0.000713950618670104
731	2963	0.0009391275298062257
137	2946	0.0010141085902319218
657	2957	0.0004565034684872909
657	2984	0.0010635890835237161
400	2961	0.0008667297934281642
400	2986	0.0009384290717723144
78	2953	0.004087012606990401
78	2962	0.007782981177979873
78	2977	0.005974816152095852
508	2935	0.0006489541752034861
508	2934	0.0009515899041714246
508	2960	0.0015615257978293827
508	3000	0.0006161686696864725
508	3001	0.0005052279565207854
493	2977	0.0023795309438732
101	2967	0.0016474320431119577
101	2969	0.0009586163047937026
101	2975	0.0008513850353526908
101	2983	0.0014366375311685464
101	2993	0.0009971693348888935
101	3006	0.0020717572497152433
101	3008	0.0006649216843712659
2222	2933	0.0021119324181626186
2933	1615	0.0021119324181626186
2933	1677	0.0021119324181626186
2933	1597	0.0021119324181626186
2933	140	0.001579107041232711
2933	883	0.0021119324181626186
2933	335	0.0021119324181626186
2933	1704	0.009984460190042024
2933	1697	0.0021119324181626186
2933	980	0.0014882918075125816
2933	332	0.0021119324181626186
2933	1224	0.0021119324181626186
2933	292	0.0021119324181626186
2933	119	0.010597336614249138
2933	1983	0.007012540060938972
2933	1238	0.013159450118620224
2933	1100	0.0021119324181626186
2933	661	0.0021119324181626186
2933	1033	0.0021119324181626186
2933	177	0.0021119324181626186
2933	1876	0.0021119324181626186
2933	893	0.013159450118620224
2933	1259	0.0021119324181626186
140	2939	0.0014198493320052151
1704	2970	0.008223675508271808
980	2986	0.0008106969011146139
119	2945	0.008363269824090157
119	2959	0.0035038362403093212
119	2968	0.002215619396973186
119	2976	0.002376179275786245
119	2993	0.002034463029711586
119	2995	0.0033044525848755875
119	3006	0.008582037995794404
1983	2992	0.005152509883750956
1238	2971	0.011143509925192897
893	2971	0.011143509925192897
2934	2935	0.0019785615901719393
2934	2097	0.002111932418162619
2934	1782	0.002111932418162619
2934	2124	0.002111932418162619
2934	2191	0.002111932418162619
2934	1475	0.0015090462039226405
2934	1005	0.002111932418162619
2934	1625	0.002111932418162619
2934	2513	0.0013310840983300084
2934	2138	0.0022769233566477796
2934	746	0.002111932418162619
2934	117	0.002111932418162619
2935	818	0.0021119324181626186
2935	1932	0.0021119324181626186
2935	1475	0.0006028862142399728
2513	3008	0.0008569668225614641
2138	2996	0.0019126351760400376
2936	221	0.0021119324181626186
2937	2938	0.001702779728782631
2937	201	0.0004674085460205471
2937	98	0.00040807696409887804
2937	2108	0.0021119324181626186
2938	953	0.000580125637972184
953	2977	0.002538157880409165
201	2952	0.001180210401197676
201	2959	0.0007631445435685196
201	2968	0.0005875476343183614
201	2976	0.0005894114961509523
201	2995	0.0011546699318050354
98	2952	0.0011321168767844663
98	2959	0.0010627238670950466
98	2968	0.0006438038997120519
2939	2425	0.0018806247013114406
2939	309	0.0021119324181626186
2939	299	0.0011949988879758951
2425	3005	0.0005225395878625777
299	2985	0.0009784210535696899
2940	985	0.0022540522216611954
2940	1176	0.0022540522216611954
2940	341	0.0546303096398504
985	2970	0.001103660821400931
1176	2970	0.001103660821400931
341	2956	0.05268756250543302
2941	2942	0.0033891670956579393
2941	1925	0.0021119324181626186
2941	583	0.0021119324181626186
2941	1808	0.0021119324181626186
2941	833	0.0021119324181626186
2942	2636	0.0021119324181626186
2942	2944	0.001037512565429176
2943	2944	0.0032444307517599017
2943	579	0.0023952099992609697
2943	568	0.0012394934467682723
2943	1759	0.0021119324181626186
2943	2007	0.0021119324181626186
2943	286	0.0021119324181626186
2943	19	0.0013749815654872488
2943	2298	0.0021119324181626186
2943	605	0.0012394934467682725
2943	2943	0.0
2944	779	0.0007880780371521237
2944	444	0.0009073283834177901
2944	1198	0.0010089079869247204
2944	344	0.0021119324181626186
579	2987	0.0009511065967313369
779	2996	0.0018272992400152237
568	2999	0.0011391977518854198
444	2978	0.001639626361327823
19	2949	0.0007696005265907596
19	2978	0.0017522974682792265
1198	2996	0.0028413548659004762
1198	3006	0.0029848774936435444
605	2999	0.0011391977518854198
2945	708	0.0021119324181626186
2945	403	0.0009923224948612938
2945	874	0.0021119324181626186
2945	2137	0.002169248809841134
2945	95	0.00216113434087167
2945	1153	0.001010708675361356
2945	33	0.0011645467282972448
2945	330	0.0021119324181626186
2945	1879	0.0021119324181626186
2945	460	0.0021119324181626186
2945	1015	0.0021119324181626186
2945	91	0.0021119324181626186
2945	43	0.001252030799574853
2945	481	0.001373665336876563
2945	108	0.0017195725463943548
2945	759	0.0022108807276081935
2945	434	0.0021119324181626186
2945	1031	0.0011645467282972448
2945	401	0.0021119324181626186
2945	110	0.0021119324181626186
2945	2962	0.04298782251372351
2945	2977	0.015022213422547386
403	2951	0.0007211708001627293
403	2952	0.0007853760553210036
403	2976	0.0007024288730502896
2137	3005	0.0004825149511981299
95	2963	0.0007006856191473279
1153	2952	0.0007391502810287059
1153	2964	0.0011021203437448874
33	2995	0.0012752590838204247
43	2959	0.0007107314354615936
43	2968	0.00048811014255345107
43	2976	0.0006037259790088258
481	2959	0.0010289808784857764
108	2989	0.0013213431304380868
108	3005	0.0005616602993508863
759	3004	0.00046316690842192134
759	3005	0.0004982564093629961
1031	2995	0.0012752590838204247
2946	2947	0.002123191282296133
2946	173	0.001409707473508429
2946	264	0.0010838218849252008
2946	2279	0.0021119324181626186
2946	1644	0.0021119324181626186
2946	1553	0.0021119324181626186
2946	898	0.0021119324181626186
2946	371	0.0012709417808407307
2946	1010	0.006870571226165288
2946	16	0.0021119324181626186
2946	1820	0.0021119324181626186
2946	1413	0.0015102100173713187
2946	562	0.0009899714594570085
2946	27	0.0021119324181626186
2946	2131	0.0015230965920982338
2946	1626	0.0021119324181626186
2946	171	0.0021119324181626186
2946	1203	0.0021119324181626186
2946	2982	0.005536116088356024
2947	541	0.0021119324181626186
2947	793	0.0021119324181626186
2947	592	0.0011103709206097378
2947	32	0.00047290956197561875
2947	1413	0.0006017224007913027
2947	405	0.0021119324181626186
2947	1694	0.001766868872277918
2947	2964	0.005234656645316303
2947	2984	0.0018647283540407697
173	2982	0.0006818961474699094
173	3004	0.0005435256067542971
264	2982	0.0007271223001696439
264	2994	0.0015313801888069594
592	2969	0.0010435370698173444
592	2981	0.0006228106454874176
371	2984	0.00109116512829748
1010	2962	0.006433266874924179
32	2964	0.0016390228561870004
562	2982	0.0008540275986903921
562	2984	0.001303808055067193
2131	2982	0.0005888358260643886
1694	2953	0.0019036518827964825
1694	2972	0.0018398534209486655
2948	1490	0.002268552980720729
2948	443	0.0021119324181626186
2948	28	0.0008290759663163305
2948	2412	0.0021119324181626186
1490	2962	0.0029602645528797574
28	2957	0.0007713079628275511
28	2994	0.0021031528335437983
285	2949	0.0005229797472400562
285	2978	0.0026864013096818957
285	2987	0.0006759254462269321
2949	485	0.0007180564749420537
2949	1178	0.0010685188159111846
2949	2746	0.0010685188159111846
2949	879	0.00054380612608923
2949	1247	0.00046296346843976803
2949	2177	0.0021119324181626186
485	2978	0.0020845615989990686
485	2987	0.0010553600624092691
485	2999	0.001676495926228891
1178	2987	0.0010970623838292923
2746	2987	0.0010970623838292923
879	2999	0.0020611456141391
1247	2987	0.0007131935117137885
1247	2999	0.002335896510226959
2950	2951	0.0015658224084820417
2951	811	0.0009000463613898057
2951	1867	0.0007625828563732535
811	2960	0.0014168227182373143
1867	2961	0.0010011369620806041
1867	2984	0.0009897376783225289
2952	2953	0.008540537626550996
2952	1248	0.0011347270216426973
2952	39	0.0021119324181626186
2952	45	0.00111788455584588
2952	2793	0.0021119324181626186
2952	577	0.0021119324181626186
2952	2660	0.0013060251851253586
2952	2226	0.0021119324181626186
2952	968	0.0021119324181626186
2952	236	0.0012176248248869932
2952	2962	0.023210827881692687
2953	525	0.0021119324181626186
2953	2217	0.0021119324181626186
2953	1146	0.0021119324181626186
2953	2503	0.0021085781369751923
2953	739	0.0021119324181626186
2953	2295	0.0021119324181626186
2953	2490	0.0021119324181626186
2953	864	0.0021119324181626186
2953	35	0.0021119324181626186
2953	550	0.0021119324181626186
2953	303	0.002108578136975192
2953	823	0.0021119324181626186
2953	1013	0.0021119324181626186
2953	1423	0.0017175821047430205
2953	1239	0.002108578136975192
2953	396	0.0035461828751945576
2953	1845	0.0021119324181626186
2953	1707	0.0021119324181626186
2953	1455	0.0021119324181626186
2953	395	0.0021119324181626186
2953	2074	0.0021119324181626186
2953	289	0.0010228036251018185
2953	1345	0.0033074369261058903
2953	738	0.0021119324181626186
2953	2206	0.0017136870886156708
2953	1978	0.0010785210891862912
2953	538	0.00271148944497156
2953	1595	0.0021119324181626186
2953	1036	0.0021085781369751923
2953	2966	0.006850703770745661
2953	2967	0.0027535324787008836
2953	2969	0.004778412314175215
2503	2962	0.001914590580350416
1248	2973	0.0006596142041232357
1248	2989	0.0011202330729145494
303	2962	0.0019145905803504158
45	2959	0.0013577094414979295
1423	2972	0.001584262647105791
2660	2960	0.0015677233276212691
1239	2962	0.0019145905803504156
396	2962	0.004510563622282165
396	2972	0.005317387512925841
396	2977	0.008425498780037198
289	2983	0.0015404937668633868
1345	2982	0.0022039610750973176
1345	2983	0.0008618665301933578
1345	2989	0.0021852358902253316
1345	2993	0.0013359137245500627
2206	2989	0.0020374222397192996
1978	2966	0.0006488581430464628
1978	2965	0.0007206019921849291
538	2984	0.0029047752681430703
236	2989	0.0013812345791122556
1036	2962	0.0019145905803504152
2527	2954	0.0021119324181626186
2954	1330	0.0021119324181626186
2955	11	0.0021119324181626186
2955	181	0.0004991732958132749
2955	44	0.0004991732958132749
2955	882	0.0005511018106488017
2955	402	0.0021119324181626186
181	2977	0.0021051105836386785
44	2977	0.0021051105836386785
882	2989	0.00200998749608397
2956	2504	0.0021119324181626186
2956	2052	0.0021119324181626186
2956	2186	0.0021119324181626186
2956	1784	0.0021119324181626186
2956	2179	0.0021119324181626186
2956	1407	0.0021119324181626186
2956	409	0.0021119324181626186
2956	280	0.0021119324181626186
2956	216	0.0021119324181626186
2956	2655	0.0021119324181626186
2956	924	0.0021119324181626186
2956	1154	0.0021119324181626186
2956	1938	0.0021119324181626186
2956	571	0.0021119324181626186
2956	2545	0.0021119324181626186
2956	1945	0.0021119324181626186
2956	552	0.0021119324181626186
2956	96	0.014724646296843948
2956	100	0.0021119324181626186
2956	168	0.0021119324181626186
2956	1841	0.0021119324181626186
2956	1419	0.0021119324181626186
2956	2687	0.0021119324181626186
2956	2356	0.0021119324181626186
2956	1256	0.0021119324181626186
2956	1639	0.0021119324181626186
2956	2648	0.0021119324181626186
2956	2408	0.0021119324181626186
2956	2270	0.0021119324181626186
2956	870	0.0021119324181626186
2956	1543	0.0021119324181626186
2956	2012	0.0021119324181626186
2956	2584	0.0021119324181626186
96	2970	0.01663066582288842
2957	955	0.0021119324181626186
2957	649	0.0006180771247655039
649	2965	0.0007083921370137144
649	3009	0.0009721561185868268
2958	2958	0.0
1383	2959	0.0009185716972725995
1383	2995	0.0013529458977423075
2959	1114	0.0021119324181626186
2959	2841	0.0021119324181626186
2959	1308	0.005429344630410015
2959	1447	0.0009185716972725995
2959	20	0.0021119324181626186
2959	446	0.001178852750980644
2959	651	0.0021119324181626186
2959	877	0.0021119324181626186
2959	314	0.0013357268443744564
2959	1113	0.0013973491311197064
2959	1207	0.0009185716972725994
2959	559	0.0013973491311197064
2959	2977	0.01165493051758686
2959	2990	0.00949862927647193
1308	2992	0.0036801811569044706
1447	2995	0.0013529458977423077
446	2976	0.0009897076805300375
314	2973	0.0011068794721239626
1113	2968	0.0007662494577662635
1207	2995	0.001352945897742308
559	2968	0.0007662494577662636
2960	2961	0.008126214954062995
2960	957	0.0021119324181626186
2960	305	0.0027283660460593407
2960	2158	0.0021119324181626186
2960	821	0.0010993370509705554
2960	150	0.0021119324181626186
2960	1426	0.002687739653525188
2960	2080	0.0021119324181626186
2960	1941	0.0021119324181626186
2960	1391	0.0021119324181626186
2960	792	0.005654365211927089
2960	206	0.0021119324181626186
2960	1783	0.002272655867591777
2960	1170	0.0021119324181626186
2960	1930	0.001223845926942682
2960	1006	0.0016111607683670132
2960	2609	0.0027283660460593407
2960	600	0.0021119324181626186
2960	476	0.0021119324181626186
2960	676	0.0021119324181626186
2960	489	0.0021119324181626186
2960	2166	0.0021119324181626186
2960	2582	0.0021119324181626186
2960	1581	0.0021119324181626186
2961	999	0.0013090780956277219
2961	921	0.004564577979094573
2961	2156	0.0021119324181626186
2961	821	0.0010125953671920628
305	2977	0.0027036497807574533
1426	2972	0.0020130190012628765
999	2984	0.0010962460047892184
792	2962	0.0050511601158609
1783	2982	0.0012718596465949533
921	2972	0.003979826118112314
1930	2964	0.001382398286701025
1006	2984	0.0011698889474092437
2609	2977	0.002703649780757453
2962	2963	0.005841805561235318
2962	1890	0.002111932418162619
2962	1558	0.002111932418162619
2962	1733	0.002111932418162619
2962	836	0.002111932418162619
2962	2809	0.002111932418162619
2962	2628	0.002111932418162619
2962	8	0.002111932418162619
2962	340	0.0016846167203004106
2962	1326	0.002111932418162619
2962	1968	0.002111932418162619
2962	1948	0.002111932418162619
2962	295	0.0055688250029967985
2962	1400	0.002111932418162619
2962	1564	0.0016846167203004101
2962	1828	0.002111932418162619
2962	537	0.002111932418162619
2962	60	0.002111932418162619
2962	1236	0.002111932418162619
2962	1125	0.002111932418162619
2962	2608	0.002111932418162619
2962	3	0.002111932418162619
2962	431	0.002111932418162619
2962	1568	0.002111932418162619
2962	2403	0.002111932418162619
2962	696	0.002111932418162619
2962	254	0.002111932418162619
2962	2021	0.002111932418162619
2962	1009	0.002111932418162619
2962	1436	0.002111932418162619
2962	1960	0.002111932418162619
2962	1213	0.002111932418162619
2962	709	0.002111932418162619
2962	417	0.003275818021928108
2962	1630	0.002111932418162619
2962	149	0.002111932418162619
2962	1280	0.002111932418162619
2962	1942	0.002111932418162619
2962	1928	0.002111932418162619
2962	320	0.0016846167203004086
2962	677	0.002111932418162619
2962	2032	0.002111932418162619
2962	238	0.0016846167203004086
2962	1767	0.002111932418162619
2962	339	0.002111932418162619
2962	2361	0.002111932418162619
2962	2302	0.002111932418162619
2962	820	0.005795848857485883
2962	1599	0.0063962901940699595
2962	732	0.002111932418162619
2962	253	0.002111932418162619
2962	1790	0.0017199398561334599
2962	2046	0.002111932418162619
2962	1538	0.002111932418162619
2962	2665	0.002111932418162619
2962	2544	0.002111932418162619
2962	2703	0.002111932418162619
2962	2382	0.002111932418162619
2962	1609	0.002111932418162619
2962	1429	0.002111932418162619
2962	602	0.0016846167203004097
2962	2154	0.002111932418162619
2962	2366	0.002111932418162619
2962	720	0.002111932418162619
2962	262	0.0016846167203004101
2962	208	0.002111932418162619
2962	72	0.003275818021928108
2962	1341	0.002111932418162619
2962	1693	0.002111932418162619
2962	620	0.002111932418162619
2962	1861	0.002111932418162619
2963	2750	0.0021119324181626186
2963	70	0.0021119324181626186
2963	114	0.0021119324181626186
2963	1738	0.0021119324181626186
2963	1094	0.0021119324181626186
2963	1790	0.00039199256202915853
340	2972	0.0017348987402815437
295	2964	0.005131717695360135
295	2973	0.001494947941312745
1564	2972	0.0017348987402815434
417	2977	0.003789493101491978
320	2972	0.0017348987402815421
238	2972	0.0017348987402815421
820	2977	0.004714834822951213
820	2994	0.005100665466501851
1599	2984	0.006761378804945555
602	2972	0.0017348987402815434
262	2972	0.001734898740281544
72	2977	0.0037894931014919786
2964	1294	0.0021119324181626186
2964	686	0.0011573866800572423
2964	440	0.0021119324181626186
2964	2092	0.0021119324181626186
2964	2210	0.0021119324181626186
686	2995	0.0012502328739362745
2965	2966	0.0011192021744937583
2965	2466	0.0007439483018357407
2965	990	0.0007439483018357407
2965	1868	0.0007439483018357407
2965	25	0.0006811664364739286
2965	989	0.0007439483018357407
2965	1579	0.0007439483018357407
2966	665	0.0021119324181626186
2966	1579	0.0013679841163268772
2966	338	0.002503623540032973
2966	2466	0.001367984116326877
2966	990	0.001367984116326877
2966	989	0.0013679841163268772
2966	950	0.0021119324181626186
2966	1708	0.0015792322528704397
2966	1868	0.001367984116326877
338	2969	0.0013308719199325678
338	2983	0.002940096663018332
338	2992	0.0054816675778565655
338	3000	0.0016594028208426486
25	2975	0.0004902105335654432
25	2982	0.0008100881942703144
25	2993	0.0014058027591332524
1708	2967	0.0006705356660466531
2967	1588	0.001072282620808361
2967	535	0.0021119324181626186
1588	2990	0.001893453682793822
2968	46	0.0009411266488267874
2968	911	0.0025714771579318754
2968	275	0.0009411266488267872
2968	229	0.0025714771579318754
2968	393	0.0025714771579318754
2968	180	0.0021119324181626186
2968	636	0.0009411266488267871
2968	502	0.0021119324181626186
46	2977	0.0014365247527626452
46	2990	0.0007838548600555385
911	2991	0.0009209306184601716
275	2977	0.0014365247527626452
275	2990	0.0007838548600555385
229	2991	0.0009209306184601716
393	2991	0.0009209306184601716
636	2977	0.0014365247527626452
636	2990	0.0007838548600555385
2969	2447	0.0021119324181626186
2969	416	0.0008664165592252745
416	2994	0.0018002920234023061
2970	751	0.0021119324181626186
2970	2006	0.0021119324181626186
2970	377	0.0021119324181626186
2970	291	0.0021119324181626186
2970	42	0.0021119324181626186
2970	1686	0.0021119324181626186
2970	705	0.0021119324181626186
2970	701	0.0021119324181626186
2970	1231	0.0021119324181626186
2970	587	0.0021119324181626186
2970	279	0.0021119324181626186
2970	277	0.0021119324181626186
2970	496	0.0021119324181626186
2970	728	0.0021119324181626186
2970	1169	0.0021119324181626186
2970	151	0.0021119324181626186
2971	176	0.0021119324181626186
2971	595	0.0021119324181626186
2971	1365	0.0021119324181626186
2971	939	0.0021119324181626186
2971	764	0.0021119324181626186
2971	464	0.0021119324181626186
2971	1468	0.0021119324181626186
2971	1327	0.0021119324181626186
2971	1376	0.0021119324181626186
2971	2128	0.0021119324181626186
2971	557	0.0021119324181626186
2971	722	0.011163489600274057
2971	1840	0.0021119324181626186
2971	53	0.0021119324181626186
2971	1486	0.0021119324181626186
2971	1944	0.0021119324181626186
722	2984	0.013046537743162799
2972	2973	0.004225775511401636
2972	2044	0.0021119324181626186
2972	546	0.0021119324181626186
2972	1381	0.0021119324181626186
2972	107	0.0021119324181626186
2972	797	0.0021119324181626186
2972	2196	0.0021119324181626186
2972	521	0.0021119324181626186
2972	1476	0.0021119324181626186
2972	414	0.0021119324181626186
2972	68	0.0021119324181626186
2972	863	0.0021119324181626186
2972	812	0.0021119324181626186
2972	647	0.0021119324181626186
2972	218	0.0021119324181626186
2972	1124	0.0018427796233388436
2972	326	0.0021119324181626186
2972	1300	0.0021119324181626186
2972	861	0.0021119324181626186
2972	1781	0.0021119324181626186
2972	1826	0.0021119324181626186
2972	1572	0.0021119324181626186
2972	2995	0.017744884497377402
2973	391	0.0021119324181626186
2973	2974	0.0017188731424967304
1124	2981	0.00104884815484262
1124	2980	0.0013007220941086521
2974	2975	0.0006667884260040389
2974	159	0.0021119324181626186
2974	2980	0.0004550636805454061
2975	369	0.0021119324181626186
2975	561	0.0021119324181626186
2975	2980	0.0007255504736591337
2976	2977	0.008918682753449142
2976	1188	0.002111932418162619
2976	211	0.001210236309446015
2976	788	0.002111932418162619
2976	81	0.002111932418162619
2977	1548	0.0021119324181626186
2977	887	0.0021119324181626186
2977	473	0.0021119324181626186
2977	1606	0.0021119324181626186
2977	1748	0.0021119324181626186
2977	389	0.0015328892439203995
2977	1894	0.0021119324181626186
2977	1267	0.0021119324181626186
2977	1212	0.0021119324181626186
2977	1632	0.0021119324181626186
2977	284	0.0015328892439203997
2977	156	0.0021119324181626186
2977	1023	0.007774378615434455
2977	1428	0.0021119324181626186
2977	354	0.0021119324181626186
2977	1665	0.0021119324181626186
2977	1377	0.0021119324181626186
2977	2161	0.0021119324181626186
2977	258	0.0021119324181626186
2977	394	0.0021119324181626186
2977	1779	0.0021119324181626186
2977	5	0.0021119324181626186
2977	1415	0.0021119324181626186
2977	136	0.0021119324181626186
2977	1803	0.0021119324181626186
2977	1417	0.0021119324181626186
2977	824	0.0021119324181626186
2977	200	0.0021119324181626186
2977	355	0.0021119324181626186
2977	603	0.0021119324181626186
2977	838	0.0021119324181626186
2977	771	0.0021119324181626186
2977	958	0.0021119324181626186
2977	240	0.0021119324181626186
2977	1063	0.0021119324181626186
2977	2033	0.0021119324181626186
2977	1159	0.0021119324181626186
2977	682	0.0021119324181626186
2977	1338	0.0021119324181626186
2977	1070	0.0021119324181626186
2977	2180	0.0021119324181626186
2977	2983	0.015371272611924787
389	2990	0.0010337356997169884
284	2990	0.0010337356997169886
1023	2978	0.0032104056908448153
1023	2987	0.005124038440938534
211	2985	0.001057881384693959
2978	2979	0.004784596572975236
2978	814	0.0021119324181626186
2978	2978	0.0
2978	2451	0.0021119324181626186
2978	742	0.0021119324181626186
2978	175	0.0018861654113671085
2978	2988	0.008602523117431354
2979	2269	0.0021119324181626186
2979	1593	0.0021119324181626186
2979	1230	0.0021119324181626186
175	2996	0.001838097937150664
2980	2981	0.0022271279314675387
2980	85	0.001584498656759784
2980	347	0.001584498656759784
2980	348	0.001584498656759784
2981	85	0.0005274337614028321
2981	348	0.0005274337614028321
2981	2369	0.0021119324181626186
2981	1692	0.0021119324181626186
2981	347	0.0005274337614028321
2982	2983	0.005831117393132485
2982	1972	0.0021119324181626186
2982	92	0.0021119324181626186
2982	809	0.0021119324181626186
2982	1073	0.0021119324181626186
2982	1620	0.0005936038699538528
2982	1448	0.0021119324181626186
2982	1276	0.0021119324181626186
2982	1584	0.0021119324181626186
2982	1120	0.0021119324181626186
2982	31	0.0021119324181626186
2983	1060	0.0021119324181626186
2983	2168	0.0021119324181626186
2983	196	0.0021119324181626186
2983	1620	0.0015183285482087672
2983	452	0.0021119324181626186
1515	2984	0.0021119324181626186
2984	539	0.0021119324181626186
2984	2581	0.0021119324181626186
2984	810	0.0021119324181626186
2984	1484	0.0021119324181626186
2985	2152	0.0021119324181626186
2985	1680	0.0008230506929079494
2985	2641	0.0021119324181626186
2985	1433	0.0021119324181626186
2985	2564	0.0021119324181626186
1680	2995	0.0011072961886399778
1680	2994	0.0007698140523268059
2986	1465	0.0021119324181626186
2986	919	0.0021119324181626186
2986	2543	0.0021119324181626186
2986	766	0.0021119324181626186
2986	249	0.0021119324181626186
2986	1270	0.0021119324181626186
2987	2988	0.002535684611093738
2987	606	0.0021119324181626186
2987	1672	0.0021119324181626186
2988	2610	0.0021119324181626186
2988	916	0.0021119324181626186
2988	1768	0.0021119324181626186
2988	2449	0.0021119324181626186
2988	212	0.0021119324181626186
2988	1000	0.0021119324181626186
2988	1688	0.0014505724636511837
2988	2904	0.0021119324181626186
2988	522	0.0021119324181626186
2988	2283	0.0021119324181626186
2988	1772	0.0021119324181626186
2988	2997	0.014849567480149076
1688	2996	0.002765961099931237
2989	2278	0.0021119324181626186
2989	103	0.0021119324181626186
2989	869	0.0021119324181626186
2989	1148	0.0021119324181626186
2990	2991	0.014353746406563665
2990	650	0.0021119324181626186
2990	1016	0.0021119324181626186
2990	961	0.0021119324181626186
2990	658	0.0021119324181626186
2990	1642	0.0021119324181626186
2990	2016	0.0021119324181626186
2991	276	0.0021119324181626186
2991	1872	0.0021119324181626186
2991	540	0.0021119324181626186
2991	584	0.0021119324181626186
2991	608	0.0021119324181626186
2991	1858	0.0021119324181626186
2991	1610	0.0021119324181626186
2992	2646	0.0021119324181626186
2992	2788	0.0021119324181626186
2992	1544	0.0021119324181626186
2992	1508	0.0021119324181626186
2992	828	0.0021119324181626186
2992	1155	0.0021119324181626186
2992	2615	0.0021119324181626186
2992	2066	0.0021119324181626186
2992	2438	0.0021119324181626186
2992	1696	0.0021119324181626186
2992	1526	0.0021119324181626186
2992	1251	0.0021119324181626186
2992	121	0.0021119324181626186
2992	3007	0.014211786241175764
2993	868	0.0021119324181626186
2993	450	0.0021119324181626186
2993	1299	0.0009934462344723131
2993	1701	0.0021119324181626186
2993	127	0.0021119324181626186
2993	2994	0.002214753425484563
1299	2994	0.0011184861836903057
2994	2995	0.007362058071976078
2994	1532	0.0021119324181626186
2994	621	0.0021119324181626186
2994	2187	0.0021119324181626186
2994	1698	0.0021119324181626186
2994	1298	0.0021119324181626186
2994	2696	0.0021119324181626186
2994	2420	0.0021119324181626186
2995	783	0.0021119324181626186
2995	128	0.0021119324181626186
2995	886	0.0021119324181626186
2995	1900	0.0021119324181626186
2995	717	0.0021119324181626186
2995	1798	0.0021119324181626186
2995	2566	0.0021119324181626186
2995	1325	0.0021119324181626186
2996	2997	0.010752068328016914
2996	2498	0.0021119324181626186
2996	1249	0.0021119324181626186
2996	141	0.0021119324181626186
2996	2311	0.0021119324181626186
2996	89	0.0021119324181626186
2996	931	0.0021119324181626186
2996	2237	0.0021119324181626186
2996	1499	0.0021119324181626186
2996	2201	0.0021119324181626186
2996	73	0.0021119324181626186
2996	530	0.0021119324181626186
2996	564	0.0021119324181626186
2996	2089	0.0021119324181626186
2996	142	0.0021119324181626186
2996	1585	0.0021119324181626186
2996	1994	0.0021119324181626186
2996	1911	0.0021119324181626186
2996	1039	0.0021119324181626186
2996	257	0.0021119324181626186
2996	1451	0.0021119324181626186
2996	1657	0.0021119324181626186
2996	933	0.0021119324181626186
2996	448	0.0021119324181626186
2996	1604	0.0021119324181626186
2996	1850	0.0021119324181626186
2996	317	0.0021119324181626186
2996	2796	0.0021119324181626186
2996	2999	0.010360756644122296
2997	1395	0.0021119324181626186
2997	2997	0.0
2997	1372	0.0021119324181626186
753	2998	0.0021119324181626186
2998	2117	0.0021119324181626186
2998	2736	0.0021119324181626186
2998	66	0.01468976248573999
2998	2511	0.0021119324181626186
2998	1799	0.0021119324181626186
2998	1924	0.0021119324181626186
66	3006	0.016770440090103162
2999	1617	0.0021119324181626186
2999	925	0.0021119324181626186
2999	2999	0.0
2999	1333	0.0021119324181626186
2999	1535	0.0021119324181626186
3000	3001	0.001158896865329172
3000	1899	0.0021119324181626186
3001	1719	0.0021119324181626186
3002	1955	0.002111932418162619
3002	1653	0.002111932418162619
3002	1143	0.002111932418162619
3003	3004	0.0011010046566507273
3005	2148	0.0021119324181626186
3005	1139	0.0021119324181626186
3005	413	0.0021119324181626186
3006	3007	0.0034355617285314346
3006	191	0.0021119324181626186
3006	1902	0.0021119324181626186
3006	1903	0.0021119324181626186
3006	1545	0.0021119324181626186
3007	126	0.0021119324181626186
3007	3007	0.0
3008	3009	0.00023508657887228666
3008	615	0.0021119324181626186
3009	2642	0.0021119324181626186
3009	1473	0.0021119324181626186
