2909	0.014799154334038056
922	0.0010570824524312897
217	0.0031712473572938693
82	0.0021141649048625794
585	0.0010570824524312897
224	0.004228329809725159
716	0.0031712473572938693
1834	0.0031712473572938693
111	0.0031712473572938693
1200	0.0021141649048625794
659	0.0021141649048625794
1103	0.0031712473572938693
99	0.0031712473572938693
447	0.0021141649048625794
2910	0.008456659619450317
2911	0.016913319238900635
365	0.0010570824524312897
951	0.0031712473572938693
21	0.042283298097251586
282	0.004228329809725159
366	0.007399577167019028
79	0.004228329809725159
854	0.0010570824524312897
1510	0.0031712473572938693
232	0.004228329809725159
1018	0.0010570824524312897
112	0.011627906976744186
294	0.004228329809725159
185	0.0031712473572938693
1222	0.004228329809725159
768	0.0021141649048625794
1359	0.0063424947145877385
48	0.008456659619450317
1802	0.0010570824524312897
34	0.010570824524312896
2912	0.027484143763213533
1844	0.0031712473572938693
157	0.004228329809725159
23	0.0021141649048625794
327	0.005285412262156448
69	0.021141649048625793
1445	0.004228329809725159
691	0.0031712473572938693
822	0.008456659619450317
306	0.004228329809725159
617	0.005285412262156448
384	0.0063424947145877385
1684	0.004228329809725159
629	0.004228329809725159
113	0.005285412262156448
519	0.007399577167019028
730	0.004228329809725159
134	0.008456659619450317
548	0.0063424947145877385
388	0.007399577167019028
189	0.022198731501057084
61	0.005285412262156448
1279	0.0010570824524312897
2913	0.025369978858350954
169	0.0021141649048625794
272	0.0031712473572938693
510	0.0010570824524312897
38	0.004228329809725159
514	0.0010570824524312897
268	0.0010570824524312897
1446	0.0010570824524312897
290	0.0031712473572938693
274	0.004228329809725159
858	0.0021141649048625794
928	0.0021141649048625794
2030	0.0010570824524312897
252	0.004228329809725159
872	0.0021141649048625794
278	0.0031712473572938693
487	0.0010570824524312897
1265	0.0010570824524312897
1933	0.0010570824524312897
1254	0.0010570824524312897
509	0.0021141649048625794
1206	0.0021141649048625794
1718	0.0010570824524312897
706	0.0010570824524312897
2914	0.011627906976744186
94	0.014799154334038056
40	0.023255813953488372
425	0.0010570824524312897
2378	0.0021141649048625794
1695	0.0021141649048625794
972	0.0010570824524312897
88	0.008456659619450317
1519	0.0031712473572938693
862	0.0031712473572938693
316	0.004228329809725159
2915	0.007399577167019028
346	0.0010570824524312897
1887	0.0010570824524312897
349	0.0021141649048625794
2916	0.004228329809725159
2917	0.009513742071881607
569	0.004228329809725159
2611	0.0010570824524312897
426	0.004228329809725159
325	0.005285412262156448
2918	0.010570824524312896
2919	0.010570824524312896
1567	0.005285412262156448
1505	0.004228329809725159
1506	0.004228329809725159
63	0.015856236786469344
2028	0.005285412262156448
90	0.0010570824524312897
988	0.0010570824524312897
75	0.005285412262156448
2920	0.013742071881606767
1116	0.0010570824524312897
1613	0.0021141649048625794
969	0.0010570824524312897
106	0.017970401691331926
2175	0.0010570824524312897
996	0.0010570824524312897
1774	0.0021141649048625794
1775	0.0010570824524312897
1643	0.0010570824524312897
406	0.0031712473572938693
215	0.0010570824524312897
2921	0.020084566596194505
2922	0.010570824524312896
2292	0.0031712473572938693
490	0.005285412262156448
468	0.0063424947145877385
853	0.0010570824524312897
2130	0.0010570824524312897
827	0.0010570824524312897
1042	0.0021141649048625794
2714	0.0010570824524312897
17	0.0010570824524312897
2	0.0063424947145877385
435	0.0021141649048625794
2058	0.0010570824524312897
269	0.0021141649048625794
1590	0.0010570824524312897
445	0.0021141649048625794
2310	0.0010570824524312897
941	0.0010570824524312897
984	0.0010570824524312897
322	0.012684989429175477
494	0.0063424947145877385
386	0.004228329809725159
2923	0.0031712473572938693
976	0.0010570824524312897
1286	0.0010570824524312897
2924	0.0021141649048625794
1045	0.0021141649048625794
2925	0.0021141649048625794
2294	0.0010570824524312897
2926	0.029598308668076112
2927	0.023255813953488372
270	0.0010570824524312897
2167	0.0021141649048625794
1054	0.0010570824524312897
671	0.0021141649048625794
754	0.0021141649048625794
689	0.0021141649048625794
1904	0.0010570824524312897
1314	0.0010570824524312897
653	0.0021141649048625794
415	0.0021141649048625794
499	0.0010570824524312897
2026	0.0031712473572938693
815	0.0010570824524312897
324	0.0010570824524312897
758	0.0031712473572938693
353	0.0010570824524312897
645	0.0021141649048625794
192	0.0010570824524312897
2644	0.0010570824524312897
794	0.0021141649048625794
905	0.0010570824524312897
29	0.0010570824524312897
819	0.0021141649048625794
165	0.0010570824524312897
2621	0.0010570824524312897
227	0.0021141649048625794
544	0.0010570824524312897
520	0.0010570824524312897
186	0.0021141649048625794
1810	0.0021141649048625794
362	0.0031712473572938693
624	0.0010570824524312897
2172	0.0010570824524312897
2266	0.0010570824524312897
1586	0.0010570824524312897
876	0.0021141649048625794
1565	0.0021141649048625794
2928	0.004228329809725159
1301	0.0010570824524312897
1866	0.0010570824524312897
2402	0.0010570824524312897
2929	0.005285412262156448
2930	0.025369978858350954
9	0.008456659619450317
566	0.004228329809725159
109	0.0031712473572938693
2200	0.0021141649048625794
2667	0.0010570824524312897
1237	0.005285412262156448
889	0.0021141649048625794
2029	0.0010570824524312897
737	0.0031712473572938693
601	0.004228329809725159
1862	0.0010570824524312897
199	0.0021141649048625794
2431	0.0010570824524312897
762	0.004228329809725159
1399	0.0010570824524312897
2931	0.02854122621564482
2932	0.04016913319238901
312	0.0010570824524312897
64	0.0010570824524312897
237	0.0031712473572938693
392	0.0031712473572938693
1343	0.0010570824524312897
1985	0.0031712473572938693
2381	0.0010570824524312897
1815	0.0010570824524312897
503	0.0010570824524312897
735	0.0010570824524312897
283	0.0021141649048625794
729	0.0010570824524312897
1296	0.0021141649048625794
628	0.0010570824524312897
6	0.005285412262156448
723	0.0010570824524312897
1724	0.0010570824524312897
65	0.0021141649048625794
900	0.0010570824524312897
2379	0.0010570824524312897
1749	0.0031712473572938693
132	0.0010570824524312897
138	0.0063424947145877385
2031	0.0021141649048625794
2151	0.0010570824524312897
1837	0.0010570824524312897
774	0.0021141649048625794
30	0.0010570824524312897
357	0.007399577167019028
908	0.0010570824524312897
2467	0.0010570824524312897
123	0.005285412262156448
1096	0.0010570824524312897
731	0.0021141649048625794
137	0.0021141649048625794
657	0.0031712473572938693
24	0.0010570824524312897
400	0.0031712473572938693
1489	0.0010570824524312897
743	0.0010570824524312897
1901	0.0010570824524312897
1700	0.0010570824524312897
1404	0.0010570824524312897
78	0.004228329809725159
508	0.0063424947145877385
2385	0.0010570824524312897
493	0.0021141649048625794
511	0.0010570824524312897
101	0.008456659619450317
2222	0.0010570824524312897
2933	0.03488372093023256
1615	0.0010570824524312897
1677	0.0010570824524312897
1597	0.0010570824524312897
140	0.0021141649048625794
883	0.0010570824524312897
335	0.0010570824524312897
1704	0.0021141649048625794
1697	0.0010570824524312897
980	0.0021141649048625794
332	0.0010570824524312897
1224	0.0010570824524312897
292	0.0010570824524312897
119	0.008456659619450317
1983	0.0021141649048625794
1238	0.0021141649048625794
1100	0.0010570824524312897
661	0.0010570824524312897
1033	0.0010570824524312897
177	0.0010570824524312897
1876	0.0010570824524312897
893	0.0021141649048625794
1259	0.0010570824524312897
2934	0.016913319238900635
2935	0.0063424947145877385
2097	0.0010570824524312897
1782	0.0010570824524312897
2124	0.0010570824524312897
2191	0.0010570824524312897
1475	0.0021141649048625794
1005	0.0010570824524312897
818	0.0010570824524312897
1932	0.0010570824524312897
1625	0.0010570824524312897
2513	0.0021141649048625794
2138	0.0021141649048625794
746	0.0010570824524312897
117	0.0010570824524312897
2936	0.0021141649048625794
221	0.0010570824524312897
2937	0.012684989429175477
2938	0.0021141649048625794
953	0.0021141649048625794
201	0.0063424947145877385
98	0.004228329809725159
2108	0.0010570824524312897
2939	0.019027484143763214
2425	0.0021141649048625794
309	0.0010570824524312897
299	0.0021141649048625794
2940	0.008456659619450317
985	0.0021141649048625794
1176	0.0021141649048625794
341	0.0021141649048625794
2941	0.009513742071881607
2942	0.0031712473572938693
1925	0.0010570824524312897
2636	0.0010570824524312897
583	0.0010570824524312897
1808	0.0010570824524312897
833	0.0010570824524312897
2943	0.013742071881606767
2944	0.008456659619450317
579	0.0021141649048625794
779	0.0021141649048625794
568	0.0021141649048625794
1759	0.0010570824524312897
2007	0.0010570824524312897
286	0.0010570824524312897
444	0.0021141649048625794
19	0.0031712473572938693
2298	0.0010570824524312897
1198	0.0031712473572938693
605	0.0021141649048625794
344	0.0010570824524312897
2945	0.04334038054968288
708	0.0010570824524312897
403	0.004228329809725159
874	0.0010570824524312897
2137	0.0021141649048625794
95	0.0021141649048625794
1153	0.0031712473572938693
33	0.0021141649048625794
330	0.0010570824524312897
1879	0.0010570824524312897
460	0.0010570824524312897
1015	0.0010570824524312897
91	0.0010570824524312897
43	0.004228329809725159
481	0.0021141649048625794
108	0.0031712473572938693
759	0.0031712473572938693
434	0.0010570824524312897
1031	0.0021141649048625794
401	0.0010570824524312897
110	0.0010570824524312897
2946	0.03488372093023256
2947	0.011627906976744186
173	0.0031712473572938693
264	0.0031712473572938693
2279	0.0010570824524312897
541	0.0010570824524312897
793	0.0010570824524312897
1644	0.0010570824524312897
592	0.0031712473572938693
1553	0.0010570824524312897
898	0.0010570824524312897
371	0.0021141649048625794
1010	0.0021141649048625794
16	0.0010570824524312897
32	0.0021141649048625794
1820	0.0010570824524312897
1413	0.0021141649048625794
562	0.0031712473572938693
27	0.0010570824524312897
2131	0.0021141649048625794
1626	0.0010570824524312897
405	0.0010570824524312897
1694	0.0031712473572938693
171	0.0010570824524312897
1203	0.0010570824524312897
2948	0.007399577167019028
1490	0.0021141649048625794
443	0.0010570824524312897
28	0.0031712473572938693
2412	0.0010570824524312897
285	0.0031712473572938693
2949	0.009513742071881607
485	0.004228329809725159
1178	0.0021141649048625794
2746	0.0021141649048625794
879	0.0021141649048625794
1247	0.0031712473572938693
2177	0.0010570824524312897
2950	0.004228329809725159
2951	0.013742071881606767
811	0.0021141649048625794
1867	0.0031712473572938693
2952	0.03699788583509514
2953	0.04439746300211417
525	0.0010570824524312897
2217	0.0010570824524312897
1146	0.0010570824524312897
2503	0.0021141649048625794
739	0.0010570824524312897
1248	0.0031712473572938693
2295	0.0010570824524312897
2490	0.0010570824524312897
864	0.0010570824524312897
35	0.0010570824524312897
39	0.0010570824524312897
550	0.0010570824524312897
303	0.0021141649048625794
823	0.0010570824524312897
45	0.0021141649048625794
2793	0.0010570824524312897
1013	0.0010570824524312897
577	0.0010570824524312897
1423	0.0021141649048625794
2660	0.0021141649048625794
1239	0.0021141649048625794
396	0.004228329809725159
1845	0.0010570824524312897
1707	0.0010570824524312897
1455	0.0010570824524312897
395	0.0010570824524312897
2074	0.0010570824524312897
289	0.0021141649048625794
2226	0.0010570824524312897
1345	0.005285412262156448
738	0.0010570824524312897
2206	0.0021141649048625794
1978	0.0031712473572938693
968	0.0010570824524312897
538	0.0021141649048625794
236	0.0021141649048625794
1595	0.0010570824524312897
1036	0.0021141649048625794
2527	0.0010570824524312897
2954	0.004228329809725159
1330	0.0010570824524312897
2955	0.009513742071881607
11	0.0010570824524312897
181	0.0021141649048625794
44	0.0021141649048625794
882	0.0021141649048625794
402	0.0010570824524312897
2956	0.03594080338266385
2504	0.0010570824524312897
2052	0.0010570824524312897
2186	0.0010570824524312897
1784	0.0010570824524312897
2179	0.0010570824524312897
1407	0.0010570824524312897
409	0.0010570824524312897
280	0.0010570824524312897
216	0.0010570824524312897
2655	0.0010570824524312897
924	0.0010570824524312897
1154	0.0010570824524312897
1938	0.0010570824524312897
571	0.0010570824524312897
2545	0.0010570824524312897
1945	0.0010570824524312897
552	0.0010570824524312897
96	0.0021141649048625794
100	0.0010570824524312897
168	0.0010570824524312897
1841	0.0010570824524312897
1419	0.0010570824524312897
2687	0.0010570824524312897
2356	0.0010570824524312897
1256	0.0010570824524312897
1639	0.0010570824524312897
2648	0.0010570824524312897
2408	0.0010570824524312897
2270	0.0010570824524312897
870	0.0010570824524312897
1543	0.0010570824524312897
2012	0.0010570824524312897
2584	0.0010570824524312897
2957	0.009513742071881607
955	0.0010570824524312897
649	0.0031712473572938693
2958	0.005285412262156448
1383	0.0021141649048625794
2959	0.03699788583509514
1114	0.0010570824524312897
2841	0.0010570824524312897
1308	0.0021141649048625794
1447	0.0021141649048625794
20	0.0010570824524312897
446	0.0021141649048625794
651	0.0010570824524312897
877	0.0010570824524312897
314	0.0021141649048625794
1113	0.0021141649048625794
1207	0.0021141649048625794
559	0.0021141649048625794
2960	0.03382663847780127
2961	0.015856236786469344
957	0.0010570824524312897
305	0.0021141649048625794
2158	0.0010570824524312897
821	0.0021141649048625794
150	0.0010570824524312897
1426	0.0021141649048625794
999	0.0021141649048625794
2080	0.0010570824524312897
1941	0.0010570824524312897
1391	0.0010570824524312897
792	0.0021141649048625794
206	0.0010570824524312897
1783	0.0021141649048625794
1170	0.0010570824524312897
921	0.0021141649048625794
1930	0.0021141649048625794
1006	0.0021141649048625794
2609	0.0021141649048625794
600	0.0010570824524312897
476	0.0010570824524312897
676	0.0010570824524312897
489	0.0010570824524312897
2166	0.0010570824524312897
2156	0.0010570824524312897
2582	0.0010570824524312897
1581	0.0010570824524312897
2962	0.09408033826638479
2963	0.015856236786469344
1890	0.0010570824524312897
1558	0.0010570824524312897
1733	0.0010570824524312897
836	0.0010570824524312897
2809	0.0010570824524312897
2628	0.0010570824524312897
8	0.0010570824524312897
340	0.0021141649048625794
1326	0.0010570824524312897
1968	0.0010570824524312897
1948	0.0010570824524312897
295	0.0031712473572938693
1400	0.0010570824524312897
1564	0.0021141649048625794
1828	0.0010570824524312897
537	0.0010570824524312897
60	0.0010570824524312897
1236	0.0010570824524312897
1125	0.0010570824524312897
2608	0.0010570824524312897
2750	0.0010570824524312897
3	0.0010570824524312897
431	0.0010570824524312897
1568	0.0010570824524312897
2403	0.0010570824524312897
696	0.0010570824524312897
254	0.0010570824524312897
2021	0.0010570824524312897
1009	0.0010570824524312897
1436	0.0010570824524312897
1960	0.0010570824524312897
1213	0.0010570824524312897
709	0.0010570824524312897
417	0.0021141649048625794
1630	0.0010570824524312897
149	0.0010570824524312897
1280	0.0010570824524312897
1942	0.0010570824524312897
1928	0.0010570824524312897
70	0.0010570824524312897
320	0.0021141649048625794
677	0.0010570824524312897
2032	0.0010570824524312897
238	0.0021141649048625794
1767	0.0010570824524312897
114	0.0010570824524312897
339	0.0010570824524312897
2361	0.0010570824524312897
2302	0.0010570824524312897
820	0.0031712473572938693
1599	0.0021141649048625794
732	0.0010570824524312897
1738	0.0010570824524312897
253	0.0010570824524312897
1790	0.0021141649048625794
2046	0.0010570824524312897
1538	0.0010570824524312897
2665	0.0010570824524312897
2544	0.0010570824524312897
2703	0.0010570824524312897
2382	0.0010570824524312897
1609	0.0010570824524312897
1429	0.0010570824524312897
602	0.0021141649048625794
2154	0.0010570824524312897
1094	0.0010570824524312897
2366	0.0010570824524312897
720	0.0010570824524312897
262	0.0021141649048625794
208	0.0010570824524312897
72	0.0021141649048625794
1341	0.0010570824524312897
1693	0.0010570824524312897
620	0.0010570824524312897
1861	0.0010570824524312897
2964	0.024312896405919663
1294	0.0010570824524312897
686	0.0021141649048625794
440	0.0010570824524312897
2092	0.0010570824524312897
2210	0.0010570824524312897
2965	0.014799154334038056
2966	0.020084566596194505
2466	0.0021141649048625794
665	0.0010570824524312897
1579	0.0021141649048625794
990	0.0021141649048625794
338	0.005285412262156448
1868	0.0021141649048625794
989	0.0021141649048625794
25	0.004228329809725159
950	0.0010570824524312897
1708	0.0021141649048625794
2967	0.007399577167019028
1588	0.0021141649048625794
535	0.0010570824524312897
2968	0.025369978858350954
46	0.0031712473572938693
911	0.0021141649048625794
275	0.0031712473572938693
229	0.0021141649048625794
393	0.0021141649048625794
180	0.0010570824524312897
636	0.0031712473572938693
502	0.0010570824524312897
2969	0.009513742071881607
2447	0.0010570824524312897
416	0.0021141649048625794
2970	0.03382663847780127
751	0.0010570824524312897
2006	0.0010570824524312897
377	0.0010570824524312897
291	0.0010570824524312897
42	0.0010570824524312897
1686	0.0010570824524312897
705	0.0010570824524312897
701	0.0010570824524312897
1231	0.0010570824524312897
587	0.0010570824524312897
279	0.0010570824524312897
277	0.0010570824524312897
496	0.0010570824524312897
728	0.0010570824524312897
1169	0.0010570824524312897
151	0.0010570824524312897
2971	0.019027484143763214
176	0.0010570824524312897
595	0.0010570824524312897
1365	0.0010570824524312897
939	0.0010570824524312897
764	0.0010570824524312897
464	0.0010570824524312897
1468	0.0010570824524312897
1327	0.0010570824524312897
1376	0.0010570824524312897
2128	0.0010570824524312897
557	0.0010570824524312897
722	0.0021141649048625794
1840	0.0010570824524312897
53	0.0010570824524312897
1486	0.0010570824524312897
1944	0.0010570824524312897
2972	0.039112050739957716
2973	0.014799154334038056
2044	0.0010570824524312897
546	0.0010570824524312897
1381	0.0010570824524312897
107	0.0010570824524312897
797	0.0010570824524312897
391	0.0010570824524312897
2196	0.0010570824524312897
521	0.0010570824524312897
1476	0.0010570824524312897
414	0.0010570824524312897
68	0.0010570824524312897
863	0.0010570824524312897
812	0.0010570824524312897
647	0.0010570824524312897
218	0.0010570824524312897
1124	0.0031712473572938693
326	0.0010570824524312897
1300	0.0010570824524312897
861	0.0010570824524312897
1781	0.0010570824524312897
1826	0.0010570824524312897
1572	0.0010570824524312897
2974	0.014799154334038056
2975	0.014799154334038056
369	0.0010570824524312897
159	0.0010570824524312897
561	0.0010570824524312897
2976	0.027484143763213533
2977	0.07293868921775899
1548	0.0010570824524312897
887	0.0010570824524312897
1188	0.0010570824524312897
473	0.0010570824524312897
1606	0.0010570824524312897
1748	0.0010570824524312897
389	0.0021141649048625794
1894	0.0010570824524312897
1267	0.0010570824524312897
1212	0.0010570824524312897
1632	0.0010570824524312897
284	0.0021141649048625794
156	0.0010570824524312897
1023	0.0031712473572938693
1428	0.0010570824524312897
354	0.0010570824524312897
1665	0.0010570824524312897
1377	0.0010570824524312897
2161	0.0010570824524312897
258	0.0010570824524312897
394	0.0010570824524312897
1779	0.0010570824524312897
5	0.0010570824524312897
1415	0.0010570824524312897
136	0.0010570824524312897
1803	0.0010570824524312897
1417	0.0010570824524312897
824	0.0010570824524312897
200	0.0010570824524312897
355	0.0010570824524312897
603	0.0010570824524312897
211	0.0021141649048625794
838	0.0010570824524312897
771	0.0010570824524312897
958	0.0010570824524312897
240	0.0010570824524312897
788	0.0010570824524312897
1063	0.0010570824524312897
2033	0.0010570824524312897
1159	0.0010570824524312897
682	0.0010570824524312897
1338	0.0010570824524312897
1070	0.0010570824524312897
2180	0.0010570824524312897
81	0.0010570824524312897
2978	0.017970401691331926
2979	0.005285412262156448
814	0.0010570824524312897
2451	0.0010570824524312897
2269	0.0010570824524312897
1593	0.0010570824524312897
742	0.0010570824524312897
175	0.0021141649048625794
1230	0.0010570824524312897
2980	0.014799154334038056
2981	0.011627906976744186
85	0.0021141649048625794
348	0.0021141649048625794
2369	0.0010570824524312897
1692	0.0010570824524312897
347	0.0021141649048625794
2982	0.027484143763213533
2983	0.015856236786469344
1060	0.0010570824524312897
1972	0.0010570824524312897
92	0.0010570824524312897
809	0.0010570824524312897
1073	0.0010570824524312897
1620	0.0021141649048625794
1448	0.0010570824524312897
2168	0.0010570824524312897
196	0.0010570824524312897
1276	0.0010570824524312897
1584	0.0010570824524312897
1120	0.0010570824524312897
31	0.0010570824524312897
452	0.0010570824524312897
1515	0.0010570824524312897
2984	0.023255813953488372
539	0.0010570824524312897
2581	0.0010570824524312897
810	0.0010570824524312897
1484	0.0010570824524312897
2985	0.013742071881606767
2152	0.0010570824524312897
1680	0.0031712473572938693
2641	0.0010570824524312897
1433	0.0010570824524312897
2564	0.0010570824524312897
2986	0.014799154334038056
1465	0.0010570824524312897
919	0.0010570824524312897
2543	0.0010570824524312897
766	0.0010570824524312897
249	0.0010570824524312897
1270	0.0010570824524312897
2987	0.010570824524312896
2988	0.014799154334038056
2610	0.0010570824524312897
916	0.0010570824524312897
1768	0.0010570824524312897
606	0.0010570824524312897
2449	0.0010570824524312897
212	0.0010570824524312897
1672	0.0010570824524312897
1000	0.0010570824524312897
1688	0.0021141649048625794
2904	0.0010570824524312897
522	0.0010570824524312897
2283	0.0010570824524312897
1772	0.0010570824524312897
2989	0.021141649048625793
2278	0.0010570824524312897
103	0.0010570824524312897
869	0.0010570824524312897
1148	0.0010570824524312897
2990	0.024312896405919663
2991	0.012684989429175477
276	0.0010570824524312897
1872	0.0010570824524312897
650	0.0010570824524312897
540	0.0010570824524312897
1016	0.0010570824524312897
584	0.0010570824524312897
608	0.0010570824524312897
961	0.0010570824524312897
658	0.0010570824524312897
1642	0.0010570824524312897
2016	0.0010570824524312897
1858	0.0010570824524312897
1610	0.0010570824524312897
2992	0.019027484143763214
2646	0.0010570824524312897
2788	0.0010570824524312897
1544	0.0010570824524312897
1508	0.0010570824524312897
828	0.0010570824524312897
1155	0.0010570824524312897
2615	0.0010570824524312897
2066	0.0010570824524312897
2438	0.0010570824524312897
1696	0.0010570824524312897
1526	0.0010570824524312897
1251	0.0010570824524312897
121	0.0010570824524312897
2993	0.016913319238900635
868	0.0010570824524312897
450	0.0010570824524312897
1299	0.0021141649048625794
1701	0.0010570824524312897
127	0.0010570824524312897
2994	0.024312896405919663
2995	0.04439746300211417
1532	0.0010570824524312897
783	0.0010570824524312897
128	0.0010570824524312897
886	0.0010570824524312897
1900	0.0010570824524312897
717	0.0010570824524312897
621	0.0010570824524312897
1798	0.0010570824524312897
2566	0.0010570824524312897
2187	0.0010570824524312897
1698	0.0010570824524312897
1298	0.0010570824524312897
2696	0.0010570824524312897
1325	0.0010570824524312897
2420	0.0010570824524312897
2996	0.04016913319238901
2997	0.008456659619450317
2498	0.0010570824524312897
1395	0.0010570824524312897
1249	0.0010570824524312897
141	0.0010570824524312897
2311	0.0010570824524312897
89	0.0010570824524312897
931	0.0010570824524312897
2237	0.0010570824524312897
1499	0.0010570824524312897
2201	0.0010570824524312897
73	0.0010570824524312897
530	0.0010570824524312897
564	0.0010570824524312897
2089	0.0010570824524312897
142	0.0010570824524312897
1585	0.0010570824524312897
1994	0.0010570824524312897
1911	0.0010570824524312897
1039	0.0010570824524312897
257	0.0010570824524312897
1451	0.0010570824524312897
1372	0.0010570824524312897
1657	0.0010570824524312897
933	0.0010570824524312897
448	0.0010570824524312897
1604	0.0010570824524312897
1850	0.0010570824524312897
317	0.0010570824524312897
2796	0.0010570824524312897
753	0.0010570824524312897
2998	0.007399577167019028
2117	0.0010570824524312897
2736	0.0010570824524312897
66	0.0021141649048625794
2511	0.0010570824524312897
1799	0.0010570824524312897
1924	0.0010570824524312897
2999	0.014799154334038056
1617	0.0010570824524312897
925	0.0010570824524312897
1333	0.0010570824524312897
1535	0.0010570824524312897
3000	0.008456659619450317
3001	0.004228329809725159
1899	0.0010570824524312897
1719	0.0010570824524312897
3002	0.005285412262156448
1955	0.0010570824524312897
1653	0.0010570824524312897
1143	0.0010570824524312897
3003	0.0063424947145877385
3004	0.008456659619450317
3005	0.016913319238900635
2148	0.0010570824524312897
1139	0.0010570824524312897
413	0.0010570824524312897
3006	0.014799154334038056
3007	0.0063424947145877385
191	0.0010570824524312897
1902	0.0010570824524312897
1903	0.0010570824524312897
126	0.0010570824524312897
1545	0.0010570824524312897
3008	0.0063424947145877385
3009	0.007399577167019028
615	0.0010570824524312897
2642	0.0010570824524312897
1473	0.0010570824524312897
