2909	0.0060725345560144126
922	0.0
217	0.0014027816507690201
82	0.0004721271421920203
585	0.0
224	0.0012819852844074958
716	0.0025048145612310635
1834	0.0008651961831529323
111	0.0003353339858844661
1200	0.00016524162211191236
659	0.00016524162211191236
1103	0.0008651961831529323
99	0.0007901397561683984
447	0.0004721271421920203
2910	0.008799272975715113
2911	0.01964506275375558
365	0.0
951	0.0031249143915579288
21	0.20858364097396226
282	0.0019540538499473853
366	0.004023338644554229
79	0.0013605391378416056
854	0.0
1510	6.983908922375022e-05
232	0.0010185883551542757
1018	0.0
112	0.009154059513189322
294	0.0006092748041727545
185	0.00028103097911947434
1222	0.0005460457898436394
768	0.0009252560846426038
1359	0.0055511593251287425
48	0.0030048642125744475
1802	0.0
34	0.0036333425363119475
2912	0.0274502632832583
1844	0.0001760836004861893
157	0.0005264920100766286
23	1.2162320550076313e-05
327	0.0007285154513888627
69	0.11902211330291707
1445	0.0006419267872102305
691	0.0001760836004861893
822	0.00888464193025274
306	0.003724487667617941
617	0.0008340885751105659
384	0.006709142551908494
1684	0.0005713868370013952
629	0.00048742351382496013
113	0.0007882246490999498
519	0.0016595838802127803
730	0.00027106624379647214
134	0.003207466896394372
548	0.001205988049487366
388	0.003066337829766002
189	0.07297635497064264
61	0.024482809464958018
1279	0.0
2913	0.031005537208630952
169	0.00011342662505453178
272	0.0014078385467331382
510	0.0
38	0.021064701559667075
514	0.0
268	0.0
1446	0.0
290	0.016878340978234617
274	0.021064701559667075
858	0.00011342662505453178
928	0.00011342662505453178
2030	0.0
252	0.017383408827562546
872	0.00011342662505453178
278	0.0014078385467331382
487	0.0
1265	0.0
1933	0.0
1254	0.0
509	0.00011342662505453178
1206	0.00011342662505453178
1718	0.0
706	0.0
2914	0.00991159341778955
94	0.007418234697855022
40	0.04182584341618329
425	0.0
2378	2.7041828560239805e-05
1695	0.0006572959209150615
972	0.0
88	0.0029987793971699038
1519	0.00016970023002664048
862	0.00028128755476425924
316	0.0011159231941584508
2915	0.006295585749298501
346	0.0
1887	0.0
349	0.00039112124003918116
2916	0.002190702336922938
2917	0.005361092291106263
569	0.000810299205060099
2611	0.0
426	0.00043450712755174173
325	0.0008958278158115734
2918	0.008351126013925904
2919	0.0033822434245053138
1567	0.001354776839556758
1505	0.0
1506	0.0
63	0.0784130347972905
2028	0.0006286666150062799
90	0.0
988	0.0
75	0.0042400730929829725
2920	0.026789192818969028
1116	0.0
1613	0.0006701942509275015
969	0.0
106	0.04360276910455524
2175	0.0
996	0.0
1774	0.008429813080975871
1775	0.0
1643	0.0
406	0.0008700392885508862
215	0.0
2921	0.02190920227159377
2922	0.01115307908527998
2292	0.001467412141759294
490	0.0015798775500599
468	0.008437925432339753
853	0.0
2130	0.0
827	0.0
1042	0.0015945494072714041
2714	0.0
17	0.0
2	0.003993662063854236
435	9.40492369747057e-05
2058	0.0
269	0.0
1590	0.0
445	0.00153586710328174
2310	0.0
941	0.0
984	0.0
322	0.009713994593074234
494	0.004330017294862551
386	0.0008778713306995189
2923	0.0042260925981856216
976	0.0
1286	0.0
2924	0.0063290714453505155
1045	0.004223855386646084
2925	0.0021141649048625794
2294	0.0
2926	0.04908832194618295
2927	0.027302499725321335
270	0.0
2167	2.4554780070318913e-05
1054	0.0
671	8.882122363479453e-05
754	0.0033848237357919286
689	0.00022079676169372553
1904	0.0
1314	0.0
653	0.0033848237357919286
415	0.0033848237357919286
499	0.0
2026	0.0015194631469924072
815	0.0
324	0.0
758	0.001511726811077937
353	0.0
645	0.0
192	0.0
2644	0.0
794	0.002465454860707582
905	0.0
29	0.0
819	0.0004048667619261647
165	0.0
2621	0.0
227	3.295095952626662e-05
544	0.0
520	0.0
186	0.0
1810	0.0010052759616816609
362	0.00020062000013342266
624	0.0
2172	0.0
2266	0.0
1586	0.0
876	8.656065943080325e-05
1565	2.4554780070318913e-05
2928	0.006335783079969126
1301	0.0
1866	0.0
2402	0.0
2929	0.006426750608592126
2930	0.032703354752246824
9	0.0035683773398999955
566	0.0026983186371384174
109	0.00039945792216553846
2200	0.001977318401115372
2667	0.0
1237	0.0021469388944242176
889	7.074292556711745e-05
2029	0.0
737	0.0002878135424978418
601	0.0009649224228862248
1862	0.0
199	5.121089994603532e-05
2431	0.0
762	0.00039952071125593154
1399	0.0
2931	0.03764665276370607
2932	0.06240185321391453
312	0.0
64	0.0
237	0.0006855744633832469
392	0.0014799667693455015
1343	0.0
1985	0.004368727477441418
2381	0.0
1815	0.0
503	0.0
735	0.0
283	0.00020372950698916524
729	0.0
1296	0.0001512203361077195
628	0.0
6	0.006825102086570744
723	0.0
1724	0.0
65	0.00021313560128373036
900	0.0
2379	0.0
1749	0.0005719128058885695
132	0.0
138	0.0019588408502323657
2031	0.0005368513768459041
2151	0.0
1837	0.0
774	0.0007547527969150596
30	0.0
357	0.00887433559160816
908	0.0
2467	0.0
123	0.003214852564667592
1096	0.0
731	0.0005411146398703032
137	0.00018196281092859644
657	0.0005409895901081657
24	0.0
400	0.0006180728369432029
1489	0.0
743	0.0
1901	0.0
1700	0.0
1404	0.0
78	0.011555422055062511
508	0.0021488033682410842
2385	0.0
493	0.001320704945444909
511	0.0
101	0.003980949734533536
2222	0.0
2933	0.12203994374212276
1615	0.0
1677	0.0
1597	0.0
140	0.0004444506272255708
883	0.0
335	0.0
1704	0.008065134659419715
1697	0.0
980	9.372608839679553e-05
332	0.0
1224	0.0
292	0.0
119	0.019473758533764436
1983	0.005037196982868436
1238	0.01111899638174129
1100	0.0
661	0.0
1033	0.0
177	0.0
1876	0.0
893	0.01111899638174129
1259	0.0
2934	0.02270224905037837
2935	0.005433477924677136
2097	0.0
1782	0.0
2124	0.0
2191	0.0
1475	0.0
1005	0.0
818	0.0
1932	0.0
1625	0.0
2513	3.8139800044561946e-05
2138	0.0010410116034155334
746	0.0
117	0.0
2936	0.0021141649048625794
221	0.0
2937	0.005656740242202227
2938	8.566739805122325e-05
953	0.0005042404719085378
201	0.0013180136231475386
98	0.0005685954298851097
2108	0.0
2939	0.0135949757567364
2425	0.00014592411737977966
309	0.0
299	3.080882785379328e-05
2940	0.06583973513716049
985	0.0006242085988253135
1176	0.0006242085988253135
341	0.05271429890030866
2941	0.014037764375041907
2942	0.00221802414764523
1925	0.0
2636	0.0
583	0.0
1808	0.0
833	0.0
2943	0.015382132328499347
2944	0.006908446700675249
579	0.0006184983155580457
779	0.0002522551753849094
568	0.00013366167466933763
1759	0.0
2007	0.0
286	0.0
444	0.00021797150437783487
19	0.0008943624040520152
2298	0.0
1198	0.0023666020677808952
605	0.00013366167466933763
344	0.0
2945	0.08691954089766653
708	0.0
403	0.0005458356706642059
874	0.0
2137	0.0002704869215366034
95	0.0003757373027185156
1153	0.0003708065593797832
33	0.00016428365294996307
330	0.0
1879	0.0
460	0.0
1015	0.0
91	0.0
43	0.0004723304993116364
481	0.00014566453224769293
108	0.0007468991796008478
759	0.0005313078999932621
434	0.0
1031	0.00016428365294996307
401	0.0
110	0.0
2946	0.041284490240776725
2947	0.010172031545909033
173	0.0002621520522025437
264	0.0006164979799391593
2279	0.0
541	0.0
793	0.0
1644	0.0
592	0.0003330965863550432
1553	0.0
898	0.0
371	0.00012535198039888122
1010	0.005607796127900382
16	0.0
32	0.0
1820	0.0
1413	0.0
562	0.0005190335112244502
27	0.0
2131	0.0
1626	0.0
405	0.0
1694	0.0017028171135946304
171	0.0
1203	0.0
2948	0.005821871568064889
1490	0.0015617408488463856
443	0.0
28	0.0007974864096641437
2412	0.0
285	0.0008885636288264545
2949	0.005092074628834899
485	0.0017148925593981886
1178	2.688116198636686e-05
2746	2.688116198636686e-05
879	0.00024703137460117385
1247	0.0007015421457091745
2177	0.0
2950	0.0011473579577726256
2951	0.007346670625179978
811	0.00010268519492427983
1867	0.00032144140182393334
2952	0.04697902355696041
2953	0.058409921313236295
525	0.0
2217	0.0
1146	0.0
2503	0.0009576406218557424
739	0.0
1248	0.00040217029674624865
2295	0.0
2490	0.0
864	0.0
35	0.0
39	0.0
550	0.0
303	0.0009576406218557424
823	0.0
45	0.0001822156166585155
2793	0.0
1013	0.0
577	0.0
1423	0.0005962153333337709
2660	0.0003817142018894477
1239	0.0009576406218557424
396	0.009864683731506077
1845	0.0
1707	0.0
1455	0.0
395	0.0
2074	0.0
289	0.00022616012179420348
2226	0.0
1345	0.003899476294404675
738	0.0
2206	0.0008213230338270948
1978	0.0001683800103299188
968	0.0
538	0.0017558744356188116
236	0.00024397875956999466
1595	0.0
1036	0.0009576406218557424
2527	0.0
2954	0.004517558117348256
1330	0.0
2955	0.005811601409198467
11	0.0
181	0.00024669673748201304
44	0.00024669673748201304
882	0.0002250537425798592
402	0.0
2956	0.06658167287606158
2504	0.0
2052	0.0
2186	0.0
1784	0.0
2179	0.0
1407	0.0
409	0.0
280	0.0
216	0.0
2655	0.0
924	0.0
1154	0.0
1938	0.0
571	0.0
2545	0.0
1945	0.0
552	0.0
96	0.014652635226130452
100	0.0
168	0.0
1841	0.0
1419	0.0
2687	0.0
2356	0.0
1256	0.0
1639	0.0
2648	0.0
2408	0.0
2270	0.0
870	0.0
1543	0.0
2012	0.0
2584	0.0
2957	0.004463797327796567
955	0.0
649	9.354403979187628e-05
2958	0.0017515455801665272
1383	7.996146162916068e-05
2959	0.04507845023863768
1114	0.0
2841	0.0
1308	0.0035062015452840306
1447	7.996146162916068e-05
20	0.0
446	2.8373930497680895e-05
651	0.0
877	0.0
314	0.00016568686863703476
1113	2.5887758558207165e-05
1207	7.996146162916068e-05
559	2.5887758558207165e-05
2960	0.046822293213557666
2961	0.03274452685942657
957	0.0
305	0.001663555020103448
2158	0.0
821	0.0
150	0.0
1426	0.0012971526169758244
999	0.00014700630851578896
2080	0.0
1941	0.0
1391	0.0
792	0.00430589020392339
206	0.0
1783	0.0007178075089602284
1170	0.0
921	0.003223042687859745
1930	0.00024767897900560676
1006	0.00033526670943921535
2609	0.001663555020103448
600	0.0
476	0.0
676	0.0
489	0.0
2166	0.0
2156	0.0
2582	0.0
1581	0.0
2962	0.14450632521391354
2963	0.013780811534992173
1890	0.0
1558	0.0
1733	0.0
836	0.0
2809	0.0
2628	0.0
8	0.0
340	0.0006551752069688383
1326	0.0
1968	0.0
1948	0.0
295	0.005052449542733967
1400	0.0
1564	0.0006551752069688383
1828	0.0
537	0.0
60	0.0
1236	0.0
1125	0.0
2608	0.0
2750	0.0
3	0.0
431	0.0
1568	0.0
2403	0.0
696	0.0
254	0.0
2021	0.0
1009	0.0
1436	0.0
1960	0.0
1213	0.0
709	0.0
417	0.0024819310232162993
1630	0.0
149	0.0
1280	0.0
1942	0.0
1928	0.0
70	0.0
320	0.0006551752069688383
677	0.0
2032	0.0
238	0.0006551752069688383
1767	0.0
114	0.0
339	0.0
2361	0.0
2302	0.0
820	0.006763993461455633
1599	0.005534556900564923
732	0.0
1738	0.0
253	0.0
1790	0.0
2046	0.0
1538	0.0
2665	0.0
2544	0.0
2703	0.0
2382	0.0
1609	0.0
1429	0.0
602	0.0006551752069688383
2154	0.0
1094	0.0
2366	0.0
720	0.0
262	0.0006551752069688383
208	0.0
72	0.0024819310232162993
1341	0.0
1693	0.0
620	0.0
1861	0.0
2964	0.030739646165678213
1294	0.0
686	0.00014815646435548032
440	0.0
2092	0.0
2210	0.0
2965	0.006183452228236708
2966	0.02041413170933568
2466	0.0
665	0.0
1579	0.0
990	0.0
338	0.005914355771446505
1868	0.0
989	0.0
25	0.0006390173140214065
950	0.0
1708	6.90636080499925e-05
2967	0.00447597881953682
1588	0.00042780543889485336
535	0.0
2968	0.018633905255691332
46	0.0005258975818930091
911	0.000691698499599613
275	0.0005258975818930091
229	0.000691698499599613
393	0.000691698499599613
180	0.0
636	0.0005258975818930091
502	0.0
2969	0.007215988875348504
2447	0.0
416	0.00027797514695678433
2970	0.056814300800942366
751	0.0
2006	0.0
377	0.0
291	0.0
42	0.0
1686	0.0
705	0.0
701	0.0
1231	0.0
587	0.0
279	0.0
277	0.0
496	0.0
728	0.0
1169	0.0
151	0.0
2971	0.03157546690464274
176	0.0
595	0.0
1365	0.0
939	0.0
764	0.0
464	0.0
1468	0.0
1327	0.0
1376	0.0
2128	0.0
557	0.0
722	0.01107243169007127
1840	0.0
53	0.0
1486	0.0
1944	0.0
2972	0.05402149362543374
2973	0.010896120855999874
2044	0.0
546	0.0
1381	0.0
107	0.0
797	0.0
391	0.0
2196	0.0
521	0.0
1476	0.0
414	0.0
68	0.0
863	0.0
812	0.0
647	0.0
218	0.0
1124	0.0010424102270152067
326	0.0
1300	0.0
861	0.0
1781	0.0
1826	0.0
1572	0.0
2974	0.0066704962179453976
2975	0.005937495327160701
369	0.0
159	0.0
561	0.0
2976	0.022246539100842618
2977	0.11940605439240655
1548	0.0
887	0.0
1188	0.0
473	0.0
1606	0.0
1748	0.0
389	0.0002278274188489975
1894	0.0
1267	0.0
1212	0.0
1632	0.0
284	0.0002278274188489975
156	0.0
1023	0.007013256688685331
1428	0.0
354	0.0
1665	0.0
1377	0.0
2161	0.0
258	0.0
394	0.0
1779	0.0
5	0.0
1415	0.0
136	0.0
1803	0.0
1417	0.0
824	0.0
200	0.0
355	0.0
603	0.0
211	7.825791341299289e-05
838	0.0
771	0.0
958	0.0
240	0.0
788	0.0
1063	0.0
2033	0.0
1159	0.0
682	0.0
1338	0.0
1070	0.0
2180	0.0
81	0.0
2978	0.03106588807633573
2979	0.006335783079969126
814	0.0
2451	0.0
2269	0.0
1593	0.0
742	0.0
175	0.0008078716354742477
1230	0.0
2980	0.010439119232770681
2981	0.006666892895486961
85	0.0
348	0.0
2369	0.0
1692	0.0
347	0.0
2982	0.025202309513624323
2983	0.027464241423978037
1060	0.0
1972	0.0
92	0.0
809	0.0
1073	0.0
1620	0.0
1448	0.0
2168	0.0
196	0.0
1276	0.0
1584	0.0
1120	0.0
31	0.0
452	0.0
1515	0.0
2984	0.03358553223292694
539	0.0
2581	0.0
810	0.0
1484	0.0
2985	0.012840367465173594
2152	0.0
1680	0.0002947367218938482
2641	0.0
1433	0.0
2564	0.0
2986	0.03018473256506069
1465	0.0
919	0.0
2543	0.0
766	0.0
249	0.0
1270	0.0
2987	0.007696938341070495
2988	0.02327201864851436
2610	0.0
916	0.0
1768	0.0
606	0.0
2449	0.0
212	0.0
1672	0.0
1000	0.0
1688	0.0010545276638690769
2904	0.0
522	0.0
2283	0.0
1772	0.0
2989	0.023785968954971086
2278	0.0
103	0.0
869	0.0
1148	0.0
2990	0.0424358750926617
2991	0.015590248806340901
276	0.0
1872	0.0
650	0.0
540	0.0
1016	0.0
584	0.0
608	0.0
961	0.0
658	0.0
1642	0.0
2016	0.0
1858	0.0
1610	0.0
2992	0.027780049594827265
2646	0.0
2788	0.0
1544	0.0
1508	0.0
828	0.0
1155	0.0
2615	0.0
2066	0.0
2438	0.0
1696	0.0
1526	0.0
1251	0.0
121	0.0
2993	0.014315787871292316
868	0.0
450	0.0
1299	0.0
1701	0.0
127	0.0
2994	0.03355390929581531
2995	0.05955252184190228
1532	0.0
783	0.0
128	0.0
886	0.0
1900	0.0
717	0.0
621	0.0
1798	0.0
2566	0.0
2187	0.0
1698	0.0
1298	0.0
2696	0.0
1325	0.0
2420	0.0
2996	0.06890785568949417
2997	0.028088699103677783
2498	0.0
1395	0.0
1249	0.0
141	0.0
2311	0.0
89	0.0
931	0.0
2237	0.0
1499	0.0
2201	0.0
73	0.0
530	0.0
564	0.0
2089	0.0
142	0.0
1585	0.0
1994	0.0
1911	0.0
1039	0.0
257	0.0
1451	0.0
1372	0.0
1657	0.0
933	0.0
448	0.0
1604	0.0
1850	0.0
317	0.0
2796	0.0
753	0.0
2998	0.012651431256082419
2117	0.0
2736	0.0
66	0.014705191449377496
2511	0.0
1799	0.0
1924	0.0
2999	0.02229275089813204
1617	0.0
925	0.0
1333	0.0
1535	0.0
3000	0.00561237654565654
3001	0.002397437477351634
1899	0.0
1719	0.0
3002	0.006467423334823016
1955	0.0
1653	0.0
1143	0.0
3003	0.0012490978339605519
3004	0.0013294788966284456
3005	0.008071104202428495
2148	0.0
1139	0.0
413	0.0
3006	0.028396707211360367
3007	0.018124090469300896
191	0.0
1902	0.0
1903	0.0
126	0.0
1545	0.0
3008	0.003246389043091759
3009	0.005455296798753285
615	0.0
2642	0.0
1473	0.0
