2052	3.268293761448342e-05
3910	0.0019836020702315594
2931	6.203254976422361e-06
3135	0.00023958606301714708
2408	8.894664155809681e-05
1405	4.270213889816871e-05
2516	6.468902739985801e-06
893	0.0001528877605831148
188	0.00030949694645816047
2356	0.0
1840	0.00032737583913421077
557	8.24065382068875e-05
1784	9.484623591704242e-06
553	0.0005698407287223098
53	0.0004123389742864543
845	2.3088174761626436e-06
105	0.00032142796708630546
2989	2.993588993016269e-05
764	5.983915808668859e-05
2712	6.628086862294898e-06
3911	0.00015808008977359793
159	0.00019846319341828328
2071	1.505368397568205e-05
3413	8.148565437433064e-05
88	0.0050874909401709785
428	0.00010283758336545157
2799	6.903521062646005e-06
716	0.0002806502224414204
3912	0.0004072615393402783
189	0.07622619578331287
640	4.11359577392198e-06
3578	0.0
215	0.0005143708023098058
2153	1.9696715594890377e-05
1103	4.596099824458797e-05
224	6.90813799146402e-05
99	0.00012907071880147625
659	1.192226793984332e-05
2596	1.1510967799603091e-06
1023	0.0029773295864704732
3913	0.0017334670676577995
69	0.05156975010229513
21	0.24704217197027462
134	0.0024480150348716438
3409	0.00042450826150668966
9	0.008186890418493431
177	0.0002570267774977824
2085	0.0
113	0.0013859204698049375
403	0.0003880043523207231
617	0.001542062514690607
548	0.0003250615759886989
494	0.0005698459365374619
426	0.000464382681455233
822	0.0017054319168270003
1503	3.8513985616657944e-06
2338	0.0
446	3.576102214139384e-05
61	0.008812152620052223
3914	0.0018382533024488184
5	8.995366359776429e-05
46	8.836220809147045e-05
559	0.00031008826853982794
45	8.905534675965552e-05
3802	0.0001487310830438827
201	0.001178501251613952
401	4.6619056927888044e-05
135	5.387600166297313e-06
636	0.0001007702078596046
3487	0.00012799161509944893
393	1.7301363009501773e-06
1611	2.19933299129679e-06
1975	6.670828337914791e-07
1576	3.6975683019511044e-05
327	0.00017360544826843029
3674	5.7253916627338406e-05
1684	0.00029631657970473184
229	5.780399472810463e-05
239	4.910765681160396e-07
3503	3.154332363446878e-05
1113	9.15699592873639e-06
3519	1.721852011452571e-06
384	0.004602274378411088
389	1.2859097889601147e-05
3782	0.0004938572955123146
1016	8.765784607993587e-05
112	0.022941719305512535
519	0.0012127817908406514
3082	6.277160101888944e-05
651	0.00015122130396218384
3054	0.001625856509858993
98	0.000740408633059394
180	8.657734562912064e-06
3817	3.42808689488008e-05
3691	2.543498579843363e-05
388	0.0005063776401121446
157	0.0007877771011372914
3871	1.773476262713183e-05
3915	0.00036550372516141983
106	0.03263924398139395
40	0.07475542384323922
1006	0.00027138865418568914
63	0.08889169041048207
1875	0.0
3916	0.0011284494504963211
1836	0.00010628482664236223
1777	0.0
1703	6.043248491325471e-05
3917	0.00348246630501901
3918	0.011969808966888772
794	0.0006069394087754841
409	0.0016968655224492153
1702	1.8995824419342686e-05
1259	0.0017813078292507275
273	0.0
1238	0.0017882365377788114
1488	0.00011931187196530718
894	0.0016154445855647008
1520	0.0
3492	7.926978278688714e-06
595	0.00023475771815914792
486	1.590894366873146e-05
1917	7.711835305298851e-05
3071	2.9342219703040088e-05
1536	9.48208196644229e-05
1936	2.7141972398841576e-05
1240	6.633050895302801e-05
980	0.0005711215776481933
2339	7.044629368729e-05
2155	0.0
2040	4.101724997941255e-05
2317	0.00015557699465389453
252	0.005546066402154023
3456	3.65552605618459e-05
1706	0.0
3289	0.0
714	2.36867949790359e-06
3058	5.005678526995709e-05
1034	7.666602086846763e-06
1020	0.00012731791684457484
3671	0.00048199595554796376
3382	4.0626781735809766e-05
1954	0.0
910	0.00023832029330411668
2966	3.586061387032307e-05
932	1.186775794385522e-05
436	0.00130060608474616
1115	0.0005699068518369572
2244	5.3943381063487895e-05
464	3.1499589026800145e-05
12	0.0
3066	7.515379825618403e-05
1357	1.8611480833005026e-05
269	0.0013278454965958458
433	2.3687910315285648e-05
3902	2.256798567673538e-05
383	8.908401566942351e-05
434	0.0016174602870299433
1335	2.0784507781735638e-05
2632	8.18916347726568e-06
164	1.2200600564328377e-05
1715	0.0
2022	0.0006051650425634414
2433	3.0995351038325216e-05
2110	6.488052441201833e-06
3919	0.000985189714601392
357	0.013331575811573987
2697	4.442660222694767e-07
461	0.0
94	0.05555777420149259
3920	0.00032324878731770083
1148	0.00038642808073618707
128	0.0012097485964391332
686	0.00010663346182226184
1005	0.0001871238647620456
1222	0.0012150004609669585
1615	0.00031043269151023837
232	0.0005646134181449605
2641	1.7620018261115107e-06
1749	0.00046920047273449957
1157	1.8706219269748753e-06
1680	9.012281147639822e-05
366	0.0022366381081346458
3314	1.2212665646287162e-05
3579	0.000751411462833245
3921	0.0018657233044641099
731	0.0004362173405991497
1312	1.5960717234217967e-05
25	0.00041134791490605793
3790	0.00027974655707235985
1308	0.000936977456224678
1744	7.893892605796493e-05
2292	0.000758890084008423
78	1.1041942846894739e-05
391	0.00024130911701079368
1153	0.00032284571184334267
1705	8.155125820138714e-06
3922	0.0006025975085066347
3923	0.0002242731058548979
3734	5.636162066712996e-09
1386	0.0007746241400409298
2182	5.296044607992043e-05
2936	0.0
3045	5.636162066712996e-09
3625	0.0008035200081320995
3626	4.06918984979625e-05
3046	4.843508308242575e-05
3648	0.0008144780554314935
2925	1.6071313130871381e-06
3347	2.923386986204973e-05
3089	5.097877653277292e-05
2455	4.2372714575905283e-05
3572	3.6131869780271038e-06
3350	3.6131869780271038e-06
1385	1.1423085422949916e-06
3090	5.134815898861008e-05
183	0.0
3468	2.1823539259846186e-05
3156	1.1423085422949916e-06
3361	5.392376909225651e-05
184	5.296044607992043e-05
3924	0.001339723922331555
2400	1.870966642832475e-05
3889	0.0
274	0.004968866941154953
3925	0.002166998451001901
350	7.88292119842773e-05
3741	0.0008769742225573294
1797	3.6146638920303003e-06
2372	1.2177246622516034e-05
34	0.00585674455586528
67	0.00028204309096267586
590	2.1657338094990333e-06
569	0.0015167655152824211
3669	9.028332475036855e-06
3852	0.001570946037603462
23	0.0013059218134928077
48	0.002920240556298589
3450	0.0003762871933359442
2984	0.00010929499989728673
43	0.0006389758798057266
3926	0.001190701224617756
510	0.0003921340050595418
552	0.0024679834495401807
70	0.0004983867395669658
278	0.0015232461511989974
292	0.0007187937885285126
400	0.0032159913749233507
2050	1.409375449666908e-06
1123	0.00034103611885982716
1033	0.00017375197210561834
2095	9.132165876793438e-06
3927	0.0004650872095311092
3928	0.007137120548112052
3021	0.000271833328650038
3650	9.90302289798976e-07
542	1.4392911305003148e-05
1718	1.691152164064382e-06
909	2.2772044821076515e-06
928	0.0010298749365896082
3303	0.0001769332993655602
1206	0.0004138645183782378
1629	8.651037293507235e-06
576	1.0606157284714404e-05
2069	9.075862610399164e-05
279	8.541135012533676e-05
872	0.00019454634205272374
3673	0.00013018284396248435
272	0.003914890612229247
377	3.052804141920683e-05
2006	5.775644454908144e-06
509	0.0009754708019832469
169	0.0013273737872005686
277	2.98484618583907e-06
1126	1.7799778976092144e-05
1355	7.388274017352495e-05
268	0.0006004919984901601
38	0.0006685101383931908
290	0.0010355017857085313
3279	7.555199447054646e-07
704	0.0002219176168159572
857	8.459973977141715e-05
514	6.577109605818782e-06
1076	1.090004565477066e-06
1176	0.00013053620319216782
858	0.0016524700356327009
3530	1.5907375732487277e-05
3275	0.0
701	0.00010908345664260369
3208	2.6719355230676716e-06
42	0.00017115283443439662
1452	0.0
1933	2.449808350324876e-06
1964	0.0
3888	2.8863090780966256e-06
1279	2.1487715088252973e-06
3747	9.038522904304391e-05
681	0.0
151	0.0006088489962182149
1218	6.198906391832001e-07
3278	0.00010105981928737222
3457	0.0005309186071555824
687	0.0001156996174734788
705	4.456478854975245e-05
2004	1.5527906232780896e-07
587	0.0003098068024140175
479	0.0
1670	7.045458314033891e-07
985	0.00023939383784382076
2129	3.531600755995762e-05
3176	1.824201295550988e-05
532	0.00020130371694459804
1169	5.76028506293621e-07
3604	1.780303045063995e-05
1254	1.0040533556094587e-05
3929	0.00702052340974328
1801	9.434438812740555e-07
166	0.0
455	8.657782975801732e-05
167	7.59752557523677e-05
335	0.0007340215735947195
387	0.0003413138402744663
2143	1.6507048082335595e-05
2061	3.859429638237071e-05
3037	0.0
1270	0.0005383691044683554
1407	0.00037407609947249647
1938	0.0
1541	0.00012492583443581733
766	9.202540291188018e-05
2320	6.681383968606757e-05
588	9.612373682058483e-05
657	0.0007881376321355367
3930	0.0020178300754533805
1333	0.0014050329061302694
175	0.00011570889826371155
925	0.0
1522	0.0030603372413770965
316	0.00030198672653440454
485	0.00046461575381957933
368	0.0002625076931921973
338	0.005463658315732196
444	0.0011718177473742227
286	3.1843244719338726e-05
708	0.0006637750682964486
3931	0.0009497551563117982
2298	0.00016743674354711656
1445	0.00031525684410739046
123	0.000835384466498336
1889	5.5568586114919904e-05
3276	0.001826951446809851
75	0.00812603881935495
392	0.0012470238548299166
386	0.0009075204161651774
119	0.0005947664371398437
889	0.0007606618367607691
3932	0.0002181278207351841
791	2.52827086000191e-05
601	0.0007489618793749539
618	0.0002122001710782826
211	0.0008618050209610973
3933	0.001212991128911075
3934	0.0022097404379262963
3316	0.0
635	0.00021635102490229614
1557	6.212351969268148e-06
1916	7.288648612502568e-06
2277	1.7427430511962523e-05
117	0.0008551303449319324
1843	0.0
1737	6.266565194946086e-06
2438	8.972110039281378e-05
862	0.0007569391731469733
2345	0.0
246	2.3555043782766394e-05
1623	6.646170060267363e-06
457	1.2587744200488848e-05
20	0.00030059185189767855
1888	0.0
3935	0.0023683310363967532
1949	3.753805982605505e-05
751	0.0
1001	2.354908633272101e-06
496	1.969586311161353e-05
2005	0.0
667	7.820015441602842e-05
706	3.336466006061029e-05
3703	0.0003264088411499922
1154	0.0
554	0.00011092607945073053
3936	0.0006796718525360866
3937	0.000326637197713236
101	0.004635679601777837
1370	0.00023355977447058423
11	0.00023162181902756267
3403	2.021763481433082e-05
1062	8.926028726917265e-05
242	0.0
3938	0.0013751794987279852
3939	0.0007691862427385516
299	0.0009472802579220658
811	9.942645940878126e-06
309	4.0879869639660305e-05
921	4.4825224311627095e-06
833	8.751088906671438e-06
3538	0.0008805847633053317
1234	4.042086607463053e-05
3508	0.0
3223	1.2346885755506496e-05
3057	3.874453391680853e-05
3589	1.2270174262990373e-05
255	0.00022986824442009868
3940	0.001367518243815021
322	0.0032087159852613547
2278	5.262541651597227e-05
173	0.0004047762331684664
876	0.0009826700353380308
3849	0.0005726990203008658
577	5.504065178354552e-05
3362	0.00011581625439962915
1325	4.556270500792579e-05
1734	3.931457789936385e-05
3744	0.00010454766118296734
1128	5.774723119644878e-06
3422	6.301018356623684e-05
1343	5.5267018044814e-05
282	0.0025517419784848987
3941	0.0007342577600948683
3942	4.144339600593211e-06
1008	0.0
3122	0.0004306587978289418
3943	0.0007943414136358291
649	0.003963254305190497
814	0.0018835313405915748
1201	6.302779281426673e-05
174	1.737908816440127e-05
1593	2.0132690689679885e-05
3944	0.0007325972406965463
477	1.356165699667295e-05
3552	1.6196099900425337e-05
3945	1.409040516678249e-07
890	0.0
2900	0.0
3946	0.00188856371952254
3947	0.0003874446250004179
3794	0.00015541559684261814
547	7.253325907060036e-05
3793	3.0553201549391845e-06
325	0.0003142512655135852
629	0.00040274365881130526
231	0.0001176675557039531
2567	1.3779857096819967e-06
3663	5.1040962651564046e-05
2108	3.7135368949834123e-06
3856	0.0
1818	3.0491966663774755e-06
3948	0.0010972024341008235
2464	3.841954911016701e-06
1652	2.8073804758775926e-05
1625	0.00012781686996506082
3749	0.0
254	7.712380925391102e-05
1806	3.385712133838269e-05
3949	0.0001004812761112598
3950	0.0025829770916627956
1330	6.857282357483248e-06
1395	1.630296013411842e-05
285	0.0019653052232289944
1045	0.0005172740593948047
1021	0.00013118481085973643
3661	0.000191999580961182
1673	0.0005733578405619594
1500	0.0
3951	1.71367591181026e-05
2093	9.201404972412845e-06
540	2.6570808007399783e-06
3528	9.201404972412845e-06
3377	4.578042835490315e-05
584	5.3432092244965235e-06
1447	0.0002473770603432142
3808	8.118494747760268e-06
608	1.7465215574414585e-05
3952	0.000533631893840743
3953	0.002190764517295636
1512	0.0
2495	0.0
518	5.636162066712996e-07
1600	2.818081033356498e-07
642	0.0
2494	0.0
2682	1.1416047897998202e-05
3954	0.0012393227519973701
379	4.488463801479798e-05
416	9.770708626983262e-05
1578	0.00014919369997989148
1740	1.404210360280624e-05
1471	3.772883683447229e-05
2935	0.0004872587534099939
631	1.3439092074099365e-05
3955	0.0021737147813004594
3956	0.0012798588315853282
1170	5.824329064438955e-05
3246	6.872533340498568e-07
249	5.836721411958713e-05
2526	2.1648311061573648e-05
3728	0.0
126	0.0006260325387239086
3256	1.114914382137346e-05
471	3.3075434664772394e-05
2979	0.000708999559332434
237	0.00015181553214624717
3957	0.0019915361668042526
2425	0.0001546785987484186
50	5.048114301979375e-05
314	0.0007592692823762357
179	0.0010668403868659983
1679	1.738100906317006e-06
1248	6.777298193532739e-05
1586	0.00019370519256273788
3005	0.0014865800013178071
1359	0.001153622904229272
1677	0.00012115313761313083
3958	0.0006215465121943084
2328	8.288672775239859e-06
3170	0.0
3959	3.202537071944528e-05
3960	0.0004970396648757829
326	0.0005542835610948698
118	1.3765124386962049e-05
275	0.00012366725163979507
111	5.244065524964312e-05
394	0.00011848243606885341
2562	6.143194014996311e-06
961	6.7743043453035e-05
1834	2.0533874020586054e-05
1803	0.00014748940139938912
585	5.41366043275476e-05
658	5.922308267072344e-05
1548	3.059647348299729e-05
3961	0.0007289297477846746
4	0.003945724383020577
1379	0.003972416464761386
3284	0.0035458979828179547
749	0.004705227115208398
796	0.0036594431279338493
3962	0.007195485295443937
191	0.0013527874954657665
2057	4.786293812254011e-07
1107	0.0004857915090123648
2551	0.0
607	0.0001649255168757956
1371	0.00013038027601434374
3511	3.7029388812858054e-07
1160	5.2312663487053665e-05
2145	4.0972500999176293e-07
625	0.0005792425626124156
2202	2.3429288364751032e-05
1470	2.5210197811028812e-05
3114	1.1258993977507423e-05
223	0.00027103464399850103
3963	0.0005205535676719915
3964	2.8440362619850612e-05
1350	5.123593228413586e-06
214	6.452785901138269e-06
1372	2.4524524994931972e-05
644	0.0005819590195901124
1896	7.053333711148286e-05
3965	0.0016269993974356708
362	1.3834561695326508e-05
270	8.847040201566392e-06
3746	8.113111089352372e-07
896	8.733206581527602e-07
1199	4.594047569255362e-07
628	3.7101775332630254e-05
671	3.0838399071809195e-06
3966	0.0014975303994845274
612	4.373418327916945e-05
3447	0.00023710001959373678
472	3.981362664665483e-05
2738	6.2931026061098435e-06
881	0.0
566	0.0009834807836684712
2524	0.0
3967	0.0005853895696853735
3323	4.4573454094277745e-05
2514	4.191681253530514e-07
3968	0.0011313065519876083
2806	2.6029388777524963e-07
450	4.7139201664822717e-05
2398	1.0907597591552619e-05
406	0.0002278645853905753
724	4.993632470252459e-05
3752	2.6029388777524963e-07
2981	2.6029388777524963e-07
1919	5.9070873254456726e-06
2917	2.6029388777524963e-07
1188	6.071352187536344e-06
3753	2.6029388777524963e-07
3969	0.0013161557293387923
1532	3.81309078986877e-05
2046	0.0
1609	7.932709077160396e-05
3355	0.0003451921776736479
902	0.00023317702458705184
820	0.0013915880797810776
3267	5.7250584600792765e-05
1382	0.0
2079	0.00010680669662233118
3970	0.0010386201573824832
296	0.0
1489	0.00016281371839140194
1692	2.3519318067661232e-05
3971	0.0012984556745668915
3972	0.001728505846961689
592	0.003965201310341896
3683	0.0
109	0.0020816239522157606
3804	2.145844632212213e-05
3100	6.885126039593494e-05
1261	3.5962683569359664e-07
1049	0.0
2315	2.198199028730993e-06
2170	6.091686303383285e-06
3973	0.001111751790207096
3974	0.02154564057617323
3445	5.721388984865843e-06
3853	1.677971859077692e-05
3759	7.388780599736546e-07
200	3.993408090588788e-05
3407	5.60327542929216e-06
2171	5.8534837158868695e-05
1026	0.0
2689	4.95566808138743e-07
887	0.0004753518895850635
3486	1.3653359071385226e-05
2082	3.023938638676946e-05
226	9.563410185799526e-06
22	2.9219952768584386e-06
493	0.0
1642	5.060041729311245e-06
1328	1.5311955138109785e-05
3304	0.00013368367178741278
1161	2.9219952768584386e-06
3067	0.0002300054896398948
3877	0.0004078990247926949
753	0.0010089037380136446
3072	2.171287678279052e-05
3483	8.989820384479559e-07
3028	0.0002377859456553014
1426	0.00015579999227144535
682	7.793381042663987e-05
1618	2.9219952768584386e-06
603	0.00016560081646476856
1124	0.00045252147267303136
1017	1.217557798312869e-05
810	2.9909271679861755e-05
217	0.0012725417951302339
3395	5.039214857176565e-06
3239	4.00805615767489e-05
3151	0.0
3259	1.0053096417967872e-05
1601	1.5915738193060457e-05
3520	3.1966408839952146e-05
670	0.00011864007701154254
691	0.0002364473964156816
402	1.645199247597355e-05
181	9.675199598980026e-05
650	4.341600858860579e-05
1606	4.454247518533777e-06
3622	0.00018173648303377248
1207	3.321965328376745e-05
951	0.0016595560279550376
690	1.2017122885229856e-05
3207	1.3096068748713887e-05
3011	6.497579422946363e-06
197	4.300066333879781e-06
3038	3.121208380039805e-05
3131	0.0001660164091597013
1736	5.670438036473298e-05
248	0.00010694898868076866
3332	0.0005125837733529294
3396	1.0053096417967872e-05
3836	2.9219952768584386e-06
3043	2.937044009297157e-06
3410	5.82639464141897e-06
136	2.8147723856968587e-05
258	0.0003630342572665115
849	1.8842222898467587e-05
3766	7.890081663825547e-06
3460	0.00022375573028365014
1241	0.0
1063	0.0006250492324878123
178	3.993408090588788e-05
305	3.204516192335014e-05
772	7.967966973970343e-05
3444	1.1408478481758331e-06
447	1.2600058595678053e-05
156	6.369080957189296e-06
473	9.895880569066788e-05
80	0.0
1159	0.0003930222228906602
3165	3.0014659991605998e-05
730	0.0007167868407324194
3317	0.0003597072174105662
782	0.00016497437083455485
824	0.00012857187080986558
1428	1.7836223402435426e-06
1114	4.34521402634754e-06
82	2.3307793857028402e-05
1748	0.0
1417	2.9219952768584386e-06
3073	9.615357927185365e-06
953	4.921118691427783e-05
2137	5.2158145729684414e-05
3975	0.005152706994411832
3480	2.1802565892408297e-05
330	0.00019195292196356477
3186	0.00020509701924320884
1015	9.304769854936311e-06
1031	6.180155351582946e-05
33	0.00023592290867140782
3452	7.393454781068142e-05
874	6.170871911309271e-05
1879	2.9970217002214748e-06
95	0.0002620652469307657
481	0.0022229627305421842
737	5.261044705988835e-05
3331	0.00010805056279294476
460	0.0007061673714676799
759	0.00010747220486031978
108	0.0001270192915335516
3428	7.289726195584625e-05
110	0.0
3150	0.00023230132359864538
1237	0.0009398355162964767
3532	5.2016906846424056e-05
91	6.553345915773565e-07
3976	0.0005286233171430643
3977	0.00040027241611572013
3580	1.0789177597311248e-05
1434	3.5895994650610533e-06
3978	0.003302784639756132
3619	4.368286476627427e-05
1324	0.0
677	0.00038909905611140785
331	1.665861415692354e-05
3838	0.00019233594125374782
3979	0.0003741706277466663
321	4.667933731700686e-06
2718	1.5021117371903077e-05
3980	0.0033891530352713013
84	0.00011898833103060444
825	2.7156536294151993e-05
137	1.6228728417102065e-05
3076	1.2890755980872539e-05
1719	6.158439975038644e-05
2616	0.0
3670	0.00013390596985925755
762	0.00021519028576151079
2350	0.0
3290	0.000223303154379078
3178	0.0
2203	1.2272652469635036e-05
1805	0.0
26	1.639825235935612e-05
1080	1.7651465278003287e-05
2381	1.2890755980872539e-05
1821	0.00015736702887726278
1587	0.0
3981	0.0027618698423898416
2261	3.667416248687623e-06
1228	0.0003105134503683382
2162	6.4573584017304825e-06
1876	1.1366772625065374e-05
1180	1.3077962401502835e-05
726	0.00010900884988511535
3667	1.4338874866767234e-05
2914	0.0
2489	2.6391246276227322e-05
1967	6.607069649733302e-05
3798	2.2238885573564126e-05
678	6.689846180791101e-05
1189	4.102305122659053e-05
3982	0.008233447912114356
1149	1.6107315185261432e-05
3555	0.00028838912926620896
1224	0.00011963897492904182
785	4.5527876258419496e-05
3245	4.5527876258419496e-05
3885	0.00043823720820631147
713	0.000786735390846899
1474	2.851376068296817e-06
1700	0.0001707229047256337
3983	0.0007703987314028175
3984	2.20908927798243e-05
1545	0.00039325984670891795
2258	3.298786479111982e-06
2624	0.0
1204	6.714598345059565e-05
3985	0.0006721124520296901
154	1.8215654739266707e-05
3533	4.555092491071459e-07
1621	2.7515391849893428e-05
3986	0.002079390774741014
776	0.0
2470	2.727817091133958e-06
3745	6.029327373740384e-05
3987	0.0004093892600254003
520	5.00663104498716e-05
2376	5.387796188890444e-06
1380	9.73266081403337e-06
146	2.5163858611056622e-05
3988	0.004099316799759226
739	5.83279953350875e-05
819	0.0
3568	0.0
3393	2.0817592485344034e-06
16	0.00018374659338973268
3594	0.0
1776	3.765694049700859e-05
193	0.0
729	1.0153016263767196e-05
192	6.0332408248801224e-05
3989	0.00029619747736291173
1433	0.00025843357851280615
3990	0.0021929557335501064
3991	0.0006927970750250889
1808	0.00030167502922679796
141	0.0003527791167104457
3628	0.0
2602	1.402153150606964e-05
3375	0.0001548433005777308
610	0.0022518437850077965
418	0.00034396577268699555
2695	3.980081079680948e-05
1929	0.0
3992	0.002081770607392161
2585	0.0
1667	0.0
558	1.921048246027903e-06
1073	1.3253668003116706e-05
3993	0.0009028133456573767
2419	5.05405353659623e-06
2957	0.0
3693	5.1258054697921515e-06
3994	0.0005076688725370418
3995	0.0006388520207397913
1654	0.0
775	0.0003219964299773493
1955	0.0005207235646577462
3996	0.002709397400368201
1894	4.8115250251550184e-05
3536	4.668033656218435e-06
3596	3.878633559750848e-05
502	7.925754431025503e-05
2976	0.0
1186	2.651538016599091e-07
2742	2.651538016599091e-07
2678	2.983421350349659e-07
3206	9.220941700320172e-06
1432	2.580660464064746e-05
3997	0.004396194889210658
2282	0.0
463	2.4286406727052185e-05
1271	0.0
1977	7.494221220640534e-05
3704	7.67038391885048e-06
3101	0.0
3381	3.4936122424418204e-05
832	0.0
462	0.00021539501271584005
3998	0.001760784060338801
1174	8.116293896407805e-06
3173	9.710164883952463e-06
1800	2.122934012478311e-06
1175	7.018729860881865e-05
3328	2.683520217731793e-06
972	0.00015351659476186037
3999	0.0015448097954346733
4000	0.002073789965268207
3180	9.486019503785727e-05
3128	0.0001610700034746896
3271	0.0002675713236941068
1423	0.0001868836627982021
1774	3.241023231139014e-05
968	0.00015777104435477898
1985	0.0002242318875069136
487	0.00023050896382878424
663	1.9481681650399904e-06
3481	1.2637675211273176e-05
371	0.0004372049137804775
172	6.238614865906572e-05
1636	8.092493706962724e-05
1613	4.8825850721200016e-05
1764	2.666682701214357e-06
3029	0.00014797820071790768
1789	1.0392406957119494e-05
1885	3.324184611889138e-06
4001	0.0030259507780108367
4002	0.005130878457953592
3451	8.975016646582278e-07
1205	2.7884964229365665e-07
3531	5.8381173495701294e-05
1507	2.021160314418498e-05
3175	1.5187460498570954e-05
3449	0.00021661714494954496
3548	0.00013595813910291272
2972	6.614514328904724e-05
2959	5.646658393996741e-05
1755	2.4377805949434503e-05
3036	0.00012348592795597945
3890	7.961846624518498e-05
2132	2.548103641882896e-06
182	9.25878132541682e-06
838	2.055013030303692e-05
396	0.0005710567114158282
3143	1.408954045331767e-06
2621	3.3346844793987296e-05
1779	2.0047489621821192e-05
1377	3.161403919430833e-05
1381	1.0255515545682651e-05
3359	2.555405850245099e-05
3087	0.00010611726228531794
1632	0.00010439289134722922
3662	9.113589018339263e-07
907	3.986935755358806e-06
3801	8.653767716662003e-05
4003	1.2963172753439888e-06
4004	8.548179134514711e-07
3138	5.401321980599953e-07
3139	0.0
4005	0.00023199889797261589
4006	0.0005704119080010414
3184	2.3663614541766535e-05
1449	0.00038350236648486554
474	8.426448205819086e-05
4007	0.0020287496673338837
2180	7.711854249707292e-06
3870	7.052299000973404e-07
3869	6.343415400219017e-06
905	0.00016861021174725897
4008	0.0016737063212213272
689	2.6677236306958334e-05
1383	0.00014332714425784106
3828	1.6702766901611593e-06
886	1.547877563852375e-05
1424	0.0001666658369396113
3033	3.3283976948844914e-06
4009	0.001655222802056386
3258	5.914403237574433e-05
1867	0.00011115863713191809
3597	0.00018822702239948777
1930	6.729653032824372e-06
3251	8.167795264192211e-07
1444	0.0005011246441811722
3013	0.0
32	7.758042368184557e-06
3130	8.685237175452206e-06
4010	0.0010883096050235284
855	3.072277330956706e-05
3140	0.0
735	5.534233483238324e-06
4011	0.0009545798868177505
2221	1.631505997297783e-05
2192	0.00033624996444783973
4012	0.0009851344426640826
959	1.0099972611043852e-05
1004	4.821368395580658e-06
2002	1.5356297159278918e-06
801	6.176072834740372e-05
1100	8.624445163375667e-05
4013	0.0007314862984431452
4014	0.0008003906079151906
1649	0.00023747261886951127
1882	0.0
1567	0.00019934193002185465
2736	5.139965581102178e-06
882	0.00021094006150460315
4015	0.0006031517351148473
1732	1.129009307900658e-05
3023	0.00017009093866016445
4016	0.00044553115046154333
4017	0.0005950105838630026
3402	7.721547192527059e-05
294	0.00026078081257817256
2195	3.788977152912428e-05
1233	3.168514305950131e-06
1943	5.711409939774613e-05
3360	4.864591549222511e-05
4018	0.006987399804136387
3153	0.0002169378221188241
3002	0.0
3001	3.813521409770816e-05
1590	3.5132196247784525e-05
1650	4.199355393267453e-05
238	0.00019254003608276966
3900	0.00015228673003003882
3084	0.00030199008127529387
758	0.00014145536092651588
65	0.00018556797245874535
1203	2.1383549168336287e-06
2943	0.00023494146909717046
3312	7.0918288958309e-06
2479	0.0
908	0.0006403047627301953
3192	4.42907062938584e-05
1897	0.0
1093	0.0
2138	0.0002372390533485437
3549	9.110557214006788e-05
684	2.616194049832975e-06
1553	0.0
3412	0.0008078470231906437
351	3.611358662049672e-05
4019	0.0010488803128639724
503	8.489804691780489e-06
904	0.00024177872273900265
1544	1.8219965520439238e-05
2633	0.0
946	4.90075565807823e-05
4020	0.0013469278937751298
4021	5.5725260172932487e-05
138	0.0006885374586570884
3199	2.696372947645032e-06
3125	8.982830706626842e-06
1117	3.6304148035254855e-05
3740	1.996121231993886e-05
35	5.139198783417693e-05
4022	0.002301217857459511
3719	1.2107627829907687e-06
4023	6.26575378414391e-05
859	4.164367051421252e-05
244	8.744619922262635e-06
4024	0.003745901313714019
999	5.9801544775657466e-05
621	6.936110117222594e-06
2932	0.00011208859316535067
1783	0.0003791204729411201
24	0.0002534325649258903
381	3.6623606019151045e-05
3177	0.0
3086	0.00010994421461519553
2033	0.00020569921195773183
2107	1.4118993059586041e-05
3415	8.837585437927873e-05
821	0.0001647929141420973
561	9.630356557086822e-05
582	9.10669053279288e-05
283	0.00023306552670117954
680	3.268495856590928e-06
281	2.4216070876687985e-05
989	0.00012909190972987272
4025	0.0012413974073465814
4026	0.0029195441983650783
3383	7.005246051725721e-05
2385	0.0
1290	1.6618311375741484e-05
1182	1.9848784707783816e-05
2379	1.00597105759085e-05
3324	1.7208927536759843e-05
1643	0.0
3697	3.191978083351833e-05
685	3.5928759163412586e-05
1055	6.036261697285081e-05
3004	3.4164434117045236e-05
2484	3.558935718285466e-05
991	0.0
3047	1.843186463185191e-05
3078	5.055221723199449e-05
3696	4.798953807436593e-05
3712	8.692916317252416e-07
1742	1.985008556514029e-05
4027	0.00021851705592971672
1323	3.7324949263306925e-06
3424	2.8058119649753767e-05
1526	7.02553329836715e-05
4028	0.01268044593208413
3154	0.00035266747930284115
30	7.570972623149751e-05
1932	0.0
1760	1.7427831458902353e-05
1236	0.000138725541535979
1820	5.6174883119256435e-05
562	0.0003504315055976145
1931	0.0
475	3.881328974054967e-06
407	0.0
2404	1.0524201690033908e-05
2660	3.0528969929366365e-06
1302	5.5692462952513694e-05
1120	4.473452388106383e-05
186	4.846090585885783e-06
3899	0.0
6	0.0014929924798199338
2078	2.0504599716175258e-05
4029	0.002407117390465854
4030	0.0010729091303489859
435	0.0004322756100453238
2114	0.0
3605	0.00040649389519405545
3777	4.3171854495421785e-05
3516	5.361855256280364e-05
27	0.0004997239662958937
3341	1.442184968387599e-06
3200	3.1563620844675733e-06
1502	7.352956174824373e-05
2913	3.0452267961926007e-05
4031	0.0016728842835673316
4032	0.0006220595624158756
1529	5.7337155129509915e-05
3408	0.0
417	6.293763541043064e-06
114	1.2520656687374482e-05
208	2.3432056322479e-05
4033	0.0002094521410036022
4034	0.0009598216961799091
4035	0.0005853896107437957
1895	0.0
792	8.597639601190872e-05
3025	4.9320610862449087e-05
4036	0.0009670688078111775
3707	1.7960589646421605e-05
4037	0.007264659057518841
348	5.573153429701643e-05
1425	0.00023473465910214713
2369	3.943019988024322e-05
1399	0.0001657734851041822
3857	8.123391976408485e-06
1579	4.391573482068029e-05
3425	0.00010730108925756749
3390	5.6245254635793836e-05
3357	1.473053453825242e-05
717	6.638293257471098e-05
79	0.0003856063917752551
85	0.00019405631591639107
3161	6.621726114605958e-05
1868	0.00023444054299192753
2891	6.450576247499263e-07
2701	7.438685515214868e-05
1844	0.00010860499789920902
4038	0.0012778705768402134
4039	0.011949709704526117
3859	6.347026495674288e-05
3770	9.366622415418119e-05
476	2.6898012893040347e-05
3248	2.248503045444926e-05
841	0.0
3000	0.0
1202	0.0001297891906900377
145	2.8377178958581243e-05
303	0.0001475780397429251
3019	2.664970721126678e-05
1708	0.00023322978562649268
1913	3.0768992747729625e-05
1018	2.2624871317205377e-05
17	0.0
1422	3.7800501457816274e-05
2209	0.0001251728013081122
740	0.0
971	0.00015261299488996395
1767	0.0
253	0.00016148732512194486
266	0.00032503527505588464
2173	1.2680693271583811e-05
1135	3.739129755904519e-05
337	3.739129755904519e-05
220	1.4781875480290298e-06
3240	0.00012652809790445496
1070	5.5826256110319005e-05
3505	0.0
1822	9.747768357016721e-05
2072	4.797301267266425e-05
3064	0.0
2987	3.0085281771436208e-05
3136	3.739129755904519e-05
3264	0.00010098538034228236
365	0.0
107	0.0001574582480489344
2302	7.843419366789494e-05
982	3.458321912495616e-05
3282	1.3276833868652916e-05
3190	0.0
3352	0.00021202702254189955
1619	0.0
1974	1.3276833868652916e-05
2	0.0014186385339337566
3822	1.5906737585400065e-05
218	2.437050733484447e-05
895	0.00023014107671359287
4040	0.00026504158631000905
3494	2.818081033356498e-08
513	0.0013736952457395425
4041	0.0007061091171413437
1850	0.00024262719020925688
1604	5.6595723520377124e-05
1030	0.0005926119277093332
3837	5.39958096274788e-05
4042	0.00044197919692333116
4043	0.001254656065948389
2992	0.0
781	1.3613194601935814e-05
3873	0.0006120695546556081
4044	0.0012473655003360786
1068	1.2454028200306762e-06
1799	6.0139110102712315e-05
2327	2.930742722027512e-06
4045	0.0024477121664728315
3291	0.0
2927	8.980532600663816e-05
2918	1.4655047903042223e-05
1796	0.0
1309	6.697781897297904e-06
295	0.00010314290819754775
1878	6.362635080326331e-05
3687	7.2047612838448005e-06
2241	0.00014076112784151848
3404	9.837081524703871e-05
83	3.3553202042958e-05
1510	0.0001407466064376591
3496	8.392641376211308e-05
1367	9.828542840272327e-05
131	1.9926605521720068e-05
1475	1.6774511878022807e-05
538	0.0002049681236240467
4046	0.0014988238508332721
1534	1.080287369514055e-05
4047	0.0038718113580018614
4048	0.004061840970759917
1027	5.563545339222336e-05
1486	9.651712499486502e-06
1346	1.7362487939181553e-05
3600	0.0
332	7.877301690551805e-05
1482	2.6231318533344e-06
3575	0.0
694	3.63706126536088e-05
2039	2.093606427479769e-05
784	0.0001550047581716595
1269	0.0
1235	1.65267306424008e-05
3212	0.00011264556602692515
4049	0.0009887302889660466
4050	0.0004968678661905487
3392	1.5835207755086406e-05
3	3.429467803604026e-05
28	0.0006314702294557488
3446	0.0002666024901336893
950	8.807211164435468e-05
4051	0.0013161553054246691
4052	0.0010714907238812822
869	7.609885248061954e-05
29	9.406908214394487e-05
1374	1.3530109361861048e-05
1550	2.0375307170669255e-05
2386	1.409332327338394e-05
1696	2.08318578174384e-05
2702	3.753954813020147e-06
4053	0.001573820691977646
2540	0.0
4054	0.0018180734174217048
1944	3.905818061863814e-05
883	0.00012236616641391883
3255	1.7509395499285714e-05
4055	0.00128983910949019
1892	1.2353758497008215e-05
2019	1.5001715860235599e-05
1178	0.0005677856983410557
605	0.0001194332728919403
1617	2.98754126352461e-05
2349	4.263096382129152e-06
4056	0.0009182759594225676
373	4.1535836663719955e-05
2214	1.989587720642728e-05
3174	0.0004440649471370828
323	1.1574262738804203e-05
4057	0.0029642955935418242
3110	0.0
1543	2.4441616068608215e-06
2288	0.0
1327	0.00024140729625806218
2186	2.9592889397128506e-05
2291	0.00019362830856032098
1841	1.1527839945354723e-05
789	2.2378828572410185e-05
4058	0.0003828321536786084
2973	4.630436760343257e-06
1037	1.2740550058813788e-05
121	0.00012736443739750006
4059	0.002273343843751783
310	5.479504667576651e-06
81	1.4017163359709423e-05
1164	1.4979681568553647e-05
3166	0.00010687783208651213
4060	3.29138741688339e-08
4061	0.0016526695914662224
4062	0.0002410057569757023
976	0.0004384676484577455
1472	6.977984755966527e-05
4063	0.0019723782961998167
2259	2.2868399214583996e-05
1347	2.1659111159141618e-05
329	0.0
2029	6.370172787234209e-05
983	8.968084256496937e-05
2699	7.975137718887201e-07
3414	4.153942834445248e-05
4064	0.0007517327724044123
64	4.635520209263681e-06
3641	8.013454822729752e-06
4065	0.0012045162002515721
1273	0.0005121059368297059
1213	1.554122925100674e-05
2242	0.0
1496	5.192760975857998e-06
4066	0.0007960543001200208
2256	2.456449016865815e-06
222	1.586878201120932e-05
3228	3.753280867473295e-07
4067	5.6817143911884215e-05
4068	0.0030648494047693505
4069	0.002849887400901867
2363	2.907123703589724e-06
443	0.0004030780138974606
622	0.0
632	3.92611132406792e-06
2808	0.0
2134	0.0
1716	4.0709331353289875e-06
2465	1.4356115072681379e-05
2725	0.0
3051	1.2212058901670892e-05
1571	0.00010417389325646217
4070	0.0005289749051155916
2605	0.0
4071	0.0009666795368105151
3699	0.00022764914831078915
142	0.000598766843976633
1283	3.0265263103675164e-05
3378	6.925871448702592e-06
4072	0.000716184829819067
2912	1.2476742843797522e-05
467	0.00012178554635187559
4073	0.0009419336896058817
2164	0.0
1494	9.313170672963703e-07
4074	0.00290178641675169
2590	1.3234689915569262e-05
2223	2.2595305584745936e-06
1039	7.450233610368544e-05
2656	0.0
998	9.196127603423233e-06
2834	0.00011114265430280322
1247	3.5808735731462915e-05
3498	1.2293631170349366e-05
1672	3.724294837762318e-06
4075	0.0010405414488093056
4076	0.0017276272475875015
3044	3.425702943220709e-06
1723	0.0
3876	9.998661018874374e-05
511	7.524632723189926e-05
546	0.0
264	5.33008392818827e-06
4077	0.002801259125920447
341	6.049593940123558e-05
1320	4.774303367779342e-05
1345	0.0001617371524031996
661	6.456225620049983e-05
4078	0.001202964585111355
3692	3.7838177975322725e-05
3042	0.0002575816483437982
4079	0.0049595854123795895
4080	0.0022456754006423764
1518	2.8410103672745794e-05
2473	1.6791946654406227e-05
2788	5.669871522135012e-05
245	0.0
2101	1.678933191559327e-05
1244	0.0
3112	7.222156173025559e-06
1770	0.0
2304	0.00038529014495823166
1284	0.0
2160	0.0
2410	0.0
2805	0.0
2510	7.739897602546885e-05
3616	0.0
3113	0.0001686118551767906
4081	0.0013658125695227106
1060	7.956494755747796e-06
185	2.4075319262462525e-05
662	0.0001417269096649709
1398	2.45631770056909e-06
3009	0.0
4082	0.0005546647809403731
3767	0.0004899071350031215
212	9.912143502157416e-05
4083	0.0002344627038654657
3305	4.747022953259496e-06
3611	0.00020671009527843795
4084	0.002118345087826175
4085	0.0005856705222447591
2426	2.132768447621749e-06
2538	1.7308384763217115e-07
397	2.7170717376857673e-06
3172	0.0
4086	0.003585468235128263
132	0.00011803819043577778
378	0.0
3075	0.0
1816	1.2046300636756822e-05
4087	0.0010281304408631827
648	0.00010694511518740853
1595	8.996599631987191e-05
955	1.624463571817504e-05
3805	0.0
697	7.439463379205956e-05
2174	2.8707548217228295e-05
3714	1.7646623750263214e-06
3570	4.7586814074873974e-05
4088	0.003348962892529505
3365	0.0002687794404937415
3842	2.8597652706322534e-05
709	1.0524355385593761e-06
774	0.0006964735405133745
4089	0.0006318709771115197
4090	0.006170348974720451
1853	2.2947926418758295e-05
3906	0.00019256568246027952
1300	9.253165834360212e-06
1493	0.0
3787	0.0
1910	3.834900223616934e-05
469	9.9320385588998e-06
1069	5.123786077404138e-05
3226	3.710452878362978e-05
2601	6.194779080273237e-06
4091	0.0007533546076571136
4092	0.0033746943498811368
2296	9.455286538167503e-06
168	7.371595922588052e-06
4093	0.0014168636234947558
3234	0.00015315166399391681
2986	2.359930739367744e-06
4094	0.0016641828699846394
3308	1.0742157301396645e-05
2775	0.0
2024	1.9660567545709896e-05
4095	0.0009250372397893097
451	1.921862262095934e-05
541	0.0
2447	1.3247081965586454e-05
1455	1.8013406874243527e-05
1854	2.074293816387623e-05
4096	0.0010748467199490558
1648	0.0
2406	0.0
4097	0.00032299730354410744
2893	4.0993727246935665e-06
4098	0.0007922726151620239
1296	1.0381926787832887e-07
4099	0.0007382245973777769
2468	1.2361326056453708e-05
1584	1.5971116578017727e-05
3757	0.0
3758	0.0
4100	0.002451581214897156
4101	0.00040277366776189123
3188	1.33656847400155e-06
940	0.0
1937	0.0
4102	0.000989327249949608
1729	9.453487214311185e-07
2535	4.768201057087493e-06
4103	0.0006592785207107084
4104	0.0005736145495023742
2746	4.469800954972853e-06
579	2.2778691745394216e-05
1524	0.00016355013887523674
1412	0.0
4105	0.00048559147657421906
3065	2.3511671554536626e-05
1435	8.113774210355585e-06
4106	0.0013401913803986318
1043	0.0008073486484275879
1498	0.00038452777278940464
613	0.0003974092153244983
74	3.3641654787089565e-05
1827	1.4940696303258181e-05
499	0.00019056158075170165
1307	0.00011832682171379302
412	0.0
3792	0.00044682144934553156
1090	8.113774210355585e-06
4107	0.0012175528860578354
1631	0.0
957	2.8913036015683134e-06
4108	0.013143957627991002
3833	0.0
441	0.0
2971	1.903035560460848e-05
440	3.3232257544751557e-06
284	0.00017603215919496525
1859	8.597561780301861e-06
3542	2.5391670956621332e-05
3827	4.154949006730983e-05
2611	8.103896511190563e-05
802	1.4617659419852978e-05
3832	4.501732961550315e-06
354	0.0
3762	6.577142561601996e-06
2983	8.35479355763096e-05
3742	1.2772673676753418e-05
1122	4.501732961550315e-06
72	0.00012612324469358594
673	0.0
911	1.2395043012276437e-06
3880	0.0
2942	0.0
1573	0.0
4109	0.0013189273075888172
4110	0.00023639298097930274
1506	4.481248744055336e-06
2606	0.000235778198032115
676	0.00012594159803507566
723	1.9484049987905876e-05
3490	2.5636702046400475e-05
4111	0.0013514722647611985
1226	0.0
669	0.0
710	4.122575704841491e-05
4112	0.0009047110224047442
2566	2.864997340360366e-06
4113	0.001019356021930249
59	0.0
783	2.24026278392025e-06
2243	3.4730471519397166e-06
1459	1.3121078433300956e-06
4114	0.0009573863418599335
4115	0.0006635739449216534
3442	3.1526736396896645e-06
4116	0.001012594337249122
4117	0.0012229509970085107
4118	0.0037782730289919217
1978	0.00016453767765863691
2466	3.214963387070712e-06
990	2.6397849928646294e-05
452	8.944591746986094e-05
2037	3.699491804608307e-06
3677	8.656802653151557e-05
3221	0.00014862946205152178
1436	3.584927805960227e-06
2378	4.1726183131933724e-05
4119	0.0008247408667263269
1671	3.317776432325865e-06
594	6.986495206785795e-05
4120	0.0013638485677254521
2439	8.152644568033922e-06
2636	0.0
3453	4.287616719713353e-06
556	2.5001766077679893e-05
3454	1.28121256703207e-06
4121	0.014777951525622762
3230	0.0
1994	0.0
933	5.035222765337942e-05
3265	0.0
1249	7.19613984229309e-05
3660	0.0
564	0.001393159895429374
3185	0.0005860282547807342
2498	0.0
1657	3.7889646485338505e-05
3545	1.3332956952203455e-05
89	0.0
445	4.9104854912736384e-05
1451	0.0
1911	0.0
317	4.45565343765787e-05
2201	4.4759088608102046e-05
257	8.711089264221721e-06
3500	0.00042489161697070954
3016	0.00012315785351078962
2089	0.0002428344258639879
3106	5.406181858440491e-05
3755	0.0
1585	0.0
1198	9.444479029889365e-05
2982	5.849406653575457e-05
2237	2.9671343220094572e-05
2311	0.0
779	0.00013293171024480078
1688	0.0005531901030516925
530	4.4759088608102046e-05
448	2.8426921910884034e-05
1695	0.00018979941371617483
931	0.0
73	9.35142358973586e-05
1499	5.8614446689004583e-05
3544	1.2983376011378115e-06
2796	0.0
4122	0.0016154509926595297
1798	1.2971228868904127e-06
3388	3.4382455611176228e-06
1698	9.04957849005396e-06
4123	0.0015393728714551012
1048	3.350787002803977e-05
267	0.0
4124	0.0016568941364807068
4125	0.000582847136541776
734	0.0005567345466769058
1934	0.00016570407207923938
1533	2.507235542862655e-06
505	0.00042158539744968746
454	6.842815446990348e-06
3884	8.291876893064364e-05
3831	0.0
4126	0.008258592941295155
1902	9.346813859575611e-05
194	1.2853887123203143e-05
604	6.921201027266942e-06
1535	5.713202045673384e-05
2451	2.8013030106691568e-06
2750	2.6965635096246596e-05
1641	5.412723401392755e-06
3779	0.0
3698	2.1435324785805903e-05
606	0.0002687369917557825
19	0.000584041826065666
1258	6.505401750978e-05
3515	7.857519616978202e-05
7	3.971114552004445e-05
4127	0.00022859603255201942
3261	3.1367138988467528e-06
4128	0.001561030935543762
2367	7.926291891337008e-06
3573	2.3322974307366897e-08
76	2.5764013829736633e-06
2969	3.5830944325590356e-06
2970	0.00022540986115328457
3458	9.8017455945686e-06
263	0.0003023376323943859
3007	2.3322974307366897e-08
1050	1.7230413279610644e-05
2916	1.0359704732468343e-06
975	2.3322974307366897e-08
3015	2.666523745473883e-06
3014	2.3322974307366897e-08
1143	5.744119895687999e-05
2441	2.3322974307366897e-08
442	5.952315871676247e-06
4129	0.0016097317266688348
2357	3.075734016245754e-06
885	0.0
3633	5.763372155274311e-05
732	4.015888991717924e-05
4130	0.0026078900560163143
2031	1.8264277427115402e-05
2428	0.0
3680	1.5276738600484268e-05
2205	3.684673039968696e-05
3262	8.328479567401609e-07
150	4.6168918375212265e-05
4131	0.0006024666207348626
2475	0.0
3026	5.720635649993135e-05
4132	0.0033419725960094396
4133	0.0030826937704799143
3466	0.0
429	0.0
2390	3.3646003021990764e-06
116	0.0
2312	2.562101391036947e-06
1891	0.0
2574	0.0
2010	0.0
2207	1.2113485941326006e-05
535	0.00016050949835934858
2463	0.0
4134	0.0006868388975623678
1987	3.173738177158369e-05
4135	0.001177211702964935
1519	4.6454772851486577e-05
2434	0.0
3322	0.00014591073171377094
4136	0.0009028372380633837
495	2.1079472698737753e-05
3529	1.7796832104540918e-05
1963	0.0
4137	0.001698979091884041
1102	1.2157694227518522e-06
482	1.6857097834134584e-05
2161	8.673646980776106e-06
3063	2.9753521690403816e-05
1539	6.856105533853208e-07
2106	0.0
4138	0.00524549953347185
1280	2.72023494741246e-05
2329	6.900006986359294e-07
1582	3.865799929201796e-05
812	0.0
4139	0.00754373394195407
4140	0.0005947928308878969
4141	0.0008551897030443916
4142	2.0404465008664383e-05
4143	0.0006611211642883518
1256	0.0002276782755927552
4144	0.00065263384543193
831	5.368045674065866e-06
4145	0.0006442890838967801
3679	4.452371048854732e-06
3103	6.741490351265792e-07
3091	6.741490351265792e-07
3102	6.741490351265792e-07
2547	6.741490351265792e-07
1884	3.724155217063152e-05
746	8.03032561331205e-05
2097	6.741490351265792e-07
615	9.970461062863135e-06
4146	9.467972628463281e-05
161	9.417384728877455e-06
4147	0.0016570292321998108
4148	0.001603772654238662
1689	0.0002880384002616254
1139	8.253000613636165e-05
2094	0.0
803	3.4071278294604666e-05
2909	3.9571190464737706e-06
2402	0.0
2126	0.0
4149	0.001327599882405728
306	2.521210899388333e-05
31	0.0
4150	0.002310306540551671
1294	2.3030565987313146e-06
1862	3.203856023803783e-07
1562	1.1433755712307191e-05
1415	2.4448958822582753e-05
4151	0.0027911171548783064
4152	0.0029059278900669043
380	4.250553110651526e-05
3475	3.215986829936899e-05
344	0.00021089020231980304
3860	6.230365404936487e-05
3348	0.0003568020428367301
1225	0.0
1232	9.590861040138305e-05
2763	0.0
755	0.0
2017	0.0
328	8.17650748099901e-05
1246	1.7420134939995663e-05
522	9.76675425755212e-05
4153	0.000714740654263841
199	2.292934940489667e-05
4154	0.004128592802703778
438	2.3088174761626436e-06
1195	2.5952109894580914e-05
2576	0.0
3867	0.00037414249236625226
3891	8.190479019243759e-05
2333	0.0
1431	4.7357728889975484e-05
2649	2.3088174761626436e-06
3069	9.065626440804117e-06
102	2.041188109719051e-05
2685	2.3088174761626436e-06
1416	2.3088174761626436e-06
695	0.00035778051953811515
1871	9.138990134645433e-05
302	6.379753053970536e-05
2537	2.4697341778568718e-05
2954	0.0
3286	1.4185369242547132e-05
4155	0.0001625647163687367
4156	0.0035855832567155475
1697	0.00012672475351425277
375	1.0327505426009538e-05
1042	0.00021818960498359464
2686	1.6378926329467378e-06
1211	1.0068802754527056e-06
4157	0.0009259182756375354
4158	0.0011171377252914099
2940	5.636162066712996e-09
2181	5.636162066712996e-09
423	1.4569169808117185e-05
3796	0.0
4159	0.0018388643758385848
2165	2.5766414525187294e-06
2901	0.0
4160	0.0037491896413598996
2985	0.0
1842	5.453663065838042e-06
187	8.855184944836497e-06
4161	0.0008307613699989067
2676	0.0
1694	3.1635275871981995e-05
1125	0.0001951348746656942
4162	0.0012304722270995842
958	0.00021008364084697476
68	0.0
1635	3.4296962293714216e-06
828	3.299468288094935e-05
4163	0.001619121152580159
2233	0.0
1002	1.0036713923481263e-05
765	1.2240128405669047e-05
1566	9.69660635910908e-06
1961	5.3794628984719555e-06
924	2.599838136905309e-05
1485	0.00022063023755528684
2894	0.0
4164	0.001134294059968591
2759	7.321295563584127e-07
1429	6.935205309721694e-07
4165	0.0024577401240127423
336	1.5508694231306493e-05
3227	2.5346684977973587e-05
339	8.884214752461503e-05
4166	0.006473819440855154
133	0.00012661068884864355
225	1.4770494552153437e-05
3587	9.810956688131631e-05
1724	0.0002081802093437698
2803	0.0
3624	1.7292398351512983e-05
871	0.0
1360	0.00012518427488440644
624	0.0
912	6.975546562213949e-06
3411	4.737188538434628e-06
914	1.7292398351512983e-05
3115	1.7292398351512983e-05
3340	7.540136799464877e-05
4167	0.0017794853205358578
3120	0.0
1362	0.0
4168	0.0020821614156403675
196	0.00012344801553636743
2176	0.0
4169	0.0011359420290251285
575	3.70396301286261e-05
4170	0.0017591197313944955
2062	2.359923970457305e-06
3731	0.0
3893	5.157287849549233e-05
3242	0.0
818	2.316087307166818e-05
4171	0.00223962021140353
2239	0.0
1344	6.8799503519305514e-06
2640	0.0
4172	0.0010624666507653136
360	3.1574674404797496e-05
4173	0.0006923218836206045
4174	0.0025872925788090846
3739	0.0
2517	0.0001758103322435869
1773	2.0315820127769954e-05
1766	5.668463306001063e-05
1785	1.0462173749814943e-05
3512	0.0
3513	0.0
431	6.470530627521575e-06
57	4.980586803067883e-06
4175	0.0021298725624457893
1092	4.3770719619911385e-07
4176	8.785125321676235e-05
2937	6.442000989111821e-06
4177	0.002247684066548888
1547	1.7973864320412626e-06
1413	7.249393655307041e-06
1956	0.0
4178	0.001347318287141671
1282	0.0
2472	5.254851392307233e-06
4179	0.0035407965467828735
1527	0.0
87	4.1174064587846995e-05
333	9.840913474563406e-07
4180	0.0008907381269246462
3385	3.0154274711540746e-05
2988	0.0
4181	0.0008286130960894107
198	0.0
4182	0.0031779416642629317
4183	0.0077716061674233
531	0.0
2719	0.0
361	0.0
2076	1.028498603297857e-05
1387	8.910861360989365e-06
3835	1.5636803487511318e-05
974	0.0
1231	0.0
1150	0.0
3070	0.0
176	0.00011731332584346871
2688	9.588354078180806e-05
967	0.0
3517	0.0
2305	3.461633797486886e-05
1272	0.0
2212	0.0
4184	0.0035121858822112716
1255	0.0
2669	0.0
867	2.2312287516935715e-05
1596	0.0
4185	0.0013127404049598941
459	4.192456553937203e-05
4186	0.005775671513680209
3499	1.1476069689797026e-06
2158	3.544293906930333e-05
1851	1.1231825896118511e-05
3105	0.0006655735983183637
4187	0.001101806440042582
4188	0.00028500872767825577
2388	7.190321543164665e-07
1476	0.0
2307	1.3583864457387985e-05
4189	0.003308948798821062
236	2.197866945683026e-06
2156	0.0002156730445302111
4190	0.0013060495995867389
901	1.083775190944073e-06
155	4.971575286214681e-07
4191	0.00039422237222512166
1969	1.6640208385504185e-05
4192	0.003018149027192724
4193	0.0
2188	0.0
3897	0.00048599253215936966
4194	0.0006632111174880077
609	1.2266151481157092e-05
1607	2.153211605420022e-06
1714	1.950034330802528e-06
4195	0.003359259077629352
3345	5.185194652670122e-05
206	0.0
2308	0.0
639	0.0
1097	0.0
2924	0.0
2756	0.0
4196	0.006320481017388238
1086	3.844912942000779e-07
929	6.458779879130804e-06
3344	3.73677747792736e-07
1528	1.2834317602251591e-05
947	5.986139032796169e-06
2584	2.8623695774923292e-05
3201	2.509080492228364e-06
1091	1.8549656184839236e-07
3571	4.971260005379417e-05
728	2.0791507846742868e-07
2892	1.8549656184839236e-07
4197	0.0008008258356173135
2189	1.3982155814310374e-06
3887	0.0
4198	0.002286045251978792
2303	0.00033714931577879723
1918	0.0
3152	0.0
4199	0.001840354021900655
3462	2.4585260495571897e-05
2521	9.785466861674268e-06
4200	0.00046372431902910705
2643	1.2732524629721415e-05
4201	0.0017774789453649466
4202	0.0009287737962556049
340	4.863790945075876e-05
233	0.0
307	3.136251834862622e-06
508	0.001837513990510393
2876	0.0
1108	7.604444651092553e-05
3497	2.3415672060203585e-05
2111	2.3435031325600295e-05
4203	0.0031560178659037854
3433	5.596576785072737e-06
1626	0.0
3795	0.0
935	0.00018074883687694686
1010	0.0
2131	9.771669642681815e-05
2978	8.226086040702162e-06
4204	0.001234807024570885
4205	0.0010405035694345248
4206	0.00018383014959942443
4207	0.004743142056300005
1640	0.00022678927258348
291	0.0
1197	1.9649310359707353e-05
2416	0.0
1277	0.00015035253941456607
1907	1.414818672211343e-05
2684	0.0
2955	0.0
1281	0.0
1739	1.2792554324661533e-05
1479	1.414818672211343e-05
439	0.0
4208	0.0028902076714863415
1645	0.0
1342	0.0
2623	0.0
637	5.226173719551924e-05
1295	0.0
4209	0.002766179600000342
4210	0.0006451719168056486
665	0.0
376	6.440868776412508e-06
2667	0.0
1887	1.1169205252730362e-05
1336	8.999576618054304e-07
4211	0.0039008983256506855
1465	4.092070055650858e-06
4212	0.004399121956214212
3875	1.159383787070711e-05
1948	1.4953516426546064e-05
2679	0.0
3623	8.684715188936733e-06
4213	0.001563562316143027
3551	2.676698777901939e-06
3376	0.0
1394	0.0
4214	0.0020067313333045167
3591	0.0
1116	2.5419194717463136e-05
3711	8.727626630228185e-06
3592	0.0
1525	1.6217366192305018e-06
4215	8.817016244331006e-05
4216	0.002224081765768089
3191	0.0
2346	0.0
516	9.5556073685643e-07
2722	0.0
1580	9.5556073685643e-07
563	0.0008124287407750678
515	4.9653859289076004e-05
2904	1.0684391882578996e-05
4217	0.0005825666570509909
4218	0.0008561669139211202
3681	7.364352475552651e-05
4219	0.0024197584771438684
1458	9.219449251655795e-06
4220	0.00011640126007158602
4221	0.004746260424903632
4222	0.000338322001727514
2316	3.26153341371719e-07
3629	0.0
276	9.842174652084616e-07
1757	0.0
927	9.842174652084616e-07
2950	0.0
4223	0.0010688529090917128
3525	0.0
4224	0.00563595530841259
3398	4.678602370881222e-05
1676	1.7591741090470798e-05
2826	0.0
891	2.0154112032390435e-05
1339	5.850030436234285e-05
2990	6.280694259917465e-06
2815	0.0
86	4.078197243194599e-05
937	0.0
1266	0.0
1230	0.00010189612951176796
4225	0.001427235079748486
3514	8.568822879155072e-07
952	1.084530784529561e-06
2222	0.0
4226	0.0018193445877994151
3155	9.216019747797176e-06
805	1.9785061692739348e-05
777	1.24635141978944e-05
466	8.923969576091687e-05
93	4.870826534039461e-07
4227	0.0015552114409182187
988	3.960043581352363e-05
1790	1.6867173119923917e-06
4228	0.0006240666946626008
4229	0.0014030030725169498
2012	7.365204458973849e-08
4230	0.0016472145642594898
2792	1.714684080090857e-06
3537	1.2435425785157962e-06
3602	0.00019332630996242176
3557	9.588532918673107e-06
1454	4.3322585351569077e-07
4231	0.0023557358979298714
1664	0.0
4232	0.001251306329674534
583	1.6310008593786766e-05
2557	6.6673837499581214e-06
1925	0.0
1044	0.0
4233	0.0008593766811059932
2185	8.097951968593061e-07
4234	0.0007297418192156937
4235	0.0010560019120025269
97	0.0004645134224852113
4236	0.0026723354071433647
504	9.330216548848018e-06
2144	2.1291552980632368e-07
851	2.965224161355556e-05
1602	7.006826893974478e-05
3894	7.508071681788718e-08
1096	0.0
90	2.4176900176285814e-05
4237	0.0008618902488906982
1303	0.0
4238	9.169414586713484e-07
4239	0.0011951761872653205
3081	8.361200177478905e-06
3056	0.0
4240	0.0005166601176180419
4241	0.003016208235203043
2508	1.681634064838804e-05
3613	2.82993375033142e-06
3426	0.0
4242	0.002950591333621585
4243	0.0024276238266862146
1481	4.230092674483096e-06
1484	0.00013033441435592353
2236	0.0
2548	0.0
768	1.7665260596880206e-06
3297	6.483779692629567e-05
1659	3.1974774161472034e-06
3478	1.2538262822940072e-05
4244	8.414850684392616e-05
4245	5.477086723000853e-05
4246	5.679825844432345e-07
4247	0.002459958735793353
3748	0.0
4248	0.0013197950523317554
4249	0.00217386035251224
2238	1.0398805192108798e-05
1903	1.0756213644101576e-06
1845	1.9968222518038703e-05
1214	6.297354486687472e-05
1448	6.500351148529628e-07
1158	0.0
1881	1.8075028420600563e-06
4250	0.0005436676772139527
3534	3.677831139066302e-06
620	3.625281032203901e-05
4251	0.004975950297234705
15	0.0
3581	0.00011085109621608232
1239	3.165908372971836e-05
2809	0.0
1366	0.0
3298	4.1605185135821637e-05
1490	0.0
754	0.0
2366	0.0
3809	0.0
2083	0.0
4252	0.001274716383365949
4253	0.005696070086116497
2933	4.891963906658873e-05
3645	0.0
2754	0.0
2112	0.0
938	0.0
3099	1.4155925652599952e-05
2830	0.0
1003	0.0
2671	0.0
3807	9.971353320743412e-05
3721	1.600122055086057e-05
3676	1.2307277464568556e-05
1442	9.434310979821248e-06
757	5.036531320538304e-06
4254	0.004106940443491166
4255	0.0005584565262417556
965	8.278706343909892e-06
963	0.0
1315	5.124759383370023e-06
788	0.0
3864	0.0
2477	4.103176937252055e-07
2561	6.294332800777362e-05
1501	6.395797735605699e-05
4256	0.004369822859358871
1639	0.0001214498002303008
1516	3.0648024652400633e-06
1608	1.3294622618309871e-06
1075	0.0001630544016394654
2500	6.613232909346371e-06
1986	0.0
490	0.00018829523093704935
2295	3.778945218443194e-05
2403	6.626131949415036e-06
4257	0.000224831855033169
4258	0.0013345333475390658
449	0.0
1378	1.2429304136877364e-06
4259	0.004504305613615995
2654	3.987824611150582e-05
787	0.00010089291357219761
979	2.5012516177298483e-06
4260	0.001060037252592523
4261	0.0002233607797995812
2728	0.0
1717	0.0011301909252723335
4262	0.001183893601123949
4263	0.0008140185943969493
3561	5.137685741501483e-07
934	0.0
4264	0.0013154685484037406
1129	3.3351516802260662e-06
1597	1.1146876574579725e-05
4265	0.0008040997691902049
4266	0.003162395928300683
468	0.00023572132560547692
2446	0.0
2066	0.0001478106136358609
3104	0.0
4267	0.0
4268	0.0014240994811010668
4269	0.0009278442523765506
4270	0.004303118754686248
2541	4.574754921733721e-06
842	1.2585839004545466e-06
4271	0.002500910228100152
4272	0.00011448398759346019
1054	4.8538730632641846e-05
2088	4.2692982154044454e-06
2452	0.0
4273	0.0018064018925063846
3791	1.7331920413061015e-05
4274	0.002334333679098635
4275	0.0009273889350144096
1616	2.57688907460463e-05
2283	1.4231413881658126e-05
3904	0.0
4276	0.0018754389391919554
4277	0.0011417226208104052
2543	0.0
2816	4.923073276241591e-05
2539	0.0
4278	0.0005957558791089947
1857	0.0
4279	0.0023217844475752498
1940	5.4400432021356526e-06
3733	0.0
3845	5.576298550876914e-06
293	7.682434122111505e-05
103	1.7892755664117976e-06
4280	0.0019083389321497774
1792	4.9563619302542564e-05
2226	7.46420141141852e-07
4281	0.001412440966215949
3554	9.803299288951567e-06
1674	1.1105519529591744e-05
2038	0.0
3354	2.607143597860076e-06
3717	1.2875029238538529e-05
506	5.240934110207029e-06
4282	0.0023119730417998498
4283	0.0011397136006055355
3405	2.8197328637396937e-07
3695	0.0
4284	0.00034969642342357196
4285	4.4083241137352095e-05
4286	0.002724524847160051
1761	0.0
1430	0.0
1819	0.0
2347	0.0
1542	0.0
4287	0.0028362366178378423
3231	2.820408771410417e-05
313	6.487587384335335e-07
1014	7.680032707672782e-06
1260	2.0862814932345226e-06
4288	0.001351502824828668
4289	0.0029458064860326642
2744	0.0
1900	6.208437779038407e-05
3436	1.7965225817537367e-05
2499	0.0
721	1.1209728812703312e-05
4290	0.0005801218256697558
1855	6.877322547393319e-06
4291	0.0007990266077177361
630	9.784980486312968e-06
2374	1.5942744268919316e-05
4292	0.001355031807481224
2483	2.120417220456799e-05
408	0.0
1849	0.0
4293	0.001735797265599085
213	0.000568312496157624
4294	0.0044358739374744495
718	0.0
539	0.0004051932685914337
4295	0.005047483806636377
3374	3.063029393757236e-06
411	0.0
1200	9.536585951098887e-06
3664	2.5589687692487654e-05
4296	1.0131631813937095e-07
4297	0.0007760333308172192
4298	0.0030776516441750517
3725	1.847153620518651e-05
1662	2.6029388777524963e-07
3776	0.0
4299	0.0009499826974881162
420	3.291592455969501e-06
1384	0.0
4300	0.001397541930666533
3886	7.46383535733252e-06
3093	0.0
3094	3.728019580881426e-05
2043	4.8109650659723676e-06
4301	0.0005909123314709383
3171	6.084970902404491e-05
4302	0.0006877084267912425
1825	5.450707355944596e-06
2163	5.355028164990578e-07
4303	0.0017783397643821388
453	3.652467351279345e-06
4304	0.001034567138093664
2313	0.0
4305	0.0024509596314045826
261	4.041868353720778e-06
2092	2.490836803608801e-06
4306	0.001133769190544143
4307	0.002005439066954105
3111	1.1325653760856918e-05
797	1.6256959399812224e-05
3123	5.67634130274603e-05
3903	0.0
1173	0.0
2028	1.2326671803064128e-05
4308	0.0037004415920000727
1741	7.873466752476383e-07
4309	0.000814437978950719
4310	0.0005909322164757491
160	7.979781313196344e-05
3326	0.0
4311	0.002586150652710326
4312	0.00041438276894071414
898	2.254026323160245e-05
2275	4.362181310301033e-06
3406	0.0
954	0.0
3137	6.935237956286939e-06
3397	5.700268484119821e-05
1860	2.119924022008034e-05
2944	7.173253214254423e-05
647	0.0
4313	0.0037181505668012187
2583	0.0
2194	0.0
3775	0.0
3080	2.3148174815172572e-06
2387	1.3415566937040336e-05
4314	0.0007753106457348942
4315	0.0008999604231604355
2571	0.0
4316	0.003417677925616571
4317	0.0031147389264200485
3121	0.0
1314	0.0001015343662319372
425	0.0
1713	1.1925576453715027e-05
4318	5.8045446221508085e-05
4319	2.647955730473897e-06
4320	0.002566212673508802
2768	2.030627166241058e-05
0	2.0506107433033603e-05
4321	0.0009032189682244998
2875	0.0
536	3.314495115168294e-05
4322	2.4147350834365697e-05
4323	0.0015736661606995561
37	0.0
1112	3.8362683395665605e-06
4324	0.002779254272009489
3656	1.4838961483872307e-05
3781	1.4724546502889453e-05
1781	0.0
4325	0.0027874442675278354
3368	7.811457426924154e-06
1743	3.0495604061600542e-06
4326	0.0005024418011122758
4327	7.514882755617327e-08
4328	0.0002710317330423169
4329	0.05810223976282347
3164	0.0002247032655818422
1634	0.0
715	5.347478800865898e-06
8	0.0
355	5.347478800865898e-06
1297	0.0
848	0.0
2409	0.0
3294	0.0
1147	0.0
1145	0.00018732322116074324
1880	0.0
1317	7.909344285754897e-06
3249	5.757782835824173e-05
3391	0.0
2882	0.0
171	4.760928472214922e-05
1267	0.0
2336	3.619896004519433e-05
3295	3.619896004519433e-05
3022	5.975966509627687e-05
2265	0.00019147211671017027
2021	0.0
3148	0.0
3126	3.538802247205661e-05
1009	0.0
3750	0.0
1319	5.130206013141942e-05
415	0.0
2878	0.0
2731	0.00010582016970159811
978	0.0
3010	0.0
1041	0.0
3851	0.0
2361	0.00014801284159505503
3321	0.0
1830	5.347478800865898e-06
3416	0.0
2377	0.0
1665	0.0
2964	6.96690644269105e-05
3540	0.0
3356	0.0001258129440398844
1400	5.347478800865898e-06
3463	4.760928472214922e-05
2823	0.00035678493411927744
4330	0.0022342704982984273
861	6.73140952531136e-06
2760	0.0
4331	0.0026059777955109577
4332	0.0006371525269156389
2456	0.0
1348	0.0
1753	1.6403410586435347e-05
4333	0.001159306212551111
3868	0.0
4334	0.0007023280768746082
4335	0.004401698344571893
256	2.496141355733729e-05
3117	0.0
1941	8.027866257100934e-06
2227	0.0
992	0.0
1106	5.486699684399603e-06
3159	0.0
4336	0.006961150528607626
1466	5.368813054699754e-07
696	0.0
1373	6.795526321433519e-07
2628	9.980147025646236e-06
1352	0.0
1229	9.980147025646236e-06
4337	0.0013597352777708445
4338	0.002897168026706311
2240	1.4756461231502158e-06
3461	5.212562615103359e-05
3743	5.473893753319412e-05
2167	1.0062592916386356e-05
2518	1.1790555746979112e-05
356	0.0
1565	0.0
4339	0.0006569917326227241
4340	0.0011106115078904086
2570	0.0
4341	0.0036749324794766434
1163	2.4202427549650413e-07
2635	0.0
4342	0.0018322522712785185
2269	0.0
2150	0.0
4343	0.0015582403047381403
4344	0.0018904027498113365
4345	0.003038384267057497
3233	4.723019788022182e-06
3232	0.0
1979	0.0
4346	0.002410936794593119
4347	0.0015023483958747747
4348	0.002429003364066658
1735	2.3208692414629538e-05
1118	0.0
2968	0.0
1983	9.793114925011495e-05
4349	0.0008417945386962464
3841	2.8384807447904774e-06
826	4.05923543204231e-06
3840	1.3328545027130384e-06
4350	0.0038701418082629294
2952	3.7995027674028176e-07
525	1.620083336600641e-05
4351	5.362450599430021e-05
4352	0.00042885512502303106
4353	0.00043673060871477143
4354	0.001655718792636947
4355	0.0005298096989789997
626	0.0
2391	0.0
1560	0.0
1511	0.0
4356	0.00015673637170891922
4357	0.0007073445034504822
1992	0.0
1508	0.0001540817974085704
1905	1.4555040334658914e-06
4358	0.00319109661787363
1810	0.0
815	3.74329075982981e-06
2172	2.060541237141775e-05
1329	1.1288940936756398e-06
3118	0.0
4359	0.004804190204589587
4360	0.0005554883721808742
2103	2.3020769451623216e-05
675	2.23943743631805e-06
2553	0.0
4361	0.0005815271357397704
4362	4.7801381970877507e-05
4363	0.0005762661065777919
3096	2.807639321025903e-05
4364	0.0036602238923513246
1666	0.0
1733	3.400014732250623e-05
127	7.158265605138843e-05
3476	0.0
1814	0.0
4365	0.003252246101505385
1906	2.231884023080999e-06
1396	0.0
1184	0.0
122	0.0
1980	4.6510173872530575e-06
4366	0.002789403555814794
2619	1.0111716482230883e-07
4367	0.0029938108344054067
1251	1.0111716482230883e-07
3708	9.085317790393503e-06
3448	1.0111716482230883e-07
3756	2.6731112535542576e-06
1155	1.0111716482230883e-07
315	1.0111716482230883e-07
1242	2.1050289532641528e-05
1872	0.0
3709	1.9683479540542174e-05
2593	1.0111716482230883e-07
2615	0.0
4368	0.002259061380747737
1495	0.0
2229	0.0
807	2.234824608065838e-06
4369	0.0005696193149009232
2266	3.279346054147254e-06
4370	0.0012780947256551558
1877	1.4146862889762249e-05
3858	1.8261731886955263e-05
4371	0.0017410115660978693
4372	0.001265365037558509
3565	0.0
2067	0.0
492	0.0001239248974143316
1264	0.0
3455	3.0465266677961798e-05
4373	0.00255910397875346
4374	0.005666551470083822
2314	0.00015621318342340541
1047	2.826561509349138e-05
2755	7.404860649871278e-06
2117	0.0
1351	2.299791599105191e-05
1130	2.299791599105191e-05
1477	0.0
1592	0.0
2051	0.0
1721	0.0
2389	0.00010176571378067706
1720	0.0
2609	0.0
4375	0.0019486487207014307
4376	0.0008190678549822428
3061	0.0
3474	8.152877492083133e-06
2152	0.0
4377	0.0010899769023133786
4378	0.00026088963522839776
1787	1.9582772764491028e-05
1998	0.0
3546	4.08274073016402e-05
4379	0.0018781115488707713
2486	0.0
2130	2.5850992281030396e-06
4380	0.008240353766149957
1752	0.0
4381	0.002887487546562476
4382	0.008693817934953859
1321	0.0
1056	0.0
1286	0.00011767281721050723
2745	0.0
1523	0.0
1053	1.3280671062586897e-05
3846	1.0964645647748212e-05
458	9.1674305822557e-06
4383	0.000719185696505279
4384	0.0031444328539270558
2216	1.3604801882115234e-05
1089	9.60462946639054e-07
3907	0.0
1989	0.0
4385	0.005609290107466713
1833	5.937948454874477e-06
343	0.0
221	1.8907556259097185e-05
4386	0.0016863966058476003
4387	0.004172179821891579
853	0.0
984	2.7809053567795542e-05
827	1.0271034817351013e-06
2714	0.0
941	1.7474243294992675e-06
4388	0.0005164914003028961
4389	0.0007527208085050478
3754	8.438338775163214e-06
4390	0.0015250877891729285
4391	0.0016826490399114039
4392	0.010543451500298416
2503	1.979401988805251e-05
1013	1.1749483029205669e-05
395	0.0
2206	4.660682764261979e-05
738	0.0
864	0.0
550	5.4605798291497105e-05
1707	2.064533924588318e-05
289	0.0
3147	1.3324197096659787e-05
2074	0.0
2217	8.3734030069795e-05
3819	0.0
1146	3.1103114481616295e-05
1036	0.0
2490	0.0
823	0.0
4393	0.0
4394	0.00361351872339743
2281	0.0
3127	0.0
2198	0.0
4395	0.00032225730378699697
4396	0.0
4397	0.0007211207441571955
543	1.941160919945506e-06
4398	0.00025931336328916666
4399	0.002076445024546337
3210	2.0514487027606146e-06
1099	1.4674505850225284e-05
3682	1.3567823824019617e-06
4400	0.0018705945779577855
600	3.1396421896448763e-06
4401	0.0
4402	4.227121550034747e-07
2956	0.0
3329	0.0
4403	0.0005283901937543433
4404	0.0012612998634830201
500	0.0
2420	0.0
4405	0.0018212610784387783
1828	9.55888244525034e-05
2154	3.689094534942774e-05
1065	7.190960390264136e-07
2382	0.0
115	7.190960390264136e-07
4406	7.040490810538912e-05
4407	0.0003380509897895516
4408	8.641029615202755e-05
3235	0.00016700638950880038
4409	0.0031450172657827274
3040	6.379576238228569e-06
4410	0.0009305181410044975
1997	0.0
4411	7.301464216535499e-05
4412	0.000139295953383959
4413	0.0015829449415573956
1624	0.0
4414	0.0008199660423782969
1538	0.0
4415	0.00022074557305644588
4416	0.0017245757954636534
1084	0.0
14	1.2352104612859623e-06
3642	0.0
4417	0.001595089713462682
4418	0.0007779941710327953
2941	2.0052074028007933e-06
4419	0.006065299935150685
688	0.0
353	0.0
763	0.0
308	0.0
334	0.0
1364	1.9943942330359806e-05
318	0.0
4420	0.0007846401433379037
4421	0.0031675975885378346
3039	6.110275407994962e-06
3666	0.0
948	3.287860518175857e-06
565	1.6389103108531557e-06
55	1.0959834760562126e-05
3194	0.0
4422	0.0012659413543321355
761	6.34106346732523e-05
3339	0.0
4423	0.0017965553157791043
572	5.064259036450198e-07
4424	0.0008655161001910445
4425	0.003392954416874972
4426	0.005240125095451461
100	0.0
3301	0.0
1310	3.3008411019062254e-06
1633	3.1507459255133185e-05
884	0.0
297	3.77449686975338e-05
1468	1.3505584566927208e-05
1651	0.0
4427	0.000286519468471526
4428	0.001780530695986021
1923	0.0
623	0.0
3380	0.0
4429	0.0016139792990994626
3440	5.560543648530857e-06
1179	6.5298204432475e-06
4430	0.0009813608008278
4431	0.0010014901242509854
4432	0.002363756229753515
727	8.890205635782922e-05
3394	0.0
2055	0.0
4433	0.0006797658809381147
4434	1.0414850494758256e-05
4435	0.0018667513393409057
4436	0.003498018392388899
4437	0.0026917921618245274
497	0.0001419789055092036
3008	1.3783481298843646e-07
2662	2.7157277385969833e-05
153	0.0
424	3.319504858197818e-06
4438	0.0002852384106758574
4439	0.0013498575428376445
1171	2.5235922686520038e-05
1478	2.8452454467754816e-05
2898	2.935870631105951e-06
4440	0.0011858324576543404
3586	2.7070436858508193e-05
2657	2.388632344027712e-06
4441	0.00048142420497995325
4442	0.0015417613092415957
1390	9.380011833494301e-06
3905	0.0001072163188014206
4443	0.0016007760228370015
125	0.0
2860	0.0
2700	0.0
4444	0.001640994076917268
1663	0.0
2467	0.0
4445	0.00048169019709102433
4446	0.001263947790414805
4447	0.0025762648236719713
71	0.00010678520020174081
1427	0.00018320996098229164
1196	1.6023629251254854e-05
2030	0.0
1704	1.4814272670033586e-05
4448	0.0007036385623241709
207	5.359115789421887e-07
719	2.767672005910687e-06
4449	0.0020182866431350884
2254	1.6162299887975222e-06
4450	6.0385039438510185e-06
2225	0.0
4451	0.0012242338917171683
4452	0.0014083153507211052
1574	4.656996986708335e-07
1142	2.8187583003660955e-07
4453	0.001196830728143733
707	1.9896263483895032e-05
2128	0.0
4454	0.002041047931602918
347	4.3347701780341254e-05
900	4.129378464326598e-06
1832	0.0
4455	0.0005729823493191011
3879	2.003687709262636e-07
4456	0.0020816957658714593
3610	0.0
2310	0.0
4457	0.0011394925076869294
4458	0.01280156581998648
3854	1.6592709129884848e-05
3601	0.00027364867560040275
346	9.667202392293186e-06
4459	0.0033296592685668957
591	0.0
4460	0.002822351704258989
369	6.996993775379169e-05
1614	2.571586228298903e-06
4461	0.001988984903931135
3285	1.4345304907872556e-05
875	0.0
570	9.18922948039137e-06
4462	0.0006611911780526791
4463	0.0034977478401398377
3815	0.00010420380292528575
1007	0.0
4464	0.0013255586653828128
852	0.0
4465	0.003846260915267711
1391	3.062700791396316e-05
2044	0.0
4466	0.0013714702099560591
4467	0.018912094205607487
66	3.231469270294685e-05
2413	0.0
3429	0.0
235	0.0
3657	0.0
3720	0.0
1012	8.170017217839088e-05
1559	3.2268331178728665e-06
3649	0.0
2309	0.0
1299	0.0003865970343520052
2511	0.0
3541	0.0
1812	0.0
3684	0.0
1556	4.404913549476805e-05
1165	0.0
3088	0.0
526	0.0
2638	0.0
480	0.0
3353	0.0
3277	6.025271862140736e-05
58	4.404913549476805e-05
3187	0.0
3590	0.0
1253	0.0
4468	5.3055875167779656e-05
4469	0.002027894463647981
4470	0.0005032906133673105
4471	0.0010589325644385866
4472	0.005577499813434178
4473	8.901668313579761e-05
1193	0.0
987	1.7046461252649094e-06
2793	0.0
581	0.0
4474	0.0008620870775915987
4475	0.003078521491933118
641	2.237464424065847e-06
1537	0.0
1223	0.0
1517	6.85167409675276e-06
4476	0.0006466921891084536
3839	2.470288236385892e-06
4477	0.00039771374145731563
4478	0.00013028440626270733
4479	0.0013308065019962524
4480	0.0023374861738344496
3179	2.436274028752754e-06
1408	0.0
4481	0.002757332295348491
3371	4.164413666902457e-06
488	0.0
1890	0.0
2009	4.164413666902457e-06
1984	1.4825783993581682e-05
2608	4.164413666902457e-06
2032	0.0
3539	4.164413666902457e-06
2564	4.164413666902457e-06
2534	6.937176448428437e-05
4482	0.0017654294057791171
1908	0.0
4483	0.0001394604544364156
4484	0.002776478680260946
4485	0.0007781330904900685
3830	0.0
4486	0.001613032642055567
2739	4.1501146722661804e-07
2762	0.0
4487	0.0022855219717315203
311	0.0
4488	0.0007974687319317516
4489	0.0011106912964867377
4490	0.001711380406395103
1829	0.0
3006	0.0
1922	3.6785768838235733e-07
4491	0.0013982487463861143
3189	0.0
4492	0.0020354064081223007
555	0.0
4493	0.0004966041512857315
4494	0.0012342424705670313
3158	0.0
529	1.123310791959785e-06
3399	0.0
2235	5.249237163959084e-06
4495	0.0016025891308610912
2285	4.724427053389738e-07
3124	4.724427053389738e-07
3892	4.724427053389738e-07
4496	0.0014920005083801588
4497	0.00019407007442894458
4498	0.0007536968324547909
1660	3.80481525975106e-05
4499	0.0003931601215887479
4500	0.0001280200797690954
4501	0.0012416210058301931
4502	9.169414586713484e-07
4503	0.0007316539545668163
4504	0.0018779761911962292
2965	0.0
3241	0.0
3181	4.582042794931968e-06
4505	0.00018190680962441977
4506	6.859079315518455e-05
4507	0.0009912978500780495
534	0.0
4508	0.004254971262276925
939	9.88801869264057e-06
2146	0.0
4509	0.0027643152068153676
4510	0.002582308699023405
1326	0.0
4511	0.0006813160415295803
4512	0.0024084494496532647
986	4.714799732561358e-07
1094	0.0
4513	0.0019029971963162647
4514	7.754593791075106e-06
4515	0.0004974295239651501
4516	0.0032138475006128187
1953	0.0
3727	1.9308926940542422e-05
3052	2.6742554237003465e-06
2607	0.0
4517	0.0017309986239391827
140	2.9915373459478732e-05
3865	4.007525529975189e-05
949	1.672642236979924e-06
3237	0.0
4518	0.0014927972364429816
4519	0.00027907683393853916
4520	0.000423973275276492
4521	0.0007279989217397169
1870	0.0
3635	6.819006287500257e-06
4522	0.001610873811508347
2761	0.0
2840	0.0
2395	0.0
4523	0.0012390838145936091
4524	0.000254935597694986
4525	0.0005464878747417837
4526	0.0004899702224390807
3224	6.2257556014093684e-06
4527	0.0021957522429320205
4528	0.000582456320970904
2664	0.0
744	0.0
359	0.0
1301	3.900147393414627e-06
4529	0.0007787007712307055
4530	0.0011255533102570256
4531	0.0011153112010262938
1588	2.589269487063644e-05
3272	0.0
4532	0.0005283901937543433
1772	0.001178114322312895
2294	0.0
4533	0.003555266155905695
2620	0.0
4534	0.0037702604079009714
4535	0.0008556741812026555
1551	6.034065164435389e-06
521	0.0
4536	0.002802487980347676
4537	0.0009028686892125174
1598	0.0
4538	0.00023174209926511114
4539	0.0014128534202800028
4540	0.0003840579097941315
4541	2.0044561703251104e-06
4542	0.0023440187477911227
147	0.0
2781	0.0
2716	3.5122505253190716e-06
1194	0.0
4543	0.0027809562788231393
4544	0.0011707696563106134
3778	0.0
3252	3.0133913242266787e-05
4545	0.0005396368451189782
2247	0.0
2159	0.0
1874	0.0
4546	9.169414586713484e-07
4547	0.0013286833967572735
324	3.760156036347614e-05
4548	0.003904916210092799
4549	0.0008129090841714327
422	0.0
1505	2.4227521159906036e-05
4550	0.002293029845921459
2450	0.0
4551	0.0006206326700839173
1311	1.7608071291308048e-06
4552	0.0011978824345335207
4553	0.0002411489722329837
342	0.0
1058	0.0
1265	6.733951820817724e-05
4554	0.004135570479088377
3495	1.6765152002395776e-06
703	2.2679486679871516e-06
3020	0.0
3509	0.00035596746952329443
4555	0.00010906767742533045
4556	3.29138741688339e-08
4557	9.169414586713484e-07
4558	0.0014796443918152745
2454	0.0
4559	0.0010794657302523828
271	0.0
4560	0.0024753221916438252
3244	0.0
4561	0.0014945236619646263
4562	0.00011678802997009267
4563	9.169414586713484e-07
4564	0.00025236253672792356
4565	0.008191964364558976
2865	8.051181294604488e-06
1110	4.659909890768378e-06
2396	3.5735297365649844e-07
3247	3.21842346962474e-05
3219	0.0
4566	0.0023993120986743953
1152	0.0
2646	1.3920142277259275e-05
4567	0.0013567392099604688
3785	3.835386923057869e-06
1	0.00023435035946399135
4568	0.003336296376471014
2179	1.4187754865426414e-05
589	0.0
3826	1.9771472365809656e-05
4569	0.0007442768157807478
4570	0.0009150279797408682
3306	9.29804577138446e-06
4571	0.001220178392080926
2713	1.716650612546866e-06
936	5.623274275284685e-06
1973	0.0
2286	0.0
4572	0.0005680875955063312
4573	0.006234632884158881
3769	0.0
3012	0.0
3469	1.8280796946353225e-06
4574	0.0010921850451226479
4575	0.0026729696254055
4576	0.001850915533352544
413	0.0
3898	7.976764082773418e-06
1029	0.0
2148	0.0
1341	2.7355395708748983e-06
4577	0.0010752511817002553
2323	0.0
4578	0.0010702930711647559
4579	5.0380617799689914e-05
1085	0.0
4580	0.0013446944336559601
4581	0.0007312746569716839
4582	0.00874374950946266
4583	0.0029719807206843264
2460	0.0
1847	1.0006276700169853e-06
3287	1.5391399901176423e-06
2572	0.0
4584	0.003217076161094247
209	0.0
4585	0.0020375541852791896
1151	0.0
1363	1.3311448776194993e-05
3799	2.2436008919653122e-05
1322	0.0
4586	0.00032225730378699697
4587	0.0004290392679330036
4588	0.0009180853707245564
4589	0.0032365192209268512
816	4.256898176035193e-06
4590	0.0012756937240467896
2626	8.90612432726098e-06
3829	2.380305403963976e-06
4591	0.00043371020075941595
4592	0.0010301670900860125
4593	0.0020989224565589946
4594	0.0033538797213184387
2098	0.0
2550	0.0
4595	0.0006093870320819088
4596	0.001018953287576583
4597	0.000996247566257442
4598	0.0034374613857462316
4599	0.0017837215949938969
2545	5.4867393432724145e-05
2270	0.0
3872	2.779516057100642e-05
633	0.0
1358	1.712935377474196e-06
660	0.0
4600	9.169414586713484e-07
4601	0.0003718677558953066
4602	0.00038934493832690393
4603	0.0018864779214487828
1928	0.0
2544	0.0
1051	1.4473287135082926e-05
4604	0.003224838967390093
4605	0.005816887978942505
1473	9.813701172859638e-06
4606	4.5842189410615704e-05
879	0.0003132388071075044
4607	0.0046947659416319825
4608	0.001295575472849572
44	0.0
922	0.0
2474	0.0
4609	0.0005374202599552931
4610	0.0012354506688336039
1450	0.0
4611	0.00411357177159822
3764	0.0
2183	0.0
4612	0.0012598747039778183
4613	0.006416822522240942
190	0.0
1972	0.0
1915	0.0
92	0.0
722	0.0
3678	1.0359485734638587e-05
4614	0.006085799725433426
62	0.0
743	0.0
4615	0.0007734225843634685
4616	0.001805255502468083
1212	0.0
3595	3.489962081111813e-05
4617	0.0007021510487821686
2023	0.0
4618	0.0007099323310983002
2773	0.0
4619	0.0012793169478833054
4620	0.0036170932842176863
3217	0.0
3612	0.0
3133	0.0
2279	0.0
1644	0.0
3216	0.0
4621	0.0020276221669838458
1101	0.0
4622	0.0013620203607767362
4623	0.0010636045193515393
2765	0.0
4624	0.001759552614513972
873	0.0
4625	0.0006138153374360813
4626	0.0020288461011259695
2068	0.0
837	1.8661266053669023e-06
4627	0.0010614685954860473
2482	1.2068074745242529e-06
4628	0.0023807385048424117
4629	0.0008983917959151399
817	0.0
4630	0.0022913915838364217
1457	0.0
4631	0.0012230628134587362
4632	0.0016899998971245797
1291	0.0
654	8.001708503171918e-06
1863	0.0
3202	3.3449206568120013e-06
4633	0.0013122900128890356
4634	0.008778156915270768
2127	1.872218827270606e-05
2015	0.0
1098	9.289131482742346e-06
3243	0.0
3700	0.0
3296	0.0
4635	0.002329938942126209
56	0.00010454242484356926
1121	8.999672539958342e-06
1959	0.0
203	0.0005500079203908564
4636	0.007652621775020643
2427	0.0005500079203908564
1558	0.0
568	3.3388303998673265e-06
1111	0.0
2627	0.0
4637	0.0008394692994297846
1780	5.789212473813315e-06
4638	0.00034265494861958026
1119	1.0750756925932178e-05
4639	0.0015584986283244961
4640	0.01281980685002815
1768	0.0
3145	0.0
1000	0.0
3400	0.0
3617	0.0
3640	0.0
3144	0.0
3797	0.0
3283	0.0
916	0.0
3559	0.0
3811	0.0
1035	0.0
2610	0.0
2449	0.0
4641	0.0007305544525387527
1446	0.0
4642	0.00016438516492698469
4643	0.003988271669464066
3437	0.0
3526	0.0
3705	0.0
3032	0.0
2412	0.0
3527	0.0
3031	2.2116207738466497e-05
3706	0.0
4644	0.00246056385440157
2169	9.403375062754672e-05
4645	0.004588981258743288
602	0.0
1162	0.0
2200	0.0
3485	0.0
4646	0.0036212511238551586
996	0.0
969	0.0
1775	0.0
3420	0.0
3281	0.0
4647	0.0013994169738139254
2048	0.0
4648	0.008926416465979773
1804	1.396587204650569e-06
4649	0.0007549731490121574
2090	0.0
3473	0.0
4650	0.0019641381487367493
3472	0.0
3222	0.0
3881	9.5258127887662e-06
4651	0.00450354004291672
4652	0.003803839152425161
2105	0.0
1467	0.0
2230	0.0
4653	0.0005707723407138237
4654	0.0008210553823428223
4655	0.0018509203534747374
1487	3.716308542671415e-06
4656	0.0020981013435441643
2099	3.367928467619647e-07
3585	0.0
4657	0.00024612238379609943
4658	0.0018386508479143328
2691	0.0
4659	3.909212146732676e-05
4660	0.0010595203838842594
202	0.0
527	0.0
4661	0.0009807714569321428
1440	0.0
4662	0.0019444235307947198
2478	0.0
4663	0.0021346651258768484
4664	0.0021700379594083515
1957	0.0
47	0.0
1190	0.0
370	0.0
619	0.0
4665	0.0021453383430579584
4666	0.0012083995690186661
4667	0.002029830922264276
611	0.0
3502	0.0
4668	0.0006282860243952495
4669	0.001552203859021224
4670	0.004604664665236642
1127	0.0
1699	2.6416872981069933e-06
1105	2.2393139553486314e-06
4671	0.00020080999031466245
4672	0.0025804150653042737
3786	0.0
4673	0.0005293071352130147
3582	0.0
4674	0.005112076035256129
2885	0.0
4675	0.0033652961931472597
349	0.0
4676	0.00661699342825623
4677	0.0034073096875682526
2401	0.0
96	0.0
1509	9.90072621034657e-06
120	0.0
4678	2.1945677151784275e-05
4679	0.0002882178371601794
4680	0.0001483368356691553
4681	0.0026323098520186538
319	0.0
3260	0.0
4682	0.0007241852557180548
799	0.0
4683	0.0014025113588366895
4684	0.001880287346843739
3690	0.0
4685	0.0007275968278125361
4686	0.0
4687	0.0014451083605690372
2113	0.0
1759	8.719013420608084e-06
4688	0.0007994390377918093
4689	0.00029954680960482945
4690	0.006072531877456001
4691	0.0016233405531690577
4692	0.002631377930289946
1610	0.0
4693	1.9585494176964195e-06
4694	0.010477430111626652
1292	3.2828094596162126e-05
1924	9.722095531718527e-05
2653	0.0
2703	0.0
3097	0.0
3129	2.4018134230132197e-05
298	0.0
1738	0.0
4695	0.00416640508557202
806	0.0
4696	0.003714768357509174
672	0.0
2903	0.0
4697	0.00026504158631000905
4698	0.0021589788906109155
3363	1.439276080440466e-05
4699	0.0065576641542579965
1220	0.0
2777	0.0
4700	0.0034563313251454236
4701	0.0017503695681393944
2841	0.0
1420	0.0
1024	0.0
4702	0.00011615048530028385
4703	0.0004894675938173
4704	0.0005785748090645197
4705	0.0001162816915567128
4706	0.002562724834174607
4707	0.001736654538255794
4708	0.0015270117298422387
4709	0.0007761082437595505
4710	0.0028392310625574265
4711	0.0014049616441135155
4712	0.0020000579163850446
4713	0.0025108682538154694
4714	0.0019813858946310303
1531	0.0
4715	0.0037250330490677195
4716	0.0010104171540396179
4717	0.000383761410522209
4718	0.0032730638150130775
456	0.0
770	0.0
3024	0.0
4719	0.0012911224323678876
1438	1.0770173178722202e-06
4720	0.0006693182117159412
4721	0.0
4722	0.0017581546386735661
4723	0.0003440963500011993
1899	0.0
4724	0.0005960061802976264
4725	0.00041565707228472014
3325	0.0
4726	0.0019079182481375307
4727	0.0020656505400856286
1040	0.0
1439	7.554742405396027e-07
4728	0.0005935493164129663
4729	0.000593921657098642
3672	0.0
4730	0.0010393399380838053
4731	0.0020413692896208736
790	0.0
549	0.0
4732	0.0004706278639835804
4733	0.001203386491091963
645	0.0
1646	0.0
4734	0.0024756410052708044
1419	0.0
1208	0.0
3556	0.0
4735	0.004305962092933845
1620	8.393335598434773e-06
3193	0.0
3639	2.8800793811630275e-05
1912	8.327772677945619e-05
149	0.0
1406	0.0
4736	0.0018256446794185333
3268	0.0
4737	0.0
4738	0.004233414042646956
4739	0.00038225949672836734
3722	0.0
2375	0.0
4740	0.00231101223936273
1802	6.57854860914873e-07
4741	0.001610911647500122
4742	0.001950035533002836
4743	0.003074199037304861
4744	4.2988248605355244e-05
4745	0.0009886245205550214
4746	0.00259610238971232
903	3.737723993396537e-06
1019	0.0
4747	0.002854388458334546
1904	0.0
4748	0.0005477666783543673
3119	0.0
4749	0.012427401070014788
3098	0.0
2042	0.0
162	0.0
1701	0.0
2284	0.0
4750	0.0005103321563531393
4751	0.0032312266947262503
1839	0.0
4752	0.00583730430412599
2432	0.0
2807	0.0
2190	0.0
4753	0.004353094771087641
4754	0.0029845509145926454
517	0.0
4755	3.673156181271157e-05
4756	0.0005351089622882007
4757	0.0023454703829153775
2431	0.0
524	0.0
4758	1.2963172753439888e-06
4759	0.0
4760	0.0021167618740407014
3213	0.0
1795	0.0
3768	0.0
551	0.0
4761	0.0015694183079390453
2122	0.0
2360	0.0
4762	0.001908469379238795
4763	0.0006232996124655084
421	0.0
1861	0.0
1747	9.134533105826696e-06
2647	0.0
4764	0.0003684688022227217
4765	0.001350120963149016
4766	0.0010628995378843843
2330	0.0
2070	0.0
4767	0.0029630164906865406
4768	0.0026975554046369
3389	0.0
2928	0.0
3379	0.0
2929	0.0
2995	0.0
4769	2.7750741047489646e-07
4770	0.000943793822728565
1594	0.0
4771	0.0022828615806616027
1064	0.0
4772	0.003874964918747681
4773	9.169414586713484e-07
4774	0.0007721343939109823
1947	0.0
4775	9.169414586713484e-07
4776	0.0007741119692959032
2497	0.0
4777	0.0013459550735602102
2353	0.0
4778	0.001418801135386707
3821	0.0
139	0.0
4779	9.911246146454665e-05
4780	9.57131254278682e-05
4781	0.0015819711029872647
4782	0.0006780414052342197
4783	0.004096438283243374
1622	0.0
3134	5.43934683467563e-05
544	0.0
808	0.0
4784	0.0024285663942639024
3053	0.0
4785	0.005103461068047757
4786	5.679825844432345e-07
4787	8.54817913451471e-07
4788	0.0006229416423670743
4789	0.00026481124865520374
4790	0.001566130046517299
4791	0.0011882196447874581
4792	0.0009324099968283868
4793	0.0027728826236806453
4794	0.0005305448115171144
4795	0.0037743303408334034
4796	0.0014280909827692468
4797	0.0015067547473039584
3908	0.0
4798	0.00029445295162750754
4799	0.0010670764395472973
4800	0.0009729573762475471
4801	0.0009332263249558737
4802	1.2352588529545982e-06
4803	1.3151044822330322e-06
4804	0.0016115383672534761
2166	0.0
4805	0.001002003386227246
4806	0.0023492742211036247
3643	0.0
2945	0.0
4807	0.0005283901937543433
4808	0.002195451981092581
1758	0.0
4809	0.0024093273878478625
2059	0.0
4810	0.0015073709662838531
4811	0.006978334508098664
1337	0.0
3688	0.0
2343	0.0
4812	0.0008081419590920361
2908	0.0
4813	7.929824118851093e-05
4814	0.003480363227172139
4815	0.0011070463827158052
1581	0.0
2272	0.0
4816	0.0008645851650183518
4817	0.00014785333290401998
2997	0.0
4818	0.0013702271817038253
4819	0.0029713449440936916
3896	0.0
219	0.0
4820	0.0018352890978484975
2228	0.0
4821	0.0002930524795891202
4822	0.0007413109404110687
4823	0.00020609386119709527
4824	0.0007571584139874195
4825	0.0011921590049936424
4826	8.815318682153167e-05
4827	0.003177897337891742
773	0.0
2000	0.0
1869	0.0
4828	0.0012762328078212571
2614	0.0
4829	0.0004844833677641502
4830	0.00908501603920644
3421	0.0
700	0.0
3313	0.0
2729	0.0
2421	3.7892238086373014e-05
4831	0.0011385807247735677
3163	0.0
4832	0.001958073842556627
1132	0.0
4833	0.000934171985071274
4834	0.001102766242062054
2577	0.0
1848	0.0
4835	0.00010134336672631
4836	0.0014018852573249977
4837	0.002859216892703498
809	0.0
4838	0.0007288050275636261
4839	0.0
4840	5.798726535108752e-07
4841	0.0016654407626858377
1491	0.0
4842	0.00026083371476827975
4843	0.0006945182201897631
4844	0.011361729983556345
3288	0.0
2026	0.0
834	0.0
2920	0.0
2502	0.0
3327	0.0
793	0.0
653	0.0
3909	0.0
227	0.0
1712	0.0
2710	0.0
3644	0.0
4845	0.0005015404262115414
4846	0.0014603964128436654
4847	0.001128780463075113
4848	0.003758465364390591
2119	0.0
3431	0.0
2411	0.0
483	0.0
4849	0.000569507841991819
4850	0.0018734867362994588
2991	0.0
4851	0.002575006069449684
3027	0.0
4852	0.004627129402116287
854	0.0
4853	0.001570729250289826
4854	0.0018891033285453774
4855	0.010100244383838877
3866	0.0
4856	0.0003864042459157633
4857	0.0007618006669957553
3269	0.0
4858	0.002933647945921368
3774	0.0
4859	0.0023978948080230593
4860	0.001063021621006448
4861	0.000590666837258166
2821	0.0
2147	0.0
4862	0.0022595734739132445
4863	0.00022622578926184925
4864	0.00014577307020324193
4865	0.0025843239483069455
1599	0.0
995	0.0
4866	0.0018760238342283814
4867	0.000535599672292597
3583	9.708265438692315e-07
3443	0.0
4868	0.001776225659020544
4869	0.004806086832228976
2947	0.0
1552	0.0
3068	0.0
4870	0.0007541841149370697
2977	0.0
4871	0.0020819531898303607
4872	0.0007679083213075117
3307	0.0
4873	0.0006559374270663664
3142	0.0
4874	0.007948852347299543
3550	0.0
3293	0.0
1079	0.0
1136	0.0
3292	0.0
4875	0.0032699735440370956
4876	0.0029528670560859584
4877	0.00018617150714381284
4878	0.001290881756317531
2016	0.0
4879	5.117275134101829e-06
4880	0.0010441642694889964
3320	0.0
4881	0.0005346064198022875
2007	0.0
4882	0.0007639700741337357
4883	0.0007472748109991448
4884	0.0012850476288172065
868	0.0
4885	4.9268491225734483e-05
4886	0.002816898894515581
4887	0.002836637227100016
4888	0.0022812296218834294
4889	0.0016705781562764324
2696	0.0
1134	0.0
3095	0.0
3315	0.0
4890	0.0009682571978013526
4891	5.28314616330611e-05
4892	0.0013193091197339437
4893	0.0006101242954867996
2025	0.0
4894	0.002536465223339727
1461	0.0
4895	0.0002509648697449234
4896	0.0011892663560542777
4897	0.00045592895958015246
4898	5.477086723000853e-05
4899	0.0006651321939746345
4900	0.001149162999853986
760	0.0
4901	9.169414586713484e-07
4902	0.0005881675966561498
1052	0.0
4903	0.0009221755661197311
4904	0.0005323662398946017
4905	0.007989343916921495
4906	7.501045337653256e-06
4907	0.0019878668870224143
4908	0.001055391982923247
3369	0.0
2642	0.0
3726	0.0
3584	0.0
2513	0.0
4909	0.0007608889555212791
