2052	0.0007961783439490446
3910	0.00583864118895966
2931	0.0005307855626326964
3135	0.0021231422505307855
2408	0.001326963906581741
1405	0.001326963906581741
2516	0.0005307855626326964
893	0.0015923566878980893
188	0.0021231422505307855
2356	0.0002653927813163482
1840	0.0023885350318471337
557	0.0018577494692144374
1784	0.0005307855626326964
553	0.002653927813163482
53	0.0021231422505307855
845	0.0007961783439490446
105	0.0015923566878980893
2989	0.0010615711252653928
764	0.0015923566878980893
2712	0.0005307855626326964
3911	0.0018577494692144374
159	0.00291932059447983
2071	0.0007961783439490446
3413	0.001326963906581741
88	0.016719745222929936
428	0.0021231422505307855
2799	0.0005307855626326964
716	0.003980891719745223
3912	0.0034501061571125266
189	0.05440552016985138
640	0.0007961783439490446
3578	0.0005307855626326964
215	0.006104033970276008
2153	0.0015923566878980893
1103	0.00291932059447983
224	0.0031847133757961785
99	0.004246284501061571
659	0.0007961783439490446
2596	0.0005307855626326964
1023	0.009288747346072187
3913	0.005307855626326964
69	0.052547770700636945
21	0.1101380042462845
134	0.015127388535031847
3409	0.009819532908704883
9	0.03237791932059448
177	0.0015923566878980893
2085	0.0002653927813163482
113	0.013535031847133758
403	0.011146496815286623
617	0.009023354564755838
548	0.010615711252653927
494	0.010350318471337579
426	0.01167728237791932
822	0.01618895966029724
1503	0.0010615711252653928
2338	0.0002653927813163482
446	0.0037154989384288748
61	0.016454352441613588
3914	0.013800424628450107
5	0.0031847133757961785
46	0.0037154989384288748
559	0.004777070063694267
45	0.0050424628450106155
3802	0.006900212314225053
201	0.013800424628450107
401	0.0031847133757961785
135	0.001326963906581741
636	0.004246284501061571
3487	0.006634819532908705
393	0.0010615711252653928
1611	0.001326963906581741
1975	0.0010615711252653928
1576	0.0021231422505307855
327	0.007696390658174098
3674	0.002653927813163482
1684	0.00875796178343949
229	0.0023885350318471337
239	0.0010615711252653928
3503	0.00291932059447983
1113	0.0023885350318471337
3519	0.001326963906581741
384	0.014596602972399151
389	0.002653927813163482
3782	0.010350318471337579
1016	0.00291932059447983
112	0.03105095541401274
519	0.013800424628450107
3082	0.004511677282377919
651	0.006104033970276008
3054	0.011146496815286623
98	0.006900212314225053
180	0.0021231422505307855
3817	0.0023885350318471337
3691	0.0023885350318471337
388	0.012208067940552016
157	0.014596602972399151
3871	0.0018577494692144374
3915	0.0015923566878980893
106	0.03980891719745223
40	0.05281316348195329
1006	0.0050424628450106155
63	0.04485138004246284
1875	0.0002653927813163482
3916	0.0015923566878980893
1836	0.0005307855626326964
1777	0.0002653927813163482
1703	0.0007961783439490446
3917	0.0050424628450106155
3918	0.016454352441613588
794	0.0015923566878980893
409	0.007165605095541401
1702	0.001326963906581741
1259	0.008492569002123142
273	0.0002653927813163482
1238	0.0018577494692144374
1488	0.001326963906581741
894	0.001326963906581741
1520	0.0002653927813163482
3492	0.0005307855626326964
595	0.0015923566878980893
486	0.0007961783439490446
1917	0.0010615711252653928
3071	0.0010615711252653928
1536	0.0018577494692144374
1936	0.0005307855626326964
1240	0.0007961783439490446
980	0.006634819532908705
2339	0.0010615711252653928
2155	0.0005307855626326964
2040	0.0007961783439490446
2317	0.0015923566878980893
252	0.014331210191082803
3456	0.0005307855626326964
1706	0.0002653927813163482
3289	0.0002653927813163482
714	0.0005307855626326964
3058	0.0007961783439490446
1034	0.0005307855626326964
1020	0.0015923566878980893
3671	0.001326963906581741
3382	0.001326963906581741
1954	0.0002653927813163482
910	0.0018577494692144374
2966	0.0023885350318471337
932	0.0005307855626326964
436	0.0018577494692144374
1115	0.004246284501061571
2244	0.0007961783439490446
464	0.0005307855626326964
12	0.0005307855626326964
3066	0.0005307855626326964
1357	0.0007961783439490446
269	0.006369426751592357
433	0.0005307855626326964
3902	0.0007961783439490446
383	0.002653927813163482
434	0.006104033970276008
1335	0.0005307855626326964
2632	0.0005307855626326964
164	0.0007961783439490446
1715	0.0002653927813163482
2022	0.0021231422505307855
2433	0.0005307855626326964
2110	0.0005307855626326964
3919	0.0018577494692144374
357	0.019639065817409766
2697	0.0005307855626326964
461	0.0002653927813163482
94	0.04803609341825902
3920	0.0037154989384288748
1148	0.008492569002123142
128	0.008492569002123142
686	0.003980891719745223
1005	0.00291932059447983
1222	0.014861995753715499
1615	0.0021231422505307855
232	0.010350318471337579
2641	0.0005307855626326964
1749	0.004511677282377919
1157	0.0005307855626326964
1680	0.0023885350318471337
366	0.020169851380042462
3314	0.0010615711252653928
3579	0.009023354564755838
3921	0.004777070063694267
731	0.006104033970276008
1312	0.001326963906581741
25	0.004777070063694267
3790	0.006104033970276008
1308	0.0050424628450106155
1744	0.0021231422505307855
2292	0.003980891719745223
78	0.0005307855626326964
391	0.005307855626326964
1153	0.006634819532908705
1705	0.0007961783439490446
3922	0.006900212314225053
3923	0.004246284501061571
3734	0.0015923566878980893
1386	0.001326963906581741
2182	0.00291932059447983
2936	0.001326963906581741
3045	0.0015923566878980893
3625	0.0021231422505307855
3626	0.0015923566878980893
3046	0.0018577494692144374
3648	0.0023885350318471337
2925	0.0018577494692144374
3347	0.001326963906581741
3089	0.0023885350318471337
2455	0.0018577494692144374
3572	0.0023885350318471337
3350	0.0023885350318471337
1385	0.0018577494692144374
3090	0.002653927813163482
183	0.001326963906581741
3468	0.0018577494692144374
3156	0.0018577494692144374
3361	0.0023885350318471337
184	0.00291932059447983
3924	0.0021231422505307855
2400	0.0007961783439490446
3889	0.0002653927813163482
274	0.013004246284501062
3925	0.010084925690021231
350	0.0023885350318471337
3741	0.0074309978768577496
1797	0.0007961783439490446
2372	0.0010615711252653928
34	0.02653927813163482
67	0.0050424628450106155
590	0.0007961783439490446
569	0.007696390658174098
3669	0.0005307855626326964
3852	0.01618895966029724
23	0.01167728237791932
48	0.021496815286624203
3450	0.009288747346072187
2984	0.0050424628450106155
43	0.012738853503184714
3926	0.004246284501061571
510	0.004511677282377919
552	0.001326963906581741
70	0.0034501061571125266
278	0.009819532908704883
292	0.006634819532908705
400	0.011942675159235668
2050	0.0005307855626326964
1123	0.0034501061571125266
1033	0.0034501061571125266
2095	0.001326963906581741
3927	0.009288747346072187
3928	0.019904458598726114
3021	0.004511677282377919
3650	0.0015923566878980893
542	0.001326963906581741
1718	0.0010615711252653928
909	0.0018577494692144374
928	0.007165605095541401
3303	0.004777070063694267
1206	0.005307855626326964
1629	0.0005307855626326964
576	0.001326963906581741
2069	0.0015923566878980893
279	0.0034501061571125266
872	0.004246284501061571
3673	0.0023885350318471337
272	0.012473460721868364
377	0.0018577494692144374
2006	0.0007961783439490446
509	0.007696390658174098
169	0.006634819532908705
277	0.0018577494692144374
1126	0.001326963906581741
1355	0.0007961783439490446
268	0.006369426751592357
38	0.0050424628450106155
290	0.00583864118895966
3279	0.0010615711252653928
704	0.0021231422505307855
857	0.0023885350318471337
514	0.0010615711252653928
1076	0.0005307855626326964
1176	0.003980891719745223
858	0.008492569002123142
3530	0.001326963906581741
3275	0.0007961783439490446
701	0.00291932059447983
3208	0.0018577494692144374
42	0.0037154989384288748
1452	0.0002653927813163482
1933	0.0018577494692144374
1964	0.0005307855626326964
3888	0.0021231422505307855
1279	0.0015923566878980893
3747	0.0021231422505307855
681	0.0002653927813163482
151	0.006104033970276008
1218	0.0010615711252653928
3278	0.001326963906581741
3457	0.005573248407643312
687	0.0031847133757961785
705	0.002653927813163482
2004	0.0007961783439490446
587	0.0037154989384288748
479	0.0005307855626326964
1670	0.0010615711252653928
985	0.0034501061571125266
2129	0.0010615711252653928
3176	0.001326963906581741
532	0.0010615711252653928
1169	0.0007961783439490446
3604	0.002653927813163482
1254	0.0018577494692144374
3929	0.010084925690021231
1801	0.0005307855626326964
166	0.0002653927813163482
455	0.0007961783439490446
167	0.0010615711252653928
335	0.005307855626326964
387	0.0010615711252653928
2143	0.0005307855626326964
2061	0.0007961783439490446
3037	0.0002653927813163482
1270	0.004511677282377919
1407	0.0010615711252653928
1938	0.0005307855626326964
1541	0.0023885350318471337
766	0.001326963906581741
2320	0.0015923566878980893
588	0.0023885350318471337
657	0.007165605095541401
3930	0.0034501061571125266
1333	0.0037154989384288748
175	0.0023885350318471337
925	0.0002653927813163482
1522	0.0037154989384288748
316	0.004777070063694267
485	0.0034501061571125266
368	0.0018577494692144374
338	0.008227176220806794
444	0.00583864118895966
286	0.0018577494692144374
708	0.00583864118895966
3931	0.007961783439490446
2298	0.0015923566878980893
1445	0.006634819532908705
123	0.0074309978768577496
1889	0.002653927813163482
3276	0.008492569002123142
75	0.014331210191082803
392	0.010084925690021231
386	0.0074309978768577496
119	0.009819532908704883
889	0.006369426751592357
3932	0.00291932059447983
791	0.0023885350318471337
601	0.009023354564755838
618	0.0018577494692144374
211	0.00583864118895966
3933	0.0021231422505307855
3934	0.0037154989384288748
3316	0.0002653927813163482
635	0.0010615711252653928
1557	0.0005307855626326964
1916	0.0005307855626326964
2277	0.0007961783439490446
117	0.00583864118895966
1843	0.0002653927813163482
1737	0.0007961783439490446
2438	0.001326963906581741
862	0.003980891719745223
2345	0.0002653927813163482
246	0.0010615711252653928
1623	0.0005307855626326964
457	0.0007961783439490446
20	0.0010615711252653928
1888	0.0002653927813163482
3935	0.010615711252653927
1949	0.0007961783439490446
751	0.0002653927813163482
1001	0.0015923566878980893
496	0.001326963906581741
2005	0.0002653927813163482
667	0.0010615711252653928
706	0.002653927813163482
3703	0.0015923566878980893
1154	0.0002653927813163482
554	0.001326963906581741
3936	0.001326963906581741
3937	0.0018577494692144374
101	0.014065817409766455
1370	0.0015923566878980893
11	0.0021231422505307855
3403	0.0007961783439490446
1062	0.001326963906581741
242	0.0002653927813163482
3938	0.0031847133757961785
3939	0.004246284501061571
299	0.012208067940552016
811	0.0007961783439490446
309	0.002653927813163482
921	0.0007961783439490446
833	0.0007961783439490446
3538	0.009554140127388535
1234	0.0007961783439490446
3508	0.0005307855626326964
3223	0.0007961783439490446
3057	0.0007961783439490446
3589	0.0005307855626326964
255	0.0037154989384288748
3940	0.007165605095541401
322	0.011942675159235668
2278	0.00291932059447983
173	0.004777070063694267
876	0.010881104033970275
3849	0.007165605095541401
577	0.00291932059447983
3362	0.0023885350318471337
1325	0.002653927813163482
1734	0.002653927813163482
3744	0.0023885350318471337
1128	0.0010615711252653928
3422	0.0005307855626326964
1343	0.0031847133757961785
282	0.010881104033970275
3941	0.0010615711252653928
3942	0.0005307855626326964
1008	0.0002653927813163482
3122	0.0015923566878980893
3943	0.0023885350318471337
649	0.013535031847133758
814	0.004511677282377919
1201	0.0015923566878980893
174	0.0007961783439490446
1593	0.0015923566878980893
3944	0.0015923566878980893
477	0.0007961783439490446
3552	0.0005307855626326964
3945	0.0005307855626326964
890	0.0002653927813163482
2900	0.0002653927813163482
3946	0.00583864118895966
3947	0.0018577494692144374
3794	0.001326963906581741
547	0.001326963906581741
3793	0.0005307855626326964
325	0.007165605095541401
629	0.010615711252653927
231	0.004511677282377919
2567	0.0005307855626326964
3663	0.0018577494692144374
2108	0.0007961783439490446
3856	0.0002653927813163482
1818	0.0005307855626326964
3948	0.0023885350318471337
2464	0.0005307855626326964
1652	0.0007961783439490446
1625	0.002653927813163482
3749	0.0002653927813163482
254	0.001326963906581741
1806	0.0007961783439490446
3949	0.0015923566878980893
3950	0.003980891719745223
1330	0.0015923566878980893
1395	0.001326963906581741
285	0.006369426751592357
1045	0.00583864118895966
1021	0.0018577494692144374
3661	0.001326963906581741
1673	0.0034501061571125266
1500	0.0002653927813163482
3951	0.0023885350318471337
2093	0.0007961783439490446
540	0.0005307855626326964
3528	0.0007961783439490446
3377	0.0015923566878980893
584	0.0005307855626326964
1447	0.004246284501061571
3808	0.0007961783439490446
608	0.0007961783439490446
3952	0.0015923566878980893
3953	0.0021231422505307855
1512	0.0002653927813163482
2495	0.0007961783439490446
518	0.0007961783439490446
1600	0.0005307855626326964
642	0.0005307855626326964
2494	0.0002653927813163482
2682	0.0005307855626326964
3954	0.004511677282377919
379	0.0021231422505307855
416	0.002653927813163482
1578	0.0023885350318471337
1740	0.0007961783439490446
1471	0.0007961783439490446
2935	0.0034501061571125266
631	0.0007961783439490446
3955	0.004777070063694267
3956	0.0021231422505307855
1170	0.0010615711252653928
3246	0.0005307855626326964
249	0.0021231422505307855
2526	0.001326963906581741
3728	0.0002653927813163482
126	0.0034501061571125266
3256	0.0005307855626326964
471	0.0010615711252653928
2979	0.0034501061571125266
237	0.0021231422505307855
3957	0.005573248407643312
2425	0.003980891719745223
50	0.0007961783439490446
314	0.005307855626326964
179	0.013535031847133758
1679	0.0007961783439490446
1248	0.0023885350318471337
1586	0.0037154989384288748
3005	0.010615711252653927
1359	0.0074309978768577496
1677	0.0015923566878980893
3958	0.0023885350318471337
2328	0.0005307855626326964
3170	0.0002653927813163482
3959	0.0005307855626326964
3960	0.006369426751592357
326	0.0023885350318471337
118	0.0015923566878980893
275	0.004511677282377919
111	0.0031847133757961785
394	0.0037154989384288748
2562	0.001326963906581741
961	0.0021231422505307855
1834	0.0023885350318471337
1803	0.002653927813163482
585	0.002653927813163482
658	0.002653927813163482
1548	0.0018577494692144374
3961	0.0015923566878980893
4	0.0034501061571125266
1379	0.007961783439490446
3284	0.003980891719745223
749	0.008227176220806794
796	0.007165605095541401
3962	0.005573248407643312
191	0.006634819532908705
2057	0.0005307855626326964
1107	0.0023885350318471337
2551	0.0002653927813163482
607	0.0007961783439490446
1371	0.0015923566878980893
3511	0.001326963906581741
1160	0.0010615711252653928
2145	0.001326963906581741
625	0.0034501061571125266
2202	0.0010615711252653928
1470	0.0010615711252653928
3114	0.0021231422505307855
223	0.0018577494692144374
3963	0.0015923566878980893
3964	0.0007961783439490446
1350	0.0005307855626326964
214	0.0007961783439490446
1372	0.001326963906581741
644	0.003980891719745223
1896	0.0010615711252653928
3965	0.003980891719745223
362	0.0015923566878980893
270	0.0005307855626326964
3746	0.0005307855626326964
896	0.0005307855626326964
1199	0.0005307855626326964
628	0.0007961783439490446
671	0.0010615711252653928
3966	0.0037154989384288748
612	0.0010615711252653928
3447	0.002653927813163482
472	0.0010615711252653928
2738	0.0007961783439490446
881	0.0002653927813163482
566	0.006900212314225053
2524	0.0002653927813163482
3967	0.0023885350318471337
3323	0.001326963906581741
2514	0.0005307855626326964
3968	0.004511677282377919
2806	0.0007961783439490446
450	0.0015923566878980893
2398	0.0005307855626326964
406	0.0034501061571125266
724	0.001326963906581741
3752	0.0007961783439490446
2981	0.0010615711252653928
1919	0.0010615711252653928
2917	0.0007961783439490446
1188	0.0005307855626326964
3753	0.0007961783439490446
3969	0.002653927813163482
1532	0.0007961783439490446
2046	0.0002653927813163482
1609	0.0007961783439490446
3355	0.0021231422505307855
902	0.0018577494692144374
820	0.0023885350318471337
3267	0.0007961783439490446
1382	0.0002653927813163482
2079	0.0010615711252653928
3970	0.0023885350318471337
296	0.0002653927813163482
1489	0.0010615711252653928
1692	0.001326963906581741
3971	0.003980891719745223
3972	0.00291932059447983
592	0.009023354564755838
3683	0.0002653927813163482
109	0.006369426751592357
3804	0.0005307855626326964
3100	0.0023885350318471337
1261	0.0005307855626326964
1049	0.0002653927813163482
2315	0.0007961783439490446
2170	0.0005307855626326964
3973	0.006369426751592357
3974	0.03954352441613588
3445	0.0018577494692144374
3853	0.001326963906581741
3759	0.0005307855626326964
200	0.0007961783439490446
3407	0.0005307855626326964
2171	0.0005307855626326964
1026	0.0002653927813163482
2689	0.0005307855626326964
887	0.0021231422505307855
3486	0.0010615711252653928
2082	0.001326963906581741
226	0.0010615711252653928
22	0.0005307855626326964
493	0.0002653927813163482
1642	0.0010615711252653928
1328	0.0010615711252653928
3304	0.0010615711252653928
1161	0.0005307855626326964
3067	0.001326963906581741
3877	0.0015923566878980893
753	0.002653927813163482
3072	0.0015923566878980893
3483	0.0005307855626326964
3028	0.0015923566878980893
1426	0.0015923566878980893
682	0.0010615711252653928
1618	0.0005307855626326964
603	0.0010615711252653928
1124	0.0023885350318471337
1017	0.0007961783439490446
810	0.0018577494692144374
217	0.0034501061571125266
3395	0.0007961783439490446
3239	0.0005307855626326964
3151	0.0002653927813163482
3259	0.0007961783439490446
1601	0.0005307855626326964
3520	0.0031847133757961785
670	0.0010615711252653928
691	0.008227176220806794
402	0.001326963906581741
181	0.001326963906581741
650	0.0023885350318471337
1606	0.0010615711252653928
3622	0.001326963906581741
1207	0.0034501061571125266
951	0.0031847133757961785
690	0.0010615711252653928
3207	0.001326963906581741
3011	0.0007961783439490446
197	0.0015923566878980893
3038	0.0010615711252653928
3131	0.0015923566878980893
1736	0.0007961783439490446
248	0.0007961783439490446
3332	0.0023885350318471337
3396	0.0007961783439490446
3836	0.0005307855626326964
3043	0.0007961783439490446
3410	0.0007961783439490446
136	0.0015923566878980893
258	0.0018577494692144374
849	0.0021231422505307855
3766	0.001326963906581741
3460	0.001326963906581741
1241	0.0002653927813163482
1063	0.0023885350318471337
178	0.0007961783439490446
305	0.0007961783439490446
772	0.0005307855626326964
3444	0.0010615711252653928
447	0.001326963906581741
156	0.0007961783439490446
473	0.0015923566878980893
80	0.0002653927813163482
1159	0.0018577494692144374
3165	0.0018577494692144374
730	0.007961783439490446
3317	0.002653927813163482
782	0.001326963906581741
824	0.001326963906581741
1428	0.0005307855626326964
1114	0.0010615711252653928
82	0.0021231422505307855
1748	0.0002653927813163482
1417	0.0005307855626326964
3073	0.0015923566878980893
953	0.0010615711252653928
2137	0.0018577494692144374
3975	0.015392781316348195
3480	0.0023885350318471337
330	0.0034501061571125266
3186	0.0018577494692144374
1015	0.001326963906581741
1031	0.0034501061571125266
33	0.007961783439490446
3452	0.00291932059447983
874	0.0018577494692144374
1879	0.0007961783439490446
95	0.004511677282377919
481	0.009023354564755838
737	0.00291932059447983
3331	0.004246284501061571
460	0.002653927813163482
759	0.004511677282377919
108	0.0031847133757961785
3428	0.0037154989384288748
110	0.0002653927813163482
3150	0.004511677282377919
1237	0.008227176220806794
3532	0.003980891719745223
91	0.0005307855626326964
3976	0.0031847133757961785
3977	0.00291932059447983
3580	0.0005307855626326964
1434	0.0005307855626326964
3978	0.004246284501061571
3619	0.0005307855626326964
1324	0.0002653927813163482
677	0.001326963906581741
331	0.0007961783439490446
3838	0.001326963906581741
3979	0.001326963906581741
321	0.0010615711252653928
2718	0.0010615711252653928
3980	0.007165605095541401
84	0.0007961783439490446
825	0.001326963906581741
137	0.0005307855626326964
3076	0.0005307855626326964
1719	0.001326963906581741
2616	0.0005307855626326964
3670	0.0010615711252653928
762	0.0034501061571125266
2350	0.0002653927813163482
3290	0.0021231422505307855
3178	0.0002653927813163482
2203	0.0005307855626326964
1805	0.0002653927813163482
26	0.0007961783439490446
1080	0.0005307855626326964
2381	0.0005307855626326964
1821	0.0010615711252653928
1587	0.0002653927813163482
3981	0.006369426751592357
2261	0.0007961783439490446
1228	0.0018577494692144374
2162	0.0005307855626326964
1876	0.0005307855626326964
1180	0.0010615711252653928
726	0.0023885350318471337
3667	0.0007961783439490446
2914	0.0002653927813163482
2489	0.001326963906581741
1967	0.001326963906581741
3798	0.0015923566878980893
678	0.0018577494692144374
1189	0.0010615711252653928
3982	0.008227176220806794
1149	0.001326963906581741
3555	0.002653927813163482
1224	0.0031847133757961785
785	0.0005307855626326964
3245	0.0005307855626326964
3885	0.0023885350318471337
713	0.004777070063694267
1474	0.0007961783439490446
1700	0.0018577494692144374
3983	0.0015923566878980893
3984	0.0007961783439490446
1545	0.00291932059447983
2258	0.0007961783439490446
2624	0.0002653927813163482
1204	0.0018577494692144374
3985	0.002653927813163482
154	0.0010615711252653928
3533	0.0005307855626326964
1621	0.0010615711252653928
3986	0.004246284501061571
776	0.0002653927813163482
2470	0.0005307855626326964
3745	0.001326963906581741
3987	0.0023885350318471337
520	0.00291932059447983
2376	0.0007961783439490446
1380	0.0015923566878980893
146	0.002653927813163482
3988	0.006104033970276008
739	0.0007961783439490446
819	0.0005307855626326964
3568	0.0005307855626326964
3393	0.0005307855626326964
16	0.0031847133757961785
3594	0.0002653927813163482
1776	0.001326963906581741
193	0.0005307855626326964
729	0.0007961783439490446
192	0.0010615711252653928
3989	0.0018577494692144374
1433	0.0037154989384288748
3990	0.0023885350318471337
3991	0.0021231422505307855
1808	0.0015923566878980893
141	0.0015923566878980893
3628	0.0002653927813163482
2602	0.0005307855626326964
3375	0.0010615711252653928
610	0.00291932059447983
418	0.0023885350318471337
2695	0.0007961783439490446
1929	0.0002653927813163482
3992	0.004777070063694267
2585	0.0002653927813163482
1667	0.0002653927813163482
558	0.0005307855626326964
1073	0.001326963906581741
3993	0.0037154989384288748
2419	0.0010615711252653928
2957	0.0002653927813163482
3693	0.0007961783439490446
3994	0.0018577494692144374
3995	0.0015923566878980893
1654	0.0002653927813163482
775	0.002653927813163482
1955	0.0023885350318471337
3996	0.009819532908704883
1894	0.0010615711252653928
3536	0.0005307855626326964
3596	0.002653927813163482
502	0.003980891719745223
2976	0.0002653927813163482
1186	0.0005307855626326964
2742	0.0005307855626326964
2678	0.0005307855626326964
3206	0.0007961783439490446
1432	0.0005307855626326964
3997	0.00583864118895966
2282	0.0005307855626326964
463	0.0007961783439490446
1271	0.0002653927813163482
1977	0.0018577494692144374
3704	0.0007961783439490446
3101	0.0002653927813163482
3381	0.001326963906581741
832	0.0002653927813163482
462	0.0018577494692144374
3998	0.0037154989384288748
1174	0.0007961783439490446
3173	0.0007961783439490446
1800	0.0005307855626326964
1175	0.001326963906581741
3328	0.0007961783439490446
972	0.001326963906581741
3999	0.004777070063694267
4000	0.003980891719745223
3180	0.0007961783439490446
3128	0.0021231422505307855
3271	0.003980891719745223
1423	0.0010615711252653928
1774	0.0007961783439490446
968	0.002653927813163482
1985	0.001326963906581741
487	0.001326963906581741
663	0.0005307855626326964
3481	0.0007961783439490446
371	0.0037154989384288748
172	0.0010615711252653928
1636	0.001326963906581741
1613	0.001326963906581741
1764	0.0005307855626326964
3029	0.001326963906581741
1789	0.0007961783439490446
1885	0.0005307855626326964
4001	0.01326963906581741
4002	0.0220276008492569
3451	0.0005307855626326964
1205	0.0005307855626326964
3531	0.0007961783439490446
1507	0.0015923566878980893
3175	0.001326963906581741
3449	0.0015923566878980893
3548	0.001326963906581741
2972	0.003980891719745223
2959	0.0010615711252653928
1755	0.0007961783439490446
3036	0.0015923566878980893
3890	0.001326963906581741
2132	0.0005307855626326964
182	0.0015923566878980893
838	0.0007961783439490446
396	0.0021231422505307855
3143	0.0007961783439490446
2621	0.0007961783439490446
1779	0.0007961783439490446
1377	0.0021231422505307855
1381	0.0005307855626326964
3359	0.0015923566878980893
3087	0.001326963906581741
1632	0.0010615711252653928
3662	0.0005307855626326964
907	0.0010615711252653928
3801	0.001326963906581741
4003	0.0007961783439490446
4004	0.0007961783439490446
3138	0.0007961783439490446
3139	0.0002653927813163482
4005	0.0037154989384288748
4006	0.002653927813163482
3184	0.0018577494692144374
1449	0.0021231422505307855
474	0.0015923566878980893
4007	0.010350318471337579
2180	0.0010615711252653928
3870	0.0010615711252653928
3869	0.0015923566878980893
905	0.0010615711252653928
4008	0.0050424628450106155
689	0.00291932059447983
1383	0.004777070063694267
3828	0.0007961783439490446
886	0.0018577494692144374
1424	0.004777070063694267
3033	0.0007961783439490446
4009	0.005307855626326964
3258	0.002653927813163482
1867	0.002653927813163482
3597	0.0034501061571125266
1930	0.0010615711252653928
3251	0.0005307855626326964
1444	0.0018577494692144374
3013	0.0002653927813163482
32	0.0010615711252653928
3130	0.0007961783439490446
4010	0.0034501061571125266
855	0.0018577494692144374
3140	0.0002653927813163482
735	0.0007961783439490446
4011	0.0021231422505307855
2221	0.0005307855626326964
2192	0.00291932059447983
4012	0.00583864118895966
959	0.0007961783439490446
1004	0.0007961783439490446
2002	0.0005307855626326964
801	0.0015923566878980893
1100	0.0023885350318471337
4013	0.004246284501061571
4014	0.004511677282377919
1649	0.0015923566878980893
1882	0.0005307855626326964
1567	0.00291932059447983
2736	0.001326963906581741
882	0.0021231422505307855
4015	0.00291932059447983
1732	0.0010615711252653928
3023	0.003980891719745223
4016	0.0031847133757961785
4017	0.003980891719745223
3402	0.0023885350318471337
294	0.0050424628450106155
2195	0.0018577494692144374
1233	0.0007961783439490446
1943	0.0010615711252653928
3360	0.0015923566878980893
4018	0.012208067940552016
3153	0.0037154989384288748
3002	0.0002653927813163482
3001	0.0010615711252653928
1590	0.0010615711252653928
1650	0.0015923566878980893
238	0.0010615711252653928
3900	0.0021231422505307855
3084	0.0050424628450106155
758	0.0018577494692144374
65	0.0015923566878980893
1203	0.0005307855626326964
2943	0.0018577494692144374
3312	0.0007961783439490446
2479	0.0002653927813163482
908	0.0031847133757961785
3192	0.001326963906581741
1897	0.0002653927813163482
1093	0.0002653927813163482
2138	0.0015923566878980893
3549	0.0007961783439490446
684	0.0005307855626326964
1553	0.0002653927813163482
3412	0.008492569002123142
351	0.0010615711252653928
4019	0.002653927813163482
503	0.0005307855626326964
904	0.0034501061571125266
1544	0.0007961783439490446
2633	0.0002653927813163482
946	0.001326963906581741
4020	0.004511677282377919
4021	0.0018577494692144374
138	0.006900212314225053
3199	0.0010615711252653928
3125	0.001326963906581741
1117	0.001326963906581741
3740	0.0005307855626326964
35	0.001326963906581741
4022	0.010084925690021231
3719	0.0007961783439490446
4023	0.0021231422505307855
859	0.0018577494692144374
244	0.0007961783439490446
4024	0.010350318471337579
999	0.0018577494692144374
621	0.0007961783439490446
2932	0.002653927813163482
1783	0.004511677282377919
24	0.002653927813163482
381	0.0010615711252653928
3177	0.0005307855626326964
3086	0.0015923566878980893
2033	0.0010615711252653928
2107	0.0007961783439490446
3415	0.0007961783439490446
821	0.001326963906581741
561	0.001326963906581741
582	0.0023885350318471337
283	0.0034501061571125266
680	0.0007961783439490446
281	0.0005307855626326964
989	0.0031847133757961785
4025	0.0023885350318471337
4026	0.007696390658174098
3383	0.0007961783439490446
2385	0.0002653927813163482
1290	0.0005307855626326964
1182	0.0005307855626326964
2379	0.0005307855626326964
3324	0.0005307855626326964
1643	0.0002653927813163482
3697	0.0010615711252653928
685	0.0007961783439490446
1055	0.001326963906581741
3004	0.0005307855626326964
2484	0.0007961783439490446
991	0.0002653927813163482
3047	0.0007961783439490446
3078	0.0007961783439490446
3696	0.0007961783439490446
3712	0.0005307855626326964
1742	0.0015923566878980893
4027	0.0015923566878980893
1323	0.0007961783439490446
3424	0.0015923566878980893
1526	0.0010615711252653928
4028	0.013800424628450107
3154	0.0037154989384288748
30	0.0018577494692144374
1932	0.0007961783439490446
1760	0.0007961783439490446
1236	0.0007961783439490446
1820	0.001326963906581741
562	0.0034501061571125266
1931	0.0005307855626326964
475	0.0007961783439490446
407	0.0002653927813163482
2404	0.0007961783439490446
2660	0.0007961783439490446
1302	0.0010615711252653928
1120	0.0015923566878980893
186	0.0005307855626326964
3899	0.0002653927813163482
6	0.0023885350318471337
2078	0.0007961783439490446
4029	0.004777070063694267
4030	0.00291932059447983
435	0.0034501061571125266
2114	0.0002653927813163482
3605	0.0018577494692144374
3777	0.0010615711252653928
3516	0.0007961783439490446
27	0.00291932059447983
3341	0.0005307855626326964
3200	0.0005307855626326964
1502	0.0007961783439490446
2913	0.0005307855626326964
4031	0.007696390658174098
4032	0.004777070063694267
1529	0.0021231422505307855
3408	0.0002653927813163482
417	0.0005307855626326964
114	0.0007961783439490446
208	0.0007961783439490446
4033	0.0015923566878980893
4034	0.0021231422505307855
4035	0.0037154989384288748
1895	0.0002653927813163482
792	0.0018577494692144374
3025	0.0007961783439490446
4036	0.002653927813163482
3707	0.0005307855626326964
4037	0.022292993630573247
348	0.001326963906581741
1425	0.0018577494692144374
2369	0.001326963906581741
1399	0.00291932059447983
3857	0.0007961783439490446
1579	0.0021231422505307855
3425	0.0031847133757961785
3390	0.0015923566878980893
3357	0.0010615711252653928
717	0.004246284501061571
79	0.004511677282377919
85	0.0015923566878980893
3161	0.0010615711252653928
1868	0.00291932059447983
2891	0.0005307855626326964
2701	0.0010615711252653928
1844	0.0050424628450106155
4038	0.0050424628450106155
4039	0.016719745222929936
3859	0.0005307855626326964
3770	0.0010615711252653928
476	0.0005307855626326964
3248	0.0005307855626326964
841	0.0002653927813163482
3000	0.0002653927813163482
1202	0.0007961783439490446
145	0.0005307855626326964
303	0.0010615711252653928
3019	0.0005307855626326964
1708	0.004511677282377919
1913	0.0005307855626326964
1018	0.0005307855626326964
17	0.0002653927813163482
1422	0.0005307855626326964
2209	0.0007961783439490446
740	0.0002653927813163482
971	0.0007961783439490446
1767	0.0002653927813163482
253	0.0010615711252653928
266	0.0010615711252653928
2173	0.0005307855626326964
1135	0.0005307855626326964
337	0.0005307855626326964
220	0.0005307855626326964
3240	0.0010615711252653928
1070	0.0005307855626326964
3505	0.0002653927813163482
1822	0.0005307855626326964
2072	0.0023885350318471337
3064	0.0002653927813163482
2987	0.0005307855626326964
3136	0.0005307855626326964
3264	0.0007961783439490446
365	0.0002653927813163482
107	0.0010615711252653928
2302	0.0010615711252653928
982	0.0005307855626326964
3282	0.0005307855626326964
3190	0.0002653927813163482
3352	0.0015923566878980893
1619	0.0002653927813163482
1974	0.0005307855626326964
2	0.008227176220806794
3822	0.0005307855626326964
218	0.0005307855626326964
895	0.004246284501061571
4040	0.001326963906581741
3494	0.0005307855626326964
513	0.007165605095541401
4041	0.004246284501061571
1850	0.001326963906581741
1604	0.0007961783439490446
1030	0.0015923566878980893
3837	0.0023885350318471337
4042	0.0018577494692144374
4043	0.00291932059447983
2992	0.0002653927813163482
781	0.0007961783439490446
3873	0.00583864118895966
4044	0.00291932059447983
1068	0.0005307855626326964
1799	0.0007961783439490446
2327	0.0007961783439490446
4045	0.007165605095541401
3291	0.0002653927813163482
2927	0.0018577494692144374
2918	0.0010615711252653928
1796	0.0002653927813163482
1309	0.0005307855626326964
295	0.0010615711252653928
1878	0.0015923566878980893
3687	0.0005307855626326964
2241	0.001326963906581741
3404	0.0018577494692144374
83	0.0010615711252653928
1510	0.001326963906581741
3496	0.001326963906581741
1367	0.0010615711252653928
131	0.0007961783439490446
1475	0.0010615711252653928
538	0.0015923566878980893
4046	0.0034501061571125266
1534	0.0010615711252653928
4047	0.005573248407643312
4048	0.004246284501061571
1027	0.0010615711252653928
1486	0.0005307855626326964
1346	0.0007961783439490446
3600	0.0002653927813163482
332	0.0005307855626326964
1482	0.0007961783439490446
3575	0.0002653927813163482
694	0.0005307855626326964
2039	0.0005307855626326964
784	0.001326963906581741
1269	0.0002653927813163482
1235	0.0005307855626326964
3212	0.0005307855626326964
4049	0.006369426751592357
4050	0.0021231422505307855
3392	0.0015923566878980893
3	0.0007961783439490446
28	0.003980891719745223
3446	0.001326963906581741
950	0.0023885350318471337
4051	0.004777070063694267
4052	0.00291932059447983
869	0.002653927813163482
29	0.0007961783439490446
1374	0.0010615711252653928
1550	0.0018577494692144374
2386	0.0005307855626326964
1696	0.0010615711252653928
2702	0.0007961783439490446
4053	0.003980891719745223
2540	0.0002653927813163482
4054	0.0034501061571125266
1944	0.0007961783439490446
883	0.0023885350318471337
3255	0.0007961783439490446
4055	0.0037154989384288748
1892	0.001326963906581741
2019	0.0015923566878980893
1178	0.0015923566878980893
605	0.00291932059447983
1617	0.001326963906581741
2349	0.0007961783439490446
4056	0.0037154989384288748
373	0.0015923566878980893
2214	0.0018577494692144374
3174	0.0018577494692144374
323	0.0005307855626326964
4057	0.006634819532908705
3110	0.0002653927813163482
1543	0.0005307855626326964
2288	0.0002653927813163482
1327	0.0015923566878980893
2186	0.0005307855626326964
2291	0.001326963906581741
1841	0.0005307855626326964
789	0.0010615711252653928
4058	0.0018577494692144374
2973	0.0005307855626326964
1037	0.0005307855626326964
121	0.0015923566878980893
4059	0.012208067940552016
310	0.001326963906581741
81	0.0021231422505307855
1164	0.0018577494692144374
3166	0.0018577494692144374
4060	0.0005307855626326964
4061	0.00291932059447983
4062	0.0021231422505307855
976	0.00291932059447983
1472	0.0018577494692144374
4063	0.004777070063694267
2259	0.0005307855626326964
1347	0.001326963906581741
329	0.0002653927813163482
2029	0.0023885350318471337
983	0.0031847133757961785
2699	0.0005307855626326964
3414	0.0007961783439490446
4064	0.003980891719745223
64	0.0005307855626326964
3641	0.0007961783439490446
4065	0.0023885350318471337
1273	0.0015923566878980893
1213	0.0010615711252653928
2242	0.0002653927813163482
1496	0.0005307855626326964
4066	0.0015923566878980893
2256	0.0007961783439490446
222	0.0010615711252653928
3228	0.0005307855626326964
4067	0.0007961783439490446
4068	0.005573248407643312
4069	0.0034501061571125266
2363	0.0005307855626326964
443	0.002653927813163482
622	0.0002653927813163482
632	0.0005307855626326964
2808	0.0002653927813163482
2134	0.0002653927813163482
1716	0.0005307855626326964
2465	0.001326963906581741
2725	0.0002653927813163482
3051	0.0015923566878980893
1571	0.0005307855626326964
4070	0.0010615711252653928
2605	0.0002653927813163482
4071	0.002653927813163482
3699	0.002653927813163482
142	0.0031847133757961785
1283	0.0018577494692144374
3378	0.0010615711252653928
4072	0.002653927813163482
2912	0.0007961783439490446
467	0.0018577494692144374
4073	0.0018577494692144374
2164	0.0002653927813163482
1494	0.0005307855626326964
4074	0.00583864118895966
2590	0.0015923566878980893
2223	0.0005307855626326964
1039	0.0023885350318471337
2656	0.0002653927813163482
998	0.0010615711252653928
2834	0.0005307855626326964
1247	0.0023885350318471337
3498	0.0005307855626326964
1672	0.0005307855626326964
4075	0.00291932059447983
4076	0.0074309978768577496
3044	0.0007961783439490446
1723	0.0002653927813163482
3876	0.00291932059447983
511	0.0015923566878980893
546	0.0002653927813163482
264	0.0007961783439490446
4077	0.006634819532908705
341	0.0015923566878980893
1320	0.0010615711252653928
1345	0.0010615711252653928
661	0.002653927813163482
4078	0.003980891719745223
3692	0.0007961783439490446
3042	0.0021231422505307855
4079	0.006104033970276008
4080	0.004511677282377919
1518	0.001326963906581741
2473	0.0010615711252653928
2788	0.0010615711252653928
245	0.0005307855626326964
2101	0.0005307855626326964
1244	0.0002653927813163482
3112	0.0007961783439490446
1770	0.0002653927813163482
2304	0.0007961783439490446
1284	0.0002653927813163482
2160	0.0005307855626326964
2410	0.0002653927813163482
2805	0.0002653927813163482
2510	0.0005307855626326964
3616	0.0002653927813163482
3113	0.0015923566878980893
4081	0.006369426751592357
1060	0.0005307855626326964
185	0.0015923566878980893
662	0.0007961783439490446
1398	0.0007961783439490446
3009	0.0002653927813163482
4082	0.0010615711252653928
3767	0.0005307855626326964
212	0.0005307855626326964
4083	0.0021231422505307855
3305	0.0007961783439490446
3611	0.0015923566878980893
4084	0.003980891719745223
4085	0.002653927813163482
2426	0.0005307855626326964
2538	0.0005307855626326964
397	0.0007961783439490446
3172	0.0002653927813163482
4086	0.004246284501061571
132	0.00291932059447983
378	0.0002653927813163482
3075	0.0002653927813163482
1816	0.0005307855626326964
4087	0.0050424628450106155
648	0.001326963906581741
1595	0.0007961783439490446
955	0.0010615711252653928
3805	0.0002653927813163482
697	0.0010615711252653928
2174	0.0007961783439490446
3714	0.0007961783439490446
3570	0.0010615711252653928
4088	0.011146496815286623
3365	0.0021231422505307855
3842	0.001326963906581741
709	0.0005307855626326964
774	0.0037154989384288748
4089	0.0021231422505307855
4090	0.011146496815286623
1853	0.0005307855626326964
3906	0.0010615711252653928
1300	0.0005307855626326964
1493	0.0002653927813163482
3787	0.0002653927813163482
1910	0.001326963906581741
469	0.0005307855626326964
1069	0.0007961783439490446
3226	0.0005307855626326964
2601	0.0007961783439490446
4091	0.00291932059447983
4092	0.005573248407643312
2296	0.0010615711252653928
168	0.0005307855626326964
4093	0.004246284501061571
3234	0.0005307855626326964
2986	0.0007961783439490446
4094	0.0037154989384288748
3308	0.0010615711252653928
2775	0.0002653927813163482
2024	0.001326963906581741
4095	0.0031847133757961785
451	0.0018577494692144374
541	0.0002653927813163482
2447	0.0010615711252653928
1455	0.0005307855626326964
1854	0.0010615711252653928
4096	0.0015923566878980893
1648	0.0002653927813163482
2406	0.0002653927813163482
4097	0.0015923566878980893
2893	0.0007961783439490446
4098	0.008492569002123142
1296	0.0005307855626326964
4099	0.0021231422505307855
2468	0.0007961783439490446
1584	0.001326963906581741
3757	0.0005307855626326964
3758	0.0005307855626326964
4100	0.004511677282377919
4101	0.0015923566878980893
3188	0.0005307855626326964
940	0.0002653927813163482
1937	0.0002653927813163482
4102	0.009023354564755838
1729	0.0007961783439490446
2535	0.0010615711252653928
4103	0.0015923566878980893
4104	0.001326963906581741
2746	0.0005307855626326964
579	0.001326963906581741
1524	0.0010615711252653928
1412	0.0002653927813163482
4105	0.0050424628450106155
3065	0.0018577494692144374
1435	0.0005307855626326964
4106	0.004777070063694267
1043	0.0023885350318471337
1498	0.0018577494692144374
613	0.0015923566878980893
74	0.0007961783439490446
1827	0.0005307855626326964
499	0.0018577494692144374
1307	0.0010615711252653928
412	0.0002653927813163482
3792	0.0018577494692144374
1090	0.0005307855626326964
4107	0.0037154989384288748
1631	0.0002653927813163482
957	0.0005307855626326964
4108	0.022823779193205943
3833	0.0002653927813163482
441	0.0005307855626326964
2971	0.0007961783439490446
440	0.0005307855626326964
284	0.0018577494692144374
1859	0.0007961783439490446
3542	0.0010615711252653928
3827	0.0007961783439490446
2611	0.0007961783439490446
802	0.0007961783439490446
3832	0.0005307855626326964
354	0.0002653927813163482
3762	0.0005307855626326964
2983	0.0010615711252653928
3742	0.001326963906581741
1122	0.0005307855626326964
72	0.0007961783439490446
673	0.0002653927813163482
911	0.0007961783439490446
3880	0.0005307855626326964
2942	0.0002653927813163482
1573	0.0002653927813163482
4109	0.0050424628450106155
4110	0.0015923566878980893
1506	0.0010615711252653928
2606	0.0007961783439490446
676	0.002653927813163482
723	0.0010615711252653928
3490	0.001326963906581741
4111	0.0037154989384288748
1226	0.0002653927813163482
669	0.0002653927813163482
710	0.0015923566878980893
4112	0.006369426751592357
2566	0.001326963906581741
4113	0.0037154989384288748
59	0.0002653927813163482
783	0.0007961783439490446
2243	0.0010615711252653928
1459	0.0007961783439490446
4114	0.001326963906581741
4115	0.0015923566878980893
3442	0.0007961783439490446
4116	0.0007961783439490446
4117	0.0018577494692144374
4118	0.009023354564755838
1978	0.00291932059447983
2466	0.0018577494692144374
990	0.0021231422505307855
452	0.0021231422505307855
2037	0.0005307855626326964
3677	0.0021231422505307855
3221	0.001326963906581741
1436	0.0005307855626326964
2378	0.0010615711252653928
4119	0.0018577494692144374
1671	0.0005307855626326964
594	0.0010615711252653928
4120	0.0050424628450106155
2439	0.0010615711252653928
2636	0.0002653927813163482
3453	0.0007961783439490446
556	0.0010615711252653928
3454	0.0005307855626326964
4121	0.01618895966029724
3230	0.0002653927813163482
1994	0.0002653927813163482
933	0.0005307855626326964
3265	0.0002653927813163482
1249	0.0005307855626326964
3660	0.0002653927813163482
564	0.002653927813163482
3185	0.0023885350318471337
2498	0.0002653927813163482
1657	0.0007961783439490446
3545	0.0007961783439490446
89	0.0002653927813163482
445	0.0005307855626326964
1451	0.0002653927813163482
1911	0.0002653927813163482
317	0.0021231422505307855
2201	0.0005307855626326964
257	0.0007961783439490446
3500	0.001326963906581741
3016	0.001326963906581741
2089	0.0007961783439490446
3106	0.0007961783439490446
3755	0.0002653927813163482
1585	0.0002653927813163482
1198	0.0010615711252653928
2982	0.0005307855626326964
2237	0.001326963906581741
2311	0.0002653927813163482
779	0.0007961783439490446
1688	0.0010615711252653928
530	0.0005307855626326964
448	0.0007961783439490446
1695	0.0015923566878980893
931	0.0002653927813163482
73	0.0007961783439490446
1499	0.0007961783439490446
3544	0.0007961783439490446
2796	0.0002653927813163482
4122	0.004246284501061571
1798	0.0007961783439490446
3388	0.0005307855626326964
1698	0.0007961783439490446
4123	0.00291932059447983
1048	0.001326963906581741
267	0.0002653927813163482
4124	0.0021231422505307855
4125	0.0031847133757961785
734	0.0021231422505307855
1934	0.0018577494692144374
1533	0.0007961783439490446
505	0.0018577494692144374
454	0.0015923566878980893
3884	0.0018577494692144374
3831	0.0005307855626326964
4126	0.010615711252653927
1902	0.0010615711252653928
194	0.001326963906581741
604	0.0010615711252653928
1535	0.0021231422505307855
2451	0.0007961783439490446
2750	0.0005307855626326964
1641	0.0005307855626326964
3779	0.0002653927813163482
3698	0.0007961783439490446
606	0.0034501061571125266
19	0.0037154989384288748
1258	0.0005307855626326964
3515	0.002653927813163482
7	0.001326963906581741
4127	0.0018577494692144374
3261	0.0010615711252653928
4128	0.008492569002123142
2367	0.001326963906581741
3573	0.0010615711252653928
76	0.001326963906581741
2969	0.0015923566878980893
2970	0.0015923566878980893
3458	0.0018577494692144374
263	0.001326963906581741
3007	0.0007961783439490446
1050	0.001326963906581741
2916	0.0007961783439490446
975	0.0010615711252653928
3015	0.0010615711252653928
3014	0.0010615711252653928
1143	0.0007961783439490446
2441	0.0007961783439490446
442	0.001326963906581741
4129	0.0037154989384288748
2357	0.0005307855626326964
885	0.0002653927813163482
3633	0.00291932059447983
732	0.0007961783439490446
4130	0.009819532908704883
2031	0.0010615711252653928
2428	0.0002653927813163482
3680	0.0018577494692144374
2205	0.001326963906581741
3262	0.0005307855626326964
150	0.001326963906581741
4131	0.0023885350318471337
2475	0.0002653927813163482
3026	0.0007961783439490446
4132	0.004777070063694267
4133	0.003980891719745223
3466	0.0002653927813163482
429	0.0002653927813163482
2390	0.0005307855626326964
116	0.0005307855626326964
2312	0.0005307855626326964
1891	0.0002653927813163482
2574	0.0005307855626326964
2010	0.0005307855626326964
2207	0.0007961783439490446
535	0.0018577494692144374
2463	0.0002653927813163482
4134	0.006634819532908705
1987	0.0005307855626326964
4135	0.002653927813163482
1519	0.001326963906581741
2434	0.0002653927813163482
3322	0.0005307855626326964
4136	0.004511677282377919
495	0.001326963906581741
3529	0.001326963906581741
1963	0.0002653927813163482
4137	0.006104033970276008
1102	0.0005307855626326964
482	0.0005307855626326964
2161	0.001326963906581741
3063	0.001326963906581741
1539	0.0005307855626326964
2106	0.0002653927813163482
4138	0.013535031847133758
1280	0.0007961783439490446
2329	0.0005307855626326964
1582	0.002653927813163482
812	0.0002653927813163482
4139	0.004777070063694267
4140	0.005573248407643312
4141	0.005307855626326964
4142	0.001326963906581741
4143	0.00291932059447983
1256	0.001326963906581741
4144	0.0037154989384288748
831	0.0007961783439490446
4145	0.004777070063694267
3679	0.0005307855626326964
3103	0.0007961783439490446
3091	0.0010615711252653928
3102	0.0010615711252653928
2547	0.0010615711252653928
1884	0.0005307855626326964
746	0.0015923566878980893
2097	0.0007961783439490446
615	0.0005307855626326964
4146	0.001326963906581741
161	0.0007961783439490446
4147	0.004246284501061571
4148	0.0037154989384288748
1689	0.001326963906581741
1139	0.0018577494692144374
2094	0.0002653927813163482
803	0.0010615711252653928
2909	0.0005307855626326964
2402	0.0005307855626326964
2126	0.0002653927813163482
4149	0.0034501061571125266
306	0.0010615711252653928
31	0.0002653927813163482
4150	0.00583864118895966
1294	0.0007961783439490446
1862	0.0005307855626326964
1562	0.0010615711252653928
1415	0.0015923566878980893
4151	0.005573248407643312
4152	0.006634819532908705
380	0.0007961783439490446
3475	0.0005307855626326964
344	0.0031847133757961785
3860	0.0010615711252653928
3348	0.0007961783439490446
1225	0.0002653927813163482
1232	0.0010615711252653928
2763	0.0002653927813163482
755	0.0002653927813163482
2017	0.0002653927813163482
328	0.0007961783439490446
1246	0.0005307855626326964
522	0.0007961783439490446
4153	0.006369426751592357
199	0.0023885350318471337
4154	0.012208067940552016
438	0.0005307855626326964
1195	0.0010615711252653928
2576	0.0002653927813163482
3867	0.001326963906581741
3891	0.0007961783439490446
2333	0.0005307855626326964
1431	0.001326963906581741
2649	0.0005307855626326964
3069	0.0010615711252653928
102	0.0005307855626326964
2685	0.0005307855626326964
1416	0.0005307855626326964
695	0.0015923566878980893
1871	0.0010615711252653928
302	0.0010615711252653928
2537	0.0007961783439490446
2954	0.0002653927813163482
3286	0.0005307855626326964
4155	0.0010615711252653928
4156	0.0050424628450106155
1697	0.0021231422505307855
375	0.0005307855626326964
1042	0.0015923566878980893
2686	0.0005307855626326964
1211	0.0005307855626326964
4157	0.0074309978768577496
4158	0.005573248407643312
2940	0.001326963906581741
2181	0.0007961783439490446
423	0.0007961783439490446
3796	0.0002653927813163482
4159	0.002653927813163482
2165	0.0005307855626326964
2901	0.0002653927813163482
4160	0.00583864118895966
2985	0.0002653927813163482
1842	0.0005307855626326964
187	0.0007961783439490446
4161	0.003980891719745223
2676	0.0002653927813163482
1694	0.0007961783439490446
1125	0.0010615711252653928
4162	0.00291932059447983
958	0.0010615711252653928
68	0.0002653927813163482
1635	0.0005307855626326964
828	0.0010615711252653928
4163	0.004777070063694267
2233	0.0002653927813163482
1002	0.0007961783439490446
765	0.0007961783439490446
1566	0.0005307855626326964
1961	0.0005307855626326964
924	0.0005307855626326964
1485	0.0015923566878980893
2894	0.0002653927813163482
4164	0.0050424628450106155
2759	0.0005307855626326964
1429	0.0005307855626326964
4165	0.010881104033970275
336	0.0010615711252653928
3227	0.0005307855626326964
339	0.0007961783439490446
4166	0.00875796178343949
133	0.0010615711252653928
225	0.0007961783439490446
3587	0.0007961783439490446
1724	0.001326963906581741
2803	0.0002653927813163482
3624	0.0005307855626326964
871	0.0002653927813163482
1360	0.0007961783439490446
624	0.0002653927813163482
912	0.0007961783439490446
3411	0.0005307855626326964
914	0.0005307855626326964
3115	0.0005307855626326964
3340	0.001326963906581741
4167	0.0031847133757961785
3120	0.0002653927813163482
1362	0.0002653927813163482
4168	0.006634819532908705
196	0.001326963906581741
2176	0.0002653927813163482
4169	0.0021231422505307855
575	0.0005307855626326964
4170	0.004511677282377919
2062	0.0007961783439490446
3731	0.0002653927813163482
3893	0.0015923566878980893
3242	0.0002653927813163482
818	0.0015923566878980893
4171	0.0050424628450106155
2239	0.0002653927813163482
1344	0.0005307855626326964
2640	0.0005307855626326964
4172	0.0034501061571125266
360	0.0010615711252653928
4173	0.004511677282377919
4174	0.007165605095541401
3739	0.0002653927813163482
2517	0.0010615711252653928
1773	0.0007961783439490446
1766	0.0010615711252653928
1785	0.0005307855626326964
3512	0.0005307855626326964
3513	0.0005307855626326964
431	0.0005307855626326964
57	0.0007961783439490446
4175	0.006634819532908705
1092	0.0005307855626326964
4176	0.0007961783439490446
2937	0.0005307855626326964
4177	0.006104033970276008
1547	0.0007961783439490446
1413	0.0005307855626326964
1956	0.0002653927813163482
4178	0.002653927813163482
1282	0.0002653927813163482
2472	0.0007961783439490446
4179	0.005573248407643312
1527	0.0002653927813163482
87	0.0015923566878980893
333	0.0005307855626326964
4180	0.0021231422505307855
3385	0.001326963906581741
2988	0.0002653927813163482
4181	0.001326963906581741
198	0.0002653927813163482
4182	0.006900212314225053
4183	0.012208067940552016
531	0.0002653927813163482
2719	0.0002653927813163482
361	0.0002653927813163482
2076	0.0007961783439490446
1387	0.0005307855626326964
3835	0.0007961783439490446
974	0.0002653927813163482
1231	0.0002653927813163482
1150	0.0002653927813163482
3070	0.0002653927813163482
176	0.0015923566878980893
2688	0.0010615711252653928
967	0.0002653927813163482
3517	0.0002653927813163482
2305	0.0005307855626326964
1272	0.0002653927813163482
2212	0.0002653927813163482
4184	0.004511677282377919
1255	0.0002653927813163482
2669	0.0002653927813163482
867	0.0010615711252653928
1596	0.0002653927813163482
4185	0.002653927813163482
459	0.0010615711252653928
4186	0.0050424628450106155
3499	0.0005307855626326964
2158	0.0010615711252653928
1851	0.0005307855626326964
3105	0.0007961783439490446
4187	0.004777070063694267
4188	0.0015923566878980893
2388	0.0005307855626326964
1476	0.0002653927813163482
2307	0.001326963906581741
4189	0.014331210191082803
236	0.0007961783439490446
2156	0.0018577494692144374
4190	0.009288747346072187
901	0.0007961783439490446
155	0.0005307855626326964
4191	0.006634819532908705
1969	0.0005307855626326964
4192	0.0037154989384288748
4193	0.0005307855626326964
2188	0.0002653927813163482
3897	0.0005307855626326964
4194	0.0023885350318471337
609	0.0007961783439490446
1607	0.0005307855626326964
1714	0.0005307855626326964
4195	0.0031847133757961785
3345	0.0005307855626326964
206	0.0002653927813163482
2308	0.0002653927813163482
639	0.0002653927813163482
1097	0.0002653927813163482
2924	0.0002653927813163482
2756	0.0002653927813163482
4196	0.015392781316348195
1086	0.0007961783439490446
929	0.0007961783439490446
3344	0.0007961783439490446
1528	0.0005307855626326964
947	0.0010615711252653928
2584	0.0007961783439490446
3201	0.0005307855626326964
1091	0.0005307855626326964
3571	0.001326963906581741
728	0.0005307855626326964
2892	0.0005307855626326964
4197	0.0015923566878980893
2189	0.0005307855626326964
3887	0.0002653927813163482
4198	0.003980891719745223
2303	0.0005307855626326964
1918	0.0002653927813163482
3152	0.0002653927813163482
4199	0.010615711252653927
3462	0.0021231422505307855
2521	0.0010615711252653928
4200	0.003980891719745223
2643	0.0007961783439490446
4201	0.003980891719745223
4202	0.00291932059447983
340	0.0007961783439490446
233	0.0002653927813163482
307	0.0005307855626326964
508	0.006900212314225053
2876	0.0002653927813163482
1108	0.0021231422505307855
3497	0.0010615711252653928
2111	0.0010615711252653928
4203	0.0074309978768577496
3433	0.0010615711252653928
1626	0.0007961783439490446
3795	0.0002653927813163482
935	0.0007961783439490446
1010	0.0005307855626326964
2131	0.0015923566878980893
2978	0.0005307855626326964
4204	0.0037154989384288748
4205	0.003980891719745223
4206	0.0015923566878980893
4207	0.004777070063694267
1640	0.0015923566878980893
291	0.0002653927813163482
1197	0.0005307855626326964
2416	0.0005307855626326964
1277	0.0018577494692144374
1907	0.0007961783439490446
2684	0.0002653927813163482
2955	0.0002653927813163482
1281	0.0002653927813163482
1739	0.0007961783439490446
1479	0.0007961783439490446
439	0.0002653927813163482
4208	0.003980891719745223
1645	0.0002653927813163482
1342	0.0002653927813163482
2623	0.0002653927813163482
637	0.001326963906581741
1295	0.0002653927813163482
4209	0.0050424628450106155
4210	0.0034501061571125266
665	0.0002653927813163482
376	0.0005307855626326964
2667	0.0002653927813163482
1887	0.0007961783439490446
1336	0.0005307855626326964
4211	0.007165605095541401
1465	0.0007961783439490446
4212	0.01592356687898089
3875	0.0005307855626326964
1948	0.0005307855626326964
2679	0.0002653927813163482
3623	0.0007961783439490446
4213	0.0023885350318471337
3551	0.0005307855626326964
3376	0.0002653927813163482
1394	0.0002653927813163482
4214	0.003980891719745223
3591	0.0002653927813163482
1116	0.0010615711252653928
3711	0.0005307855626326964
3592	0.0002653927813163482
1525	0.0005307855626326964
4215	0.001326963906581741
4216	0.002653927813163482
3191	0.0002653927813163482
2346	0.0002653927813163482
516	0.0005307855626326964
2722	0.0002653927813163482
1580	0.0005307855626326964
563	0.0007961783439490446
515	0.0005307855626326964
2904	0.0005307855626326964
4217	0.004246284501061571
4218	0.0037154989384288748
3681	0.0007961783439490446
4219	0.004777070063694267
1458	0.0005307855626326964
4220	0.0015923566878980893
4221	0.016985138004246284
4222	0.003980891719745223
2316	0.0005307855626326964
3629	0.0002653927813163482
276	0.0007961783439490446
1757	0.0002653927813163482
927	0.0007961783439490446
2950	0.0002653927813163482
4223	0.0010615711252653928
3525	0.0002653927813163482
4224	0.011411889596602972
3398	0.0007961783439490446
1676	0.0007961783439490446
2826	0.0002653927813163482
891	0.0007961783439490446
1339	0.0018577494692144374
2990	0.0005307855626326964
2815	0.0002653927813163482
86	0.0005307855626326964
937	0.0002653927813163482
1266	0.0002653927813163482
1230	0.0018577494692144374
4225	0.004777070063694267
3514	0.0005307855626326964
952	0.0007961783439490446
2222	0.0002653927813163482
4226	0.011942675159235668
3155	0.0010615711252653928
805	0.0021231422505307855
777	0.0005307855626326964
466	0.00291932059447983
93	0.0005307855626326964
4227	0.006104033970276008
988	0.0007961783439490446
1790	0.0010615711252653928
4228	0.0015923566878980893
4229	0.007961783439490446
2012	0.0005307855626326964
4230	0.004246284501061571
2792	0.0005307855626326964
3537	0.0005307855626326964
3602	0.0005307855626326964
3557	0.0010615711252653928
1454	0.0005307855626326964
4231	0.004511677282377919
1664	0.0005307855626326964
4232	0.0034501061571125266
583	0.0010615711252653928
2557	0.0005307855626326964
1925	0.0002653927813163482
1044	0.0002653927813163482
4233	0.004777070063694267
2185	0.0005307855626326964
4234	0.005307855626326964
4235	0.007696390658174098
97	0.0010615711252653928
4236	0.009819532908704883
504	0.001326963906581741
2144	0.0007961783439490446
851	0.0007961783439490446
1602	0.0010615711252653928
3894	0.0005307855626326964
1096	0.0002653927813163482
90	0.0010615711252653928
4237	0.0015923566878980893
1303	0.0002653927813163482
4238	0.0010615711252653928
4239	0.0023885350318471337
3081	0.0007961783439490446
3056	0.0002653927813163482
4240	0.00291932059447983
4241	0.004511677282377919
2508	0.0005307855626326964
3613	0.0007961783439490446
3426	0.0002653927813163482
4242	0.006634819532908705
4243	0.006369426751592357
1481	0.0007961783439490446
1484	0.0007961783439490446
2236	0.0002653927813163482
2548	0.0002653927813163482
768	0.0007961783439490446
3297	0.0007961783439490446
1659	0.0005307855626326964
3478	0.0005307855626326964
4244	0.001326963906581741
4245	0.0010615711252653928
4246	0.0007961783439490446
4247	0.004511677282377919
3748	0.0002653927813163482
4248	0.0050424628450106155
4249	0.006634819532908705
2238	0.0005307855626326964
1903	0.0005307855626326964
1845	0.001326963906581741
1214	0.0018577494692144374
1448	0.001326963906581741
1158	0.0002653927813163482
1881	0.0005307855626326964
4250	0.004246284501061571
3534	0.0010615711252653928
620	0.0007961783439490446
4251	0.006634819532908705
15	0.0002653927813163482
3581	0.0007961783439490446
1239	0.0005307855626326964
2809	0.0002653927813163482
1366	0.0002653927813163482
3298	0.0005307855626326964
1490	0.0002653927813163482
754	0.0002653927813163482
2366	0.0002653927813163482
3809	0.0002653927813163482
2083	0.0002653927813163482
4252	0.0034501061571125266
4253	0.012208067940552016
2933	0.001326963906581741
3645	0.0002653927813163482
2754	0.0002653927813163482
2112	0.0002653927813163482
938	0.0002653927813163482
3099	0.0007961783439490446
2830	0.0002653927813163482
1003	0.0002653927813163482
2671	0.0002653927813163482
3807	0.0015923566878980893
3721	0.0005307855626326964
3676	0.0007961783439490446
1442	0.0005307855626326964
757	0.0005307855626326964
4254	0.007696390658174098
4255	0.00291932059447983
965	0.0005307855626326964
963	0.0002653927813163482
1315	0.0005307855626326964
788	0.0002653927813163482
3864	0.0002653927813163482
2477	0.0005307855626326964
2561	0.0018577494692144374
1501	0.0005307855626326964
4256	0.007696390658174098
1639	0.0005307855626326964
1516	0.0005307855626326964
1608	0.0005307855626326964
1075	0.0007961783439490446
2500	0.0005307855626326964
1986	0.0002653927813163482
490	0.0031847133757961785
2295	0.0005307855626326964
2403	0.0005307855626326964
4257	0.0010615711252653928
4258	0.00291932059447983
449	0.0002653927813163482
1378	0.0005307855626326964
4259	0.008492569002123142
2654	0.0010615711252653928
787	0.0010615711252653928
979	0.0005307855626326964
4260	0.002653927813163482
4261	0.002653927813163482
2728	0.0002653927813163482
1717	0.0010615711252653928
4262	0.00291932059447983
4263	0.002653927813163482
3561	0.0005307855626326964
934	0.0002653927813163482
4264	0.011411889596602972
1129	0.0007961783439490446
1597	0.0010615711252653928
4265	0.006369426751592357
4266	0.007696390658174098
468	0.0018577494692144374
2446	0.0002653927813163482
2066	0.0018577494692144374
3104	0.0002653927813163482
4267	0.0002653927813163482
4268	0.00291932059447983
4269	0.0021231422505307855
4270	0.0037154989384288748
2541	0.0007961783439490446
842	0.0005307855626326964
4271	0.004511677282377919
4272	0.001326963906581741
1054	0.0010615711252653928
2088	0.0005307855626326964
2452	0.0002653927813163482
4273	0.004777070063694267
3791	0.0010615711252653928
4274	0.00291932059447983
4275	0.0023885350318471337
1616	0.0005307855626326964
2283	0.0005307855626326964
3904	0.0002653927813163482
4276	0.0023885350318471337
4277	0.0021231422505307855
2543	0.0002653927813163482
2816	0.0005307855626326964
2539	0.0002653927813163482
4278	0.00291932059447983
1857	0.0002653927813163482
4279	0.006369426751592357
1940	0.0005307855626326964
3733	0.0002653927813163482
3845	0.0010615711252653928
293	0.0010615711252653928
103	0.0005307855626326964
4280	0.010615711252653927
1792	0.0005307855626326964
2226	0.0005307855626326964
4281	0.003980891719745223
3554	0.0007961783439490446
1674	0.0007961783439490446
2038	0.0005307855626326964
3354	0.0005307855626326964
3717	0.0005307855626326964
506	0.0005307855626326964
4282	0.004246284501061571
4283	0.00291932059447983
3405	0.0007961783439490446
3695	0.0007961783439490446
4284	0.00291932059447983
4285	0.0007961783439490446
4286	0.009023354564755838
1761	0.0002653927813163482
1430	0.0002653927813163482
1819	0.0002653927813163482
2347	0.0002653927813163482
1542	0.0005307855626326964
4287	0.004777070063694267
3231	0.0005307855626326964
313	0.0005307855626326964
1014	0.001326963906581741
1260	0.0005307855626326964
4288	0.004777070063694267
4289	0.01167728237791932
2744	0.0005307855626326964
1900	0.0010615711252653928
3436	0.001326963906581741
2499	0.0002653927813163482
721	0.001326963906581741
4290	0.003980891719745223
1855	0.001326963906581741
4291	0.002653927813163482
630	0.0005307855626326964
2374	0.0010615711252653928
4292	0.002653927813163482
2483	0.0005307855626326964
408	0.0002653927813163482
1849	0.0002653927813163482
4293	0.0050424628450106155
213	0.0010615711252653928
4294	0.0074309978768577496
718	0.0002653927813163482
539	0.001326963906581741
4295	0.01618895966029724
3374	0.0005307855626326964
411	0.0002653927813163482
1200	0.001326963906581741
3664	0.0007961783439490446
4296	0.0007961783439490446
4297	0.002653927813163482
4298	0.004777070063694267
3725	0.0005307855626326964
1662	0.0005307855626326964
3776	0.0002653927813163482
4299	0.003980891719745223
420	0.0005307855626326964
1384	0.0002653927813163482
4300	0.0050424628450106155
3886	0.0007961783439490446
3093	0.0002653927813163482
3094	0.0007961783439490446
2043	0.0005307855626326964
4301	0.0031847133757961785
3171	0.0010615711252653928
4302	0.004511677282377919
1825	0.0007961783439490446
2163	0.0005307855626326964
4303	0.0015923566878980893
453	0.0005307855626326964
4304	0.002653927813163482
2313	0.0002653927813163482
4305	0.007696390658174098
261	0.0010615711252653928
2092	0.0007961783439490446
4306	0.0034501061571125266
4307	0.004777070063694267
3111	0.001326963906581741
797	0.0005307855626326964
3123	0.0018577494692144374
3903	0.0002653927813163482
1173	0.0002653927813163482
2028	0.0010615711252653928
4308	0.011411889596602972
1741	0.0005307855626326964
4309	0.002653927813163482
4310	0.004246284501061571
160	0.0007961783439490446
3326	0.0002653927813163482
4311	0.004511677282377919
4312	0.0031847133757961785
898	0.0005307855626326964
2275	0.0005307855626326964
3406	0.0002653927813163482
954	0.0002653927813163482
3137	0.0010615711252653928
3397	0.0005307855626326964
1860	0.0005307855626326964
2944	0.0007961783439490446
647	0.0002653927813163482
4313	0.011146496815286623
2583	0.0002653927813163482
2194	0.0002653927813163482
3775	0.0002653927813163482
3080	0.0005307855626326964
2387	0.0010615711252653928
4314	0.008227176220806794
4315	0.0015923566878980893
2571	0.0002653927813163482
4316	0.01167728237791932
4317	0.008492569002123142
3121	0.0002653927813163482
1314	0.0010615711252653928
425	0.0002653927813163482
1713	0.0005307855626326964
4318	0.0005307855626326964
4319	0.0005307855626326964
4320	0.002653927813163482
2768	0.0005307855626326964
0	0.001326963906581741
4321	0.010350318471337579
2875	0.0005307855626326964
536	0.0007961783439490446
4322	0.0005307855626326964
4323	0.0034501061571125266
37	0.0002653927813163482
1112	0.0005307855626326964
4324	0.006634819532908705
3656	0.0005307855626326964
3781	0.0005307855626326964
1781	0.0002653927813163482
4325	0.014596602972399151
3368	0.0005307855626326964
1743	0.0007961783439490446
4326	0.005307855626326964
4327	0.0005307855626326964
4328	0.0010615711252653928
4329	0.05865180467091295
3164	0.0007961783439490446
1634	0.0005307855626326964
715	0.0005307855626326964
8	0.0002653927813163482
355	0.0005307855626326964
1297	0.0002653927813163482
848	0.0002653927813163482
2409	0.0002653927813163482
3294	0.0002653927813163482
1147	0.0002653927813163482
1145	0.0010615711252653928
1880	0.0002653927813163482
1317	0.0010615711252653928
3249	0.0007961783439490446
3391	0.0002653927813163482
2882	0.0002653927813163482
171	0.0005307855626326964
1267	0.0002653927813163482
2336	0.0005307855626326964
3295	0.0005307855626326964
3022	0.0005307855626326964
2265	0.0010615711252653928
2021	0.0002653927813163482
3148	0.0002653927813163482
3126	0.0005307855626326964
1009	0.0002653927813163482
3750	0.0002653927813163482
1319	0.0010615711252653928
415	0.0002653927813163482
2878	0.0002653927813163482
2731	0.0005307855626326964
978	0.0005307855626326964
3010	0.0002653927813163482
1041	0.0002653927813163482
3851	0.0002653927813163482
2361	0.0007961783439490446
3321	0.0002653927813163482
1830	0.0005307855626326964
3416	0.0002653927813163482
2377	0.0002653927813163482
1665	0.0002653927813163482
2964	0.0007961783439490446
3540	0.0002653927813163482
3356	0.0007961783439490446
1400	0.0005307855626326964
3463	0.0005307855626326964
2823	0.0007961783439490446
4330	0.004777070063694267
861	0.0005307855626326964
2760	0.0002653927813163482
4331	0.0031847133757961785
4332	0.0015923566878980893
2456	0.0002653927813163482
1348	0.0002653927813163482
1753	0.0005307855626326964
4333	0.004777070063694267
3868	0.0002653927813163482
4334	0.0023885350318471337
4335	0.009023354564755838
256	0.0005307855626326964
3117	0.0002653927813163482
1941	0.0005307855626326964
2227	0.0002653927813163482
992	0.0002653927813163482
1106	0.0005307855626326964
3159	0.0002653927813163482
4336	0.01778131634819533
1466	0.0005307855626326964
696	0.0005307855626326964
1373	0.0005307855626326964
2628	0.0005307855626326964
1352	0.0005307855626326964
1229	0.0005307855626326964
4337	0.004777070063694267
4338	0.006369426751592357
2240	0.0005307855626326964
3461	0.0005307855626326964
3743	0.0005307855626326964
2167	0.001326963906581741
2518	0.0007961783439490446
356	0.0002653927813163482
1565	0.0002653927813163482
4339	0.0031847133757961785
4340	0.0031847133757961785
2570	0.0002653927813163482
4341	0.013535031847133758
1163	0.0005307855626326964
2635	0.0002653927813163482
4342	0.0034501061571125266
2269	0.0002653927813163482
2150	0.0002653927813163482
4343	0.009288747346072187
4344	0.004777070063694267
4345	0.005573248407643312
3233	0.0007961783439490446
3232	0.0002653927813163482
1979	0.0002653927813163482
4346	0.004511677282377919
4347	0.0034501061571125266
4348	0.004246284501061571
1735	0.0007961783439490446
1118	0.0002653927813163482
2968	0.0002653927813163482
1983	0.001326963906581741
4349	0.004246284501061571
3841	0.001326963906581741
826	0.0015923566878980893
3840	0.001326963906581741
4350	0.012738853503184714
2952	0.0007961783439490446
525	0.0010615711252653928
4351	0.0010615711252653928
4352	0.00291932059447983
4353	0.0023885350318471337
4354	0.0023885350318471337
4355	0.0010615711252653928
626	0.0002653927813163482
2391	0.0002653927813163482
1560	0.0002653927813163482
1511	0.0002653927813163482
4356	0.0015923566878980893
4357	0.001326963906581741
1992	0.0002653927813163482
1508	0.001326963906581741
1905	0.0005307855626326964
4358	0.006104033970276008
1810	0.0002653927813163482
815	0.0007961783439490446
2172	0.0005307855626326964
1329	0.0005307855626326964
3118	0.0002653927813163482
4359	0.006104033970276008
4360	0.0031847133757961785
2103	0.0005307855626326964
675	0.0005307855626326964
2553	0.0002653927813163482
4361	0.008227176220806794
4362	0.0007961783439490446
4363	0.0023885350318471337
3096	0.0007961783439490446
4364	0.004246284501061571
1666	0.0002653927813163482
1733	0.0005307855626326964
127	0.0015923566878980893
3476	0.0002653927813163482
1814	0.0002653927813163482
4365	0.004246284501061571
1906	0.0005307855626326964
1396	0.0002653927813163482
1184	0.0002653927813163482
122	0.0002653927813163482
1980	0.0005307855626326964
4366	0.0015923566878980893
2619	0.0007961783439490446
4367	0.008492569002123142
1251	0.0007961783439490446
3708	0.0010615711252653928
3448	0.0010615711252653928
3756	0.001326963906581741
1155	0.0007961783439490446
315	0.0007961783439490446
1242	0.001326963906581741
1872	0.0002653927813163482
3709	0.0010615711252653928
2593	0.0007961783439490446
2615	0.0005307855626326964
4368	0.0037154989384288748
1495	0.0002653927813163482
2229	0.0002653927813163482
807	0.0005307855626326964
4369	0.0021231422505307855
2266	0.0005307855626326964
4370	0.0031847133757961785
1877	0.0005307855626326964
3858	0.0010615711252653928
4371	0.010084925690021231
4372	0.009288747346072187
3565	0.0002653927813163482
2067	0.0002653927813163482
492	0.0007961783439490446
1264	0.0002653927813163482
3455	0.0010615711252653928
4373	0.013800424628450107
4374	0.010084925690021231
2314	0.0007961783439490446
1047	0.0005307855626326964
2755	0.0005307855626326964
2117	0.0002653927813163482
1351	0.0005307855626326964
1130	0.0005307855626326964
1477	0.0005307855626326964
1592	0.0002653927813163482
2051	0.0002653927813163482
1721	0.0002653927813163482
2389	0.0007961783439490446
1720	0.0002653927813163482
2609	0.0002653927813163482
4375	0.004511677282377919
4376	0.0018577494692144374
3061	0.0002653927813163482
3474	0.0007961783439490446
2152	0.0002653927813163482
4377	0.0023885350318471337
4378	0.0023885350318471337
1787	0.0005307855626326964
1998	0.0002653927813163482
3546	0.0007961783439490446
4379	0.0037154989384288748
2486	0.0002653927813163482
2130	0.0005307855626326964
4380	0.008492569002123142
1752	0.0002653927813163482
4381	0.007165605095541401
4382	0.007696390658174098
1321	0.0002653927813163482
1056	0.0002653927813163482
1286	0.0018577494692144374
2745	0.0002653927813163482
1523	0.0002653927813163482
1053	0.0010615711252653928
3846	0.0007961783439490446
458	0.0005307855626326964
4383	0.0023885350318471337
4384	0.00583864118895966
2216	0.0007961783439490446
1089	0.0005307855626326964
3907	0.0002653927813163482
1989	0.0002653927813163482
4385	0.003980891719745223
1833	0.0005307855626326964
343	0.0002653927813163482
221	0.0005307855626326964
4386	0.003980891719745223
4387	0.007961783439490446
853	0.0002653927813163482
984	0.0005307855626326964
827	0.0005307855626326964
2714	0.0002653927813163482
941	0.0005307855626326964
4388	0.003980891719745223
4389	0.0050424628450106155
3754	0.001326963906581741
4390	0.005307855626326964
4391	0.003980891719745223
4392	0.018312101910828025
2503	0.0005307855626326964
1013	0.0005307855626326964
395	0.0002653927813163482
2206	0.0007961783439490446
738	0.0002653927813163482
864	0.0002653927813163482
550	0.0007961783439490446
1707	0.0005307855626326964
289	0.0002653927813163482
3147	0.0005307855626326964
2074	0.0002653927813163482
2217	0.0010615711252653928
3819	0.0002653927813163482
1146	0.0005307855626326964
1036	0.0002653927813163482
2490	0.0002653927813163482
823	0.0002653927813163482
4393	0.0002653927813163482
4394	0.006900212314225053
2281	0.0002653927813163482
3127	0.0002653927813163482
2198	0.0002653927813163482
4395	0.001326963906581741
4396	0.0002653927813163482
4397	0.001326963906581741
543	0.0005307855626326964
4398	0.00583864118895966
4399	0.00291932059447983
3210	0.0005307855626326964
1099	0.0007961783439490446
3682	0.0005307855626326964
4400	0.004246284501061571
600	0.0005307855626326964
4401	0.0002653927813163482
4402	0.0007961783439490446
2956	0.0002653927813163482
3329	0.0002653927813163482
4403	0.0005307855626326964
4404	0.0015923566878980893
500	0.0002653927813163482
2420	0.0002653927813163482
4405	0.0037154989384288748
1828	0.0010615711252653928
2154	0.0007961783439490446
1065	0.0005307855626326964
2382	0.0002653927813163482
115	0.0005307855626326964
4406	0.001326963906581741
4407	0.0023885350318471337
4408	0.0021231422505307855
3235	0.001326963906581741
4409	0.006369426751592357
3040	0.0005307855626326964
4410	0.004246284501061571
1997	0.0002653927813163482
4411	0.0010615711252653928
4412	0.0007961783439490446
4413	0.003980891719745223
1624	0.0002653927813163482
4414	0.0031847133757961785
1538	0.0002653927813163482
4415	0.0018577494692144374
4416	0.0050424628450106155
1084	0.0002653927813163482
14	0.0005307855626326964
3642	0.0002653927813163482
4417	0.003980891719745223
4418	0.007961783439490446
2941	0.0010615711252653928
4419	0.008492569002123142
688	0.0002653927813163482
353	0.0002653927813163482
763	0.0002653927813163482
308	0.0002653927813163482
334	0.0002653927813163482
1364	0.0007961783439490446
318	0.0002653927813163482
4420	0.002653927813163482
4421	0.0074309978768577496
3039	0.0005307855626326964
3666	0.0005307855626326964
948	0.0005307855626326964
565	0.0007961783439490446
55	0.0007961783439490446
3194	0.0002653927813163482
4422	0.004511677282377919
761	0.0021231422505307855
3339	0.0002653927813163482
4423	0.004246284501061571
572	0.0005307855626326964
4424	0.0021231422505307855
4425	0.009023354564755838
4426	0.009288747346072187
100	0.0002653927813163482
3301	0.0002653927813163482
1310	0.0005307855626326964
1633	0.0005307855626326964
884	0.0002653927813163482
297	0.0005307855626326964
1468	0.0005307855626326964
1651	0.0002653927813163482
4427	0.0015923566878980893
4428	0.005307855626326964
1923	0.0005307855626326964
623	0.0002653927813163482
3380	0.0002653927813163482
4429	0.00291932059447983
3440	0.0005307855626326964
1179	0.0010615711252653928
4430	0.005573248407643312
4431	0.004246284501061571
4432	0.004777070063694267
727	0.0010615711252653928
3394	0.0002653927813163482
2055	0.0002653927813163482
4433	0.0023885350318471337
4434	0.0007961783439490446
4435	0.0050424628450106155
4436	0.01167728237791932
4437	0.009288747346072187
497	0.001326963906581741
3008	0.0007961783439490446
2662	0.0005307855626326964
153	0.0002653927813163482
424	0.0007961783439490446
4438	0.0010615711252653928
4439	0.0031847133757961785
1171	0.001326963906581741
1478	0.0007961783439490446
2898	0.0005307855626326964
4440	0.005573248407643312
3586	0.0010615711252653928
2657	0.0007961783439490446
4441	0.0018577494692144374
4442	0.0031847133757961785
1390	0.0005307855626326964
3905	0.0007961783439490446
4443	0.001326963906581741
125	0.0002653927813163482
2860	0.0002653927813163482
2700	0.0002653927813163482
4444	0.0023885350318471337
1663	0.0002653927813163482
2467	0.0002653927813163482
4445	0.0021231422505307855
4446	0.002653927813163482
4447	0.01618895966029724
71	0.0007961783439490446
1427	0.0005307855626326964
1196	0.0005307855626326964
2030	0.0002653927813163482
1704	0.0007961783439490446
4448	0.004511677282377919
207	0.0005307855626326964
719	0.0005307855626326964
4449	0.0034501061571125266
2254	0.0005307855626326964
4450	0.0005307855626326964
2225	0.0002653927813163482
4451	0.0037154989384288748
4452	0.008492569002123142
1574	0.0005307855626326964
1142	0.0005307855626326964
4453	0.002653927813163482
707	0.0007961783439490446
2128	0.0002653927813163482
4454	0.0050424628450106155
347	0.001326963906581741
900	0.0005307855626326964
1832	0.0002653927813163482
4455	0.003980891719745223
3879	0.0005307855626326964
4456	0.004777070063694267
3610	0.0002653927813163482
2310	0.0002653927813163482
4457	0.0018577494692144374
4458	0.009819532908704883
3854	0.0005307855626326964
3601	0.0005307855626326964
346	0.0007961783439490446
4459	0.005307855626326964
591	0.0002653927813163482
4460	0.006634819532908705
369	0.0005307855626326964
1614	0.0007961783439490446
4461	0.012208067940552016
3285	0.0007961783439490446
875	0.0002653927813163482
570	0.0005307855626326964
4462	0.00583864118895966
4463	0.004511677282377919
3815	0.0015923566878980893
1007	0.0002653927813163482
4464	0.006634819532908705
852	0.0002653927813163482
4465	0.010881104033970275
1391	0.0005307855626326964
2044	0.0002653927813163482
4466	0.0018577494692144374
4467	0.026273885350318472
66	0.0005307855626326964
2413	0.0002653927813163482
3429	0.0002653927813163482
235	0.0002653927813163482
3657	0.0002653927813163482
3720	0.0002653927813163482
1012	0.0005307855626326964
1559	0.0007961783439490446
3649	0.0002653927813163482
2309	0.0002653927813163482
1299	0.0007961783439490446
2511	0.0002653927813163482
3541	0.0002653927813163482
1812	0.0002653927813163482
3684	0.0002653927813163482
1556	0.0005307855626326964
1165	0.0002653927813163482
3088	0.0002653927813163482
526	0.0002653927813163482
2638	0.0002653927813163482
480	0.0002653927813163482
3353	0.0002653927813163482
3277	0.0007961783439490446
58	0.0005307855626326964
3187	0.0002653927813163482
3590	0.0002653927813163482
1253	0.0002653927813163482
4468	0.0010615711252653928
4469	0.007165605095541401
4470	0.006369426751592357
4471	0.004777070063694267
4472	0.010881104033970275
4473	0.001326963906581741
1193	0.0002653927813163482
987	0.0007961783439490446
2793	0.0002653927813163482
581	0.0002653927813163482
4474	0.0015923566878980893
4475	0.004511677282377919
641	0.0007961783439490446
1537	0.0002653927813163482
1223	0.0002653927813163482
1517	0.0005307855626326964
4476	0.0015923566878980893
3839	0.0005307855626326964
4477	0.003980891719745223
4478	0.0010615711252653928
4479	0.00291932059447983
4480	0.006634819532908705
3179	0.0007961783439490446
1408	0.0002653927813163482
4481	0.008227176220806794
3371	0.0005307855626326964
488	0.0002653927813163482
1890	0.0002653927813163482
2009	0.0005307855626326964
1984	0.0005307855626326964
2608	0.0005307855626326964
2032	0.0002653927813163482
3539	0.0005307855626326964
2564	0.0005307855626326964
2534	0.0010615711252653928
4482	0.002653927813163482
1908	0.0002653927813163482
4483	0.0005307855626326964
4484	0.00583864118895966
4485	0.0031847133757961785
3830	0.0002653927813163482
4486	0.006900212314225053
2739	0.0005307855626326964
2762	0.0002653927813163482
4487	0.012473460721868364
311	0.0002653927813163482
4488	0.0007961783439490446
4489	0.0021231422505307855
4490	0.0021231422505307855
1829	0.0002653927813163482
3006	0.0002653927813163482
1922	0.0005307855626326964
4491	0.00291932059447983
3189	0.0002653927813163482
4492	0.005573248407643312
555	0.0002653927813163482
4493	0.002653927813163482
4494	0.00291932059447983
3158	0.0005307855626326964
529	0.0007961783439490446
3399	0.0002653927813163482
2235	0.0005307855626326964
4495	0.003980891719745223
2285	0.0005307855626326964
3124	0.0005307855626326964
3892	0.0005307855626326964
4496	0.0050424628450106155
4497	0.0015923566878980893
4498	0.0037154989384288748
1660	0.0015923566878980893
4499	0.00291932059447983
4500	0.001326963906581741
4501	0.004246284501061571
4502	0.0010615711252653928
4503	0.0023885350318471337
4504	0.005573248407643312
2965	0.0002653927813163482
3241	0.0002653927813163482
3181	0.0005307855626326964
4505	0.001326963906581741
4506	0.0010615711252653928
4507	0.004777070063694267
534	0.0002653927813163482
4508	0.0031847133757961785
939	0.0005307855626326964
2146	0.0002653927813163482
4509	0.0050424628450106155
4510	0.0037154989384288748
1326	0.0002653927813163482
4511	0.0021231422505307855
4512	0.004777070063694267
986	0.0005307855626326964
1094	0.0002653927813163482
4513	0.004511677282377919
4514	0.0007961783439490446
4515	0.0010615711252653928
4516	0.004777070063694267
1953	0.0002653927813163482
3727	0.0005307855626326964
3052	0.0007961783439490446
2607	0.0002653927813163482
4517	0.0037154989384288748
140	0.0007961783439490446
3865	0.0010615711252653928
949	0.0005307855626326964
3237	0.0002653927813163482
4518	0.0037154989384288748
4519	0.001326963906581741
4520	0.0015923566878980893
4521	0.0023885350318471337
1870	0.0002653927813163482
3635	0.0010615711252653928
4522	0.0015923566878980893
2761	0.0002653927813163482
2840	0.0002653927813163482
2395	0.0002653927813163482
4523	0.002653927813163482
4524	0.0018577494692144374
4525	0.0031847133757961785
4526	0.0037154989384288748
3224	0.0005307855626326964
4527	0.0018577494692144374
4528	0.0007961783439490446
2664	0.0002653927813163482
744	0.0002653927813163482
359	0.0002653927813163482
1301	0.0005307855626326964
4529	0.004777070063694267
4530	0.002653927813163482
4531	0.0021231422505307855
1588	0.0005307855626326964
3272	0.0002653927813163482
4532	0.0005307855626326964
1772	0.0007961783439490446
2294	0.0002653927813163482
4533	0.006104033970276008
2620	0.0002653927813163482
4534	0.010615711252653927
4535	0.004777070063694267
1551	0.0005307855626326964
521	0.0002653927813163482
4536	0.006369426751592357
4537	0.0037154989384288748
1598	0.0002653927813163482
4538	0.0015923566878980893
4539	0.003980891719745223
4540	0.002653927813163482
4541	0.0010615711252653928
4542	0.00291932059447983
147	0.0002653927813163482
2781	0.0002653927813163482
2716	0.0005307855626326964
1194	0.0002653927813163482
4543	0.010350318471337579
4544	0.004511677282377919
3778	0.0002653927813163482
3252	0.0010615711252653928
4545	0.0015923566878980893
2247	0.0002653927813163482
2159	0.0005307855626326964
1874	0.0005307855626326964
4546	0.0010615711252653928
4547	0.0037154989384288748
324	0.0007961783439490446
4548	0.004777070063694267
4549	0.004777070063694267
422	0.0002653927813163482
1505	0.0010615711252653928
4550	0.005573248407643312
2450	0.0002653927813163482
4551	0.0023885350318471337
1311	0.0005307855626326964
4552	0.0023885350318471337
4553	0.0023885350318471337
342	0.0002653927813163482
1058	0.0002653927813163482
1265	0.0005307855626326964
4554	0.007696390658174098
3495	0.0005307855626326964
703	0.0005307855626326964
3020	0.0002653927813163482
3509	0.0007961783439490446
4555	0.0007961783439490446
4556	0.0005307855626326964
4557	0.0010615711252653928
4558	0.002653927813163482
2454	0.0002653927813163482
4559	0.006104033970276008
271	0.0002653927813163482
4560	0.006634819532908705
3244	0.0002653927813163482
4561	0.0034501061571125266
4562	0.0010615711252653928
4563	0.0010615711252653928
4564	0.0023885350318471337
4565	0.020966029723991506
2865	0.001326963906581741
1110	0.001326963906581741
2396	0.0005307855626326964
3247	0.0005307855626326964
3219	0.0002653927813163482
4566	0.009023354564755838
1152	0.0005307855626326964
2646	0.0005307855626326964
4567	0.006900212314225053
3785	0.0005307855626326964
1	0.001326963906581741
4568	0.006104033970276008
2179	0.0005307855626326964
589	0.0002653927813163482
3826	0.0005307855626326964
4569	0.002653927813163482
4570	0.004246284501061571
3306	0.0010615711252653928
4571	0.0023885350318471337
2713	0.0005307855626326964
936	0.0007961783439490446
1973	0.0002653927813163482
2286	0.0002653927813163482
4572	0.0021231422505307855
4573	0.005573248407643312
3769	0.0002653927813163482
3012	0.0002653927813163482
3469	0.0005307855626326964
4574	0.004511677282377919
4575	0.005573248407643312
4576	0.006369426751592357
413	0.0002653927813163482
3898	0.0005307855626326964
1029	0.0002653927813163482
2148	0.0002653927813163482
1341	0.0005307855626326964
4577	0.0023885350318471337
2323	0.0002653927813163482
4578	0.003980891719745223
4579	0.0010615711252653928
1085	0.0002653927813163482
4580	0.004777070063694267
4581	0.0031847133757961785
4582	0.0074309978768577496
4583	0.0050424628450106155
2460	0.0002653927813163482
1847	0.0005307855626326964
3287	0.0005307855626326964
2572	0.0002653927813163482
4584	0.006900212314225053
209	0.0002653927813163482
4585	0.005307855626326964
1151	0.0002653927813163482
1363	0.0005307855626326964
3799	0.0005307855626326964
1322	0.0002653927813163482
4586	0.001326963906581741
4587	0.0023885350318471337
4588	0.007696390658174098
4589	0.010350318471337579
816	0.0005307855626326964
4590	0.005307855626326964
2626	0.0007961783439490446
3829	0.0005307855626326964
4591	0.002653927813163482
4592	0.0021231422505307855
4593	0.003980891719745223
4594	0.004246284501061571
2098	0.0002653927813163482
2550	0.0002653927813163482
4595	0.004511677282377919
4596	0.00291932059447983
4597	0.004511677282377919
4598	0.004777070063694267
4599	0.0050424628450106155
2545	0.0005307855626326964
2270	0.0002653927813163482
3872	0.0005307855626326964
633	0.0002653927813163482
1358	0.0005307855626326964
660	0.0002653927813163482
4600	0.0010615711252653928
4601	0.0031847133757961785
4602	0.0018577494692144374
4603	0.003980891719745223
1928	0.0002653927813163482
2544	0.0002653927813163482
1051	0.0005307855626326964
4604	0.005573248407643312
4605	0.009288747346072187
1473	0.0005307855626326964
4606	0.001326963906581741
879	0.0005307855626326964
4607	0.022558386411889595
4608	0.005573248407643312
44	0.0005307855626326964
922	0.0002653927813163482
2474	0.0002653927813163482
4609	0.0007961783439490446
4610	0.0021231422505307855
1450	0.0002653927813163482
4611	0.006369426751592357
3764	0.0002653927813163482
2183	0.0002653927813163482
4612	0.00291932059447983
4613	0.013535031847133758
190	0.0002653927813163482
1972	0.0002653927813163482
1915	0.0002653927813163482
92	0.0002653927813163482
722	0.0002653927813163482
3678	0.0005307855626326964
4614	0.007696390658174098
62	0.0002653927813163482
743	0.0002653927813163482
4615	0.0023885350318471337
4616	0.0031847133757961785
1212	0.0002653927813163482
3595	0.0005307855626326964
4617	0.0015923566878980893
2023	0.0002653927813163482
4618	0.001326963906581741
2773	0.0002653927813163482
4619	0.0037154989384288748
4620	0.007961783439490446
3217	0.0005307855626326964
3612	0.0005307855626326964
3133	0.0005307855626326964
2279	0.0005307855626326964
1644	0.0005307855626326964
3216	0.0002653927813163482
4621	0.006634819532908705
1101	0.0002653927813163482
4622	0.004511677282377919
4623	0.00291932059447983
2765	0.0002653927813163482
4624	0.0034501061571125266
873	0.0002653927813163482
4625	0.00291932059447983
4626	0.0031847133757961785
2068	0.0002653927813163482
837	0.0005307855626326964
4627	0.002653927813163482
2482	0.0005307855626326964
4628	0.004777070063694267
4629	0.0034501061571125266
817	0.0002653927813163482
4630	0.003980891719745223
1457	0.0002653927813163482
4631	0.0034501061571125266
4632	0.003980891719745223
1291	0.0002653927813163482
654	0.0007961783439490446
1863	0.0002653927813163482
3202	0.0007961783439490446
4633	0.0031847133757961785
4634	0.013535031847133758
2127	0.0005307855626326964
2015	0.0002653927813163482
1098	0.0005307855626326964
3243	0.0005307855626326964
3700	0.0002653927813163482
3296	0.0002653927813163482
4635	0.003980891719745223
56	0.0005307855626326964
1121	0.0005307855626326964
1959	0.0002653927813163482
203	0.0005307855626326964
4636	0.007165605095541401
2427	0.0005307855626326964
1558	0.0002653927813163482
568	0.0007961783439490446
1111	0.0002653927813163482
2627	0.0002653927813163482
4637	0.002653927813163482
1780	0.0005307855626326964
4638	0.0015923566878980893
1119	0.0005307855626326964
4639	0.0021231422505307855
4640	0.010350318471337579
1768	0.0002653927813163482
3145	0.0002653927813163482
1000	0.0002653927813163482
3400	0.0002653927813163482
3617	0.0002653927813163482
3640	0.0002653927813163482
3144	0.0002653927813163482
3797	0.0002653927813163482
3283	0.0002653927813163482
916	0.0002653927813163482
3559	0.0002653927813163482
3811	0.0002653927813163482
1035	0.0002653927813163482
2610	0.0002653927813163482
2449	0.0002653927813163482
4641	0.006634819532908705
1446	0.0002653927813163482
4642	0.0015923566878980893
4643	0.004246284501061571
3437	0.0005307855626326964
3526	0.0005307855626326964
3705	0.0002653927813163482
3032	0.0005307855626326964
2412	0.0005307855626326964
3527	0.0005307855626326964
3031	0.0007961783439490446
3706	0.0005307855626326964
4644	0.004511677282377919
2169	0.0005307855626326964
4645	0.009819532908704883
602	0.0002653927813163482
1162	0.0002653927813163482
2200	0.0002653927813163482
3485	0.0002653927813163482
4646	0.0037154989384288748
996	0.0002653927813163482
969	0.0002653927813163482
1775	0.0002653927813163482
3420	0.0002653927813163482
3281	0.0002653927813163482
4647	0.0031847133757961785
2048	0.0002653927813163482
4648	0.020966029723991506
1804	0.0005307855626326964
4649	0.0018577494692144374
2090	0.0002653927813163482
3473	0.0002653927813163482
4650	0.0023885350318471337
3472	0.0002653927813163482
3222	0.0002653927813163482
3881	0.0005307855626326964
4651	0.0021231422505307855
4652	0.0018577494692144374
2105	0.0002653927813163482
1467	0.0002653927813163482
2230	0.0002653927813163482
4653	0.0021231422505307855
4654	0.0037154989384288748
4655	0.006104033970276008
1487	0.0010615711252653928
4656	0.0050424628450106155
2099	0.0005307855626326964
3585	0.0002653927813163482
4657	0.0015923566878980893
4658	0.007165605095541401
2691	0.0002653927813163482
4659	0.0010615711252653928
4660	0.001326963906581741
202	0.0002653927813163482
527	0.0002653927813163482
4661	0.0015923566878980893
1440	0.0002653927813163482
4662	0.005573248407643312
2478	0.0002653927813163482
4663	0.0031847133757961785
4664	0.0034501061571125266
1957	0.0002653927813163482
47	0.0002653927813163482
1190	0.0002653927813163482
370	0.0002653927813163482
619	0.0002653927813163482
4665	0.008227176220806794
4666	0.0031847133757961785
4667	0.005573248407643312
611	0.0002653927813163482
3502	0.0002653927813163482
4668	0.002653927813163482
4669	0.007165605095541401
4670	0.006900212314225053
1127	0.0002653927813163482
1699	0.0005307855626326964
1105	0.0005307855626326964
4671	0.001326963906581741
4672	0.007696390658174098
3786	0.0002653927813163482
4673	0.001326963906581741
3582	0.0002653927813163482
4674	0.003980891719745223
2885	0.0002653927813163482
4675	0.004511677282377919
349	0.0002653927813163482
4676	0.006104033970276008
4677	0.009288747346072187
2401	0.0002653927813163482
96	0.0002653927813163482
1509	0.0005307855626326964
120	0.0002653927813163482
4678	0.0010615711252653928
4679	0.00583864118895966
4680	0.0018577494692144374
4681	0.007165605095541401
319	0.0002653927813163482
3260	0.0002653927813163482
4682	0.0021231422505307855
799	0.0002653927813163482
4683	0.0034501061571125266
4684	0.0037154989384288748
3690	0.0002653927813163482
4685	0.0010615711252653928
4686	0.0002653927813163482
4687	0.0021231422505307855
2113	0.0002653927813163482
1759	0.0005307855626326964
4688	0.0034501061571125266
4689	0.001326963906581741
4690	0.0034501061571125266
4691	0.006369426751592357
4692	0.010615711252653927
1610	0.0002653927813163482
4693	0.0005307855626326964
4694	0.015127388535031847
1292	0.0005307855626326964
1924	0.0005307855626326964
2653	0.0002653927813163482
2703	0.0002653927813163482
3097	0.0002653927813163482
3129	0.0005307855626326964
298	0.0002653927813163482
1738	0.0002653927813163482
4695	0.006634819532908705
806	0.0002653927813163482
4696	0.014331210191082803
672	0.0002653927813163482
2903	0.0002653927813163482
4697	0.001326963906581741
4698	0.005307855626326964
3363	0.0005307855626326964
4699	0.012473460721868364
1220	0.0002653927813163482
2777	0.0002653927813163482
4700	0.009819532908704883
4701	0.010615711252653927
2841	0.0002653927813163482
1420	0.0002653927813163482
1024	0.0002653927813163482
4702	0.0010615711252653928
4703	0.001326963906581741
4704	0.004246284501061571
4705	0.0018577494692144374
4706	0.006634819532908705
4707	0.006104033970276008
4708	0.003980891719745223
4709	0.003980891719745223
4710	0.006369426751592357
4711	0.003980891719745223
4712	0.005573248407643312
4713	0.0050424628450106155
4714	0.004511677282377919
1531	0.0002653927813163482
4715	0.007165605095541401
4716	0.004511677282377919
4717	0.0037154989384288748
4718	0.0074309978768577496
456	0.0002653927813163482
770	0.0002653927813163482
3024	0.0002653927813163482
4719	0.004777070063694267
1438	0.0005307855626326964
4720	0.0034501061571125266
4721	0.0002653927813163482
4722	0.010350318471337579
4723	0.0018577494692144374
1899	0.0002653927813163482
4724	0.001326963906581741
4725	0.0023885350318471337
3325	0.0002653927813163482
4726	0.006900212314225053
4727	0.00583864118895966
1040	0.0002653927813163482
1439	0.0005307855626326964
4728	0.004777070063694267
4729	0.001326963906581741
3672	0.0002653927813163482
4730	0.003980891719745223
4731	0.003980891719745223
790	0.0002653927813163482
549	0.0002653927813163482
4732	0.0023885350318471337
4733	0.002653927813163482
645	0.0002653927813163482
1646	0.0002653927813163482
4734	0.005573248407643312
1419	0.0002653927813163482
1208	0.0002653927813163482
3556	0.0002653927813163482
4735	0.009288747346072187
1620	0.0007961783439490446
3193	0.0002653927813163482
3639	0.0005307855626326964
1912	0.0007961783439490446
149	0.0002653927813163482
1406	0.0002653927813163482
4736	0.0021231422505307855
3268	0.0002653927813163482
4737	0.0002653927813163482
4738	0.008492569002123142
4739	0.0021231422505307855
3722	0.0002653927813163482
2375	0.0002653927813163482
4740	0.013004246284501062
1802	0.0005307855626326964
4741	0.0037154989384288748
4742	0.0034501061571125266
4743	0.01167728237791932
4744	0.0007961783439490446
4745	0.007696390658174098
4746	0.003980891719745223
903	0.0007961783439490446
1019	0.0002653927813163482
4747	0.010615711252653927
1904	0.0002653927813163482
4748	0.001326963906581741
3119	0.0002653927813163482
4749	0.013535031847133758
3098	0.0005307855626326964
2042	0.0005307855626326964
162	0.0005307855626326964
1701	0.0002653927813163482
2284	0.0002653927813163482
4750	0.007165605095541401
4751	0.017250530785562632
1839	0.0002653927813163482
4752	0.006900212314225053
2432	0.0002653927813163482
2807	0.0002653927813163482
2190	0.0002653927813163482
4753	0.00291932059447983
4754	0.00291932059447983
517	0.0002653927813163482
4755	0.0023885350318471337
4756	0.0015923566878980893
4757	0.0037154989384288748
2431	0.0002653927813163482
524	0.0002653927813163482
4758	0.0007961783439490446
4759	0.0002653927813163482
4760	0.0015923566878980893
3213	0.0002653927813163482
1795	0.0002653927813163482
3768	0.0002653927813163482
551	0.0002653927813163482
4761	0.00291932059447983
2122	0.0002653927813163482
2360	0.0002653927813163482
4762	0.004511677282377919
4763	0.0018577494692144374
421	0.0002653927813163482
1861	0.0002653927813163482
1747	0.0005307855626326964
2647	0.0002653927813163482
4764	0.0018577494692144374
4765	0.0031847133757961785
4766	0.00583864118895966
2330	0.0002653927813163482
2070	0.0002653927813163482
4767	0.005307855626326964
4768	0.0050424628450106155
3389	0.0005307855626326964
2928	0.0005307855626326964
3379	0.0005307855626326964
2929	0.0005307855626326964
2995	0.0002653927813163482
4769	0.0005307855626326964
4770	0.002653927813163482
1594	0.0002653927813163482
4771	0.004246284501061571
1064	0.0002653927813163482
4772	0.0050424628450106155
4773	0.0010615711252653928
4774	0.0034501061571125266
1947	0.0002653927813163482
4775	0.0010615711252653928
4776	0.0034501061571125266
2497	0.0002653927813163482
4777	0.002653927813163482
2353	0.0002653927813163482
4778	0.004246284501061571
3821	0.0002653927813163482
139	0.0002653927813163482
4779	0.0015923566878980893
4780	0.0010615711252653928
4781	0.005573248407643312
4782	0.0037154989384288748
4783	0.008492569002123142
1622	0.0002653927813163482
3134	0.0005307855626326964
544	0.0002653927813163482
808	0.0002653927813163482
4784	0.013535031847133758
3053	0.0002653927813163482
4785	0.008227176220806794
4786	0.0007961783439490446
4787	0.0007961783439490446
4788	0.0018577494692144374
4789	0.0050424628450106155
4790	0.007961783439490446
4791	0.00291932059447983
4792	0.0018577494692144374
4793	0.009023354564755838
4794	0.0023885350318471337
4795	0.012473460721868364
4796	0.008492569002123142
4797	0.004246284501061571
3908	0.0002653927813163482
4798	0.0021231422505307855
4799	0.00291932059447983
4800	0.007696390658174098
4801	0.0018577494692144374
4802	0.0010615711252653928
4803	0.0007961783439490446
4804	0.002653927813163482
2166	0.0002653927813163482
4805	0.0023885350318471337
4806	0.007696390658174098
3643	0.0002653927813163482
2945	0.0002653927813163482
4807	0.0005307855626326964
4808	0.0015923566878980893
1758	0.0002653927813163482
4809	0.004246284501061571
2059	0.0002653927813163482
4810	0.0023885350318471337
4811	0.006634819532908705
1337	0.0002653927813163482
3688	0.0002653927813163482
2343	0.0002653927813163482
4812	0.0023885350318471337
2908	0.0002653927813163482
4813	0.0007961783439490446
4814	0.007696390658174098
4815	0.006900212314225053
1581	0.0002653927813163482
2272	0.0002653927813163482
4816	0.0074309978768577496
4817	0.006900212314225053
2997	0.0002653927813163482
4818	0.009819532908704883
4819	0.0037154989384288748
3896	0.0002653927813163482
219	0.0002653927813163482
4820	0.0031847133757961785
2228	0.0002653927813163482
4821	0.0021231422505307855
4822	0.002653927813163482
4823	0.0018577494692144374
4824	0.0037154989384288748
4825	0.003980891719745223
4826	0.0010615711252653928
4827	0.0050424628450106155
773	0.0002653927813163482
2000	0.0002653927813163482
1869	0.0002653927813163482
4828	0.005573248407643312
2614	0.0002653927813163482
4829	0.002653927813163482
4830	0.024416135881104032
3421	0.0002653927813163482
700	0.0002653927813163482
3313	0.0002653927813163482
2729	0.0002653927813163482
2421	0.0005307855626326964
4831	0.00291932059447983
3163	0.0002653927813163482
4832	0.004511677282377919
1132	0.0002653927813163482
4833	0.001326963906581741
4834	0.001326963906581741
2577	0.0002653927813163482
1848	0.0002653927813163482
4835	0.0007961783439490446
4836	0.0034501061571125266
4837	0.011411889596602972
809	0.0002653927813163482
4838	0.0018577494692144374
4839	0.0007961783439490446
4840	0.0007961783439490446
4841	0.006104033970276008
1491	0.0002653927813163482
4842	0.0015923566878980893
4843	0.0034501061571125266
4844	0.013800424628450107
3288	0.0002653927813163482
2026	0.0002653927813163482
834	0.0002653927813163482
2920	0.0002653927813163482
2502	0.0002653927813163482
3327	0.0002653927813163482
793	0.0002653927813163482
653	0.0002653927813163482
3909	0.0002653927813163482
227	0.0002653927813163482
1712	0.0002653927813163482
2710	0.0002653927813163482
3644	0.0002653927813163482
4845	0.004246284501061571
4846	0.004246284501061571
4847	0.0034501061571125266
4848	0.009288747346072187
2119	0.0002653927813163482
3431	0.0002653927813163482
2411	0.0002653927813163482
483	0.0002653927813163482
4849	0.007696390658174098
4850	0.00291932059447983
2991	0.0002653927813163482
4851	0.004511677282377919
3027	0.0002653927813163482
4852	0.013004246284501062
854	0.0002653927813163482
4853	0.007165605095541401
4854	0.005573248407643312
4855	0.009554140127388535
3866	0.0002653927813163482
4856	0.0021231422505307855
4857	0.0023885350318471337
3269	0.0005307855626326964
4858	0.0074309978768577496
3774	0.0002653927813163482
4859	0.010615711252653927
4860	0.0018577494692144374
4861	0.0018577494692144374
2821	0.0002653927813163482
2147	0.0002653927813163482
4862	0.005573248407643312
4863	0.001326963906581741
4864	0.0015923566878980893
4865	0.01167728237791932
1599	0.0002653927813163482
995	0.0002653927813163482
4866	0.0015923566878980893
4867	0.001326963906581741
3583	0.0005307855626326964
3443	0.0002653927813163482
4868	0.004777070063694267
4869	0.009554140127388535
2947	0.0002653927813163482
1552	0.0002653927813163482
3068	0.0002653927813163482
4870	0.0031847133757961785
2977	0.0002653927813163482
4871	0.007696390658174098
4872	0.0034501061571125266
3307	0.0002653927813163482
4873	0.0010615711252653928
3142	0.0002653927813163482
4874	0.007961783439490446
3550	0.0002653927813163482
3293	0.0002653927813163482
1079	0.0002653927813163482
1136	0.0002653927813163482
3292	0.0002653927813163482
4875	0.006104033970276008
4876	0.006104033970276008
4877	0.0023885350318471337
4878	0.005307855626326964
2016	0.0002653927813163482
4879	0.0010615711252653928
4880	0.001326963906581741
3320	0.0005307855626326964
4881	0.0007961783439490446
2007	0.0002653927813163482
4882	0.003980891719745223
4883	0.003980891719745223
4884	0.00291932059447983
868	0.0002653927813163482
4885	0.0010615711252653928
4886	0.008227176220806794
4887	0.005307855626326964
4888	0.002653927813163482
4889	0.0021231422505307855
2696	0.0002653927813163482
1134	0.0002653927813163482
3095	0.0002653927813163482
3315	0.0002653927813163482
4890	0.00291932059447983
4891	0.0005307855626326964
4892	0.002653927813163482
4893	0.001326963906581741
2025	0.0002653927813163482
4894	0.012738853503184714
1461	0.0002653927813163482
4895	0.002653927813163482
4896	0.002653927813163482
4897	0.00291932059447983
4898	0.0010615711252653928
4899	0.0034501061571125266
4900	0.004246284501061571
760	0.0002653927813163482
4901	0.0010615711252653928
4902	0.001326963906581741
1052	0.0002653927813163482
4903	0.0050424628450106155
4904	0.0018577494692144374
4905	0.0010615711252653928
4906	0.0010615711252653928
4907	0.002653927813163482
4908	0.002653927813163482
3369	0.0005307855626326964
2642	0.0002653927813163482
3726	0.0002653927813163482
3584	0.0002653927813163482
2513	0.0002653927813163482
4909	0.00291932059447983
