2959	0.058823529411764705
69	0.016339869281045753
388	0.004901960784313725
45	0.0032679738562091504
2762	0.0016339869281045752
403	0.004901960784313725
548	0.008169934640522876
721	0.0016339869281045752
2226	0.0016339869281045752
23	0.006535947712418301
201	0.006535947712418301
492	0.0016339869281045752
182	0.0016339869281045752
791	0.004901960784313725
357	0.0032679738562091504
629	0.0032679738562091504
822	0.0032679738562091504
33	0.004901960784313725
1222	0.004901960784313725
1399	0.004901960784313725
112	0.00980392156862745
157	0.0016339869281045752
691	0.004901960784313725
426	0.004901960784313725
61	0.004901960784313725
134	0.004901960784313725
895	0.0016339869281045752
2679	0.0016339869281045752
730	0.004901960784313725
236	0.0016339869281045752
481	0.004901960784313725
48	0.00980392156862745
43	0.0032679738562091504
2	0.0016339869281045752
119	0.004901960784313725
113	0.004901960784313725
2960	0.0032679738562091504
2303	0.0016339869281045752
2395	0.0016339869281045752
2961	0.04084967320261438
2962	0.013071895424836602
1637	0.0032679738562091504
1899	0.0016339869281045752
1015	0.0032679738562091504
392	0.004901960784313725
1084	0.0016339869281045752
405	0.0016339869281045752
1157	0.0016339869281045752
1862	0.0016339869281045752
95	0.006535947712418301
1380	0.0016339869281045752
20	0.004901960784313725
665	0.0016339869281045752
108	0.0016339869281045752
40	0.016339869281045753
590	0.0032679738562091504
1237	0.006535947712418301
886	0.0016339869281045752
731	0.0032679738562091504
792	0.0032679738562091504
9	0.00980392156862745
601	0.004901960784313725
434	0.004901960784313725
657	0.004901960784313725
889	0.004901960784313725
185	0.0016339869281045752
1216	0.0032679738562091504
232	0.00980392156862745
34	0.00980392156862745
708	0.004901960784313725
91	0.0016339869281045752
2963	0.008169934640522876
2964	0.06045751633986928
123	0.0032679738562091504
282	0.0016339869281045752
1783	0.0016339869281045752
21	0.032679738562091505
322	0.0032679738562091504
1248	0.006535947712418301
327	0.0032679738562091504
325	0.0032679738562091504
617	0.0032679738562091504
519	0.0032679738562091504
1153	0.006535947712418301
311	0.0016339869281045752
494	0.0016339869281045752
366	0.008169934640522876
651	0.0016339869281045752
1844	0.0016339869281045752
566	0.004901960784313725
391	0.004901960784313725
2965	0.014705882352941176
894	0.0032679738562091504
299	0.008169934640522876
686	0.006535947712418301
1406	0.0016339869281045752
882	0.0016339869281045752
67	0.0032679738562091504
2966	0.0392156862745098
188	0.0016339869281045752
1034	0.0016339869281045752
499	0.0016339869281045752
845	0.0032679738562091504
1488	0.0032679738562091504
1027	0.0016339869281045752
1405	0.0032679738562091504
1877	0.0032679738562091504
1715	0.0016339869281045752
595	0.0016339869281045752
681	0.0016339869281045752
875	0.0032679738562091504
694	0.0016339869281045752
1002	0.0016339869281045752
1240	0.0032679738562091504
1915	0.0032679738562091504
557	0.0016339869281045752
1840	0.0016339869281045752
1452	0.0016339869281045752
464	0.0016339869281045752
553	0.0016339869281045752
2967	0.01797385620915033
2968	0.013071895424836602
1910	0.0032679738562091504
2625	0.0016339869281045752
1622	0.0016339869281045752
2385	0.006535947712418301
2379	0.0032679738562091504
407	0.0016339869281045752
106	0.014705882352941176
406	0.0032679738562091504
101	0.004901960784313725
475	0.0016339869281045752
2969	0.04084967320261438
2970	0.02777777777777778
625	0.0032679738562091504
424	0.0032679738562091504
477	0.0032679738562091504
1330	0.0016339869281045752
504	0.0016339869281045752
1160	0.0016339869281045752
2662	0.0016339869281045752
776	0.0016339869281045752
2144	0.0032679738562091504
223	0.0016339869281045752
1449	0.0032679738562091504
1740	0.0016339869281045752
153	0.0016339869281045752
2057	0.0016339869281045752
1437	0.0016339869281045752
1143	0.0032679738562091504
1523	0.0016339869281045752
1107	0.0016339869281045752
1021	0.0032679738562091504
1073	0.0016339869281045752
2441	0.0016339869281045752
1273	0.0032679738562091504
1851	0.0016339869281045752
2158	0.0016339869281045752
94	0.008169934640522876
814	0.0016339869281045752
2916	0.0032679738562091504
497	0.0032679738562091504
975	0.0016339869281045752
1050	0.0032679738562091504
2367	0.0032679738562091504
189	0.01797385620915033
454	0.0016339869281045752
222	0.0016339869281045752
2145	0.004901960784313725
126	0.0016339869281045752
2971	0.022875816993464054
2972	0.08660130718954248
1377	0.0016339869281045752
63	0.014705882352941176
2421	0.0016339869281045752
559	0.0016339869281045752
892	0.0016339869281045752
1147	0.0016339869281045752
670	0.0032679738562091504
682	0.0016339869281045752
284	0.0032679738562091504
402	0.0016339869281045752
1124	0.0032679738562091504
753	0.0016339869281045752
1212	0.0032679738562091504
1606	0.0032679738562091504
1859	0.0016339869281045752
275	0.0016339869281045752
1159	0.0032679738562091504
2180	0.0016339869281045752
1114	0.0016339869281045752
446	0.0032679738562091504
473	0.0032679738562091504
384	0.0016339869281045752
2108	0.0016339869281045752
547	0.0016339869281045752
1660	0.0016339869281045752
82	0.0032679738562091504
111	0.0032679738562091504
136	0.0016339869281045752
658	0.0032679738562091504
1803	0.0032679738562091504
46	0.0032679738562091504
440	0.0016339869281045752
5	0.0016339869281045752
1632	0.0016339869281045752
1016	0.0016339869281045752
849	0.0016339869281045752
771	0.0016339869281045752
887	0.0032679738562091504
1748	0.0032679738562091504
810	0.0016339869281045752
1802	0.0016339869281045752
396	0.0016339869281045752
99	0.0032679738562091504
2973	0.016339869281045753
2213	0.0016339869281045752
1324	0.0016339869281045752
252	0.006535947712418301
2974	0.022875816993464054
435	0.0016339869281045752
649	0.0032679738562091504
801	0.0016339869281045752
1224	0.0032679738562091504
1744	0.0016339869281045752
1485	0.0032679738562091504
25	0.0016339869281045752
376	0.0016339869281045752
2975	0.0016339869281045752
2976	0.016339869281045753
1270	0.0032679738562091504
2857	0.0016339869281045752
109	0.004901960784313725
6	0.0016339869281045752
680	0.0016339869281045752
13	0.0016339869281045752
269	0.0016339869281045752
2977	0.01797385620915033
2978	0.0196078431372549
2606	0.0016339869281045752
619	0.0016339869281045752
1857	0.0016339869281045752
1080	0.0016339869281045752
137	0.0016339869281045752
1506	0.0016339869281045752
2728	0.0016339869281045752
2203	0.0016339869281045752
127	0.0016339869281045752
1764	0.0016339869281045752
138	0.0016339869281045752
987	0.0016339869281045752
26	0.0016339869281045752
655	0.0016339869281045752
417	0.0016339869281045752
1821	0.0016339869281045752
2117	0.0032679738562091504
2979	0.057189542483660136
2482	0.0016339869281045752
2244	0.0016339869281045752
1629	0.0016339869281045752
788	0.0016339869281045752
1310	0.0016339869281045752
1322	0.0016339869281045752
1563	0.0016339869281045752
2486	0.0016339869281045752
1676	0.0016339869281045752
244	0.0016339869281045752
216	0.0016339869281045752
1040	0.0016339869281045752
570	0.0016339869281045752
1483	0.0016339869281045752
1597	0.0016339869281045752
1527	0.0016339869281045752
409	0.0032679738562091504
2433	0.0016339869281045752
1058	0.0016339869281045752
1208	0.0016339869281045752
323	0.0016339869281045752
2143	0.0016339869281045752
752	0.0016339869281045752
1407	0.0032679738562091504
168	0.0016339869281045752
1151	0.0016339869281045752
1530	0.0016339869281045752
2915	0.0016339869281045752
1419	0.0016339869281045752
1520	0.0016339869281045752
532	0.0016339869281045752
410	0.0016339869281045752
62	0.0016339869281045752
2980	0.014705882352941176
472	0.0016339869281045752
676	0.0016339869281045752
2570	0.0016339869281045752
1625	0.0016339869281045752
254	0.0016339869281045752
508	0.0016339869281045752
2917	0.0016339869281045752
2981	0.014705882352941176
1919	0.0016339869281045752
450	0.0016339869281045752
1662	0.0016339869281045752
2028	0.0016339869281045752
2806	0.0016339869281045752
1006	0.004901960784313725
2982	0.008169934640522876
630	0.0016339869281045752
444	0.0032679738562091504
2983	0.06372549019607843
2984	0.057189542483660136
502	0.0016339869281045752
326	0.004901960784313725
585	0.0016339869281045752
2562	0.0016339869281045752
1359	0.004901960784313725
1912	0.0016339869281045752
951	0.0016339869281045752
226	0.0016339869281045752
1424	0.0016339869281045752
603	0.0016339869281045752
1103	0.0016339869281045752
389	0.0016339869281045752
1834	0.0016339869281045752
2033	0.0016339869281045752
215	0.0016339869281045752
650	0.0016339869281045752
447	0.0016339869281045752
759	0.0016339869281045752
1426	0.0016339869281045752
81	0.0016339869281045752
2153	0.0016339869281045752
1352	0.0016339869281045752
1885	0.0016339869281045752
1023	0.0016339869281045752
1207	0.0016339869281045752
75	0.004901960784313725
838	0.0016339869281045752
2985	0.021241830065359478
1148	0.0016339869281045752
1415	0.0016339869281045752
1445	0.0032679738562091504
1139	0.0016339869281045752
237	0.0032679738562091504
1092	0.0016339869281045752
147	0.0016339869281045752
2986	0.013071895424836602
2987	0.049019607843137254
817	0.0016339869281045752
983	0.0016339869281045752
2082	0.0016339869281045752
864	0.0016339869281045752
716	0.0016339869281045752
737	0.0016339869281045752
1031	0.0016339869281045752
1913	0.0016339869281045752
935	0.0016339869281045752
14	0.0016339869281045752
1793	0.0016339869281045752
1325	0.0016339869281045752
2552	0.0016339869281045752
1564	0.0016339869281045752
19	0.0016339869281045752
16	0.0016339869281045752
2988	0.008169934640522876
344	0.0016339869281045752
316	0.0016339869281045752
2138	0.0032679738562091504
423	0.0016339869281045752
2989	0.06699346405228758
2990	0.06209150326797386
1882	0.0016339869281045752
1137	0.0016339869281045752
2288	0.0016339869281045752
2261	0.0016339869281045752
1465	0.0016339869281045752
272	0.0016339869281045752
491	0.0016339869281045752
2400	0.0016339869281045752
70	0.0016339869281045752
1876	0.0016339869281045752
462	0.0016339869281045752
858	0.0032679738562091504
1689	0.0016339869281045752
335	0.004901960784313725
1593	0.0016339869281045752
766	0.0016339869281045752
857	0.0016339869281045752
510	0.0032679738562091504
830	0.0016339869281045752
463	0.0016339869281045752
594	0.0016339869281045752
1967	0.0016339869281045752
486	0.0016339869281045752
274	0.0032679738562091504
1871	0.0016339869281045752
361	0.0016339869281045752
613	0.0032679738562091504
371	0.0016339869281045752
980	0.0016339869281045752
2649	0.0016339869281045752
1387	0.0016339869281045752
1115	0.0016339869281045752
2685	0.0016339869281045752
556	0.0016339869281045752
1534	0.0016339869281045752
471	0.0016339869281045752
1123	0.0032679738562091504
2537	0.0016339869281045752
1320	0.0016339869281045752
726	0.0016339869281045752
705	0.0016339869281045752
290	0.0032679738562091504
1211	0.0016339869281045752
333	0.0016339869281045752
2719	0.0016339869281045752
1486	0.0016339869281045752
400	0.0016339869281045752
554	0.0016339869281045752
2305	0.0016339869281045752
268	0.0032679738562091504
1536	0.0032679738562091504
1259	0.0016339869281045752
575	0.0016339869281045752
102	0.0016339869281045752
438	0.0016339869281045752
883	0.0032679738562091504
1112	0.0016339869281045752
1677	0.0016339869281045752
928	0.004901960784313725
2991	0.026143790849673203
2750	0.0016339869281045752
420	0.0016339869281045752
273	0.0016339869281045752
207	0.0016339869281045752
2992	0.026143790849673203
2993	0.013071895424836602
2456	0.0016339869281045752
2128	0.0016339869281045752
7	0.0016339869281045752
2240	0.0016339869281045752
509	0.0032679738562091504
678	0.0016339869281045752
1739	0.0016339869281045752
292	0.0016339869281045752
1503	0.0016339869281045752
1033	0.0032679738562091504
278	0.0032679738562091504
2994	0.011437908496732027
2995	0.022875816993464054
314	0.0016339869281045752
1959	0.0016339869281045752
758	0.0016339869281045752
295	0.0016339869281045752
535	0.0032679738562091504
1749	0.0016339869281045752
2943	0.0032679738562091504
2996	0.00980392156862745
346	0.0016339869281045752
2997	0.024509803921568627
151	0.0016339869281045752
1176	0.0016339869281045752
890	0.0016339869281045752
687	0.0016339869281045752
872	0.0016339869281045752
929	0.0016339869281045752
701	0.0016339869281045752
2998	0.021241830065359478
485	0.0016339869281045752
285	0.0016339869281045752
1178	0.0016339869281045752
579	0.0016339869281045752
1695	0.0016339869281045752
1673	0.0016339869281045752
1413	0.0016339869281045752
2999	0.01797385620915033
3000	0.026143790849673203
79	0.0016339869281045752
2029	0.0016339869281045752
876	0.0016339869281045752
3001	0.022875816993464054
1584	0.0016339869281045752
1120	0.0016339869281045752
1060	0.0016339869281045752
289	0.0032679738562091504
1620	0.0016339869281045752
2404	0.0016339869281045752
999	0.0016339869281045752
582	0.0016339869281045752
3002	0.013071895424836602
1553	0.0016339869281045752
468	0.0016339869281045752
794	0.0016339869281045752
159	0.0016339869281045752
1341	0.0016339869281045752
3003	0.008169934640522876
513	0.0016339869281045752
749	0.0016339869281045752
1379	0.0016339869281045752
4	0.0016339869281045752
796	0.0016339869281045752
3004	0.02777777777777778
2935	0.0016339869281045752
1022	0.0016339869281045752
380	0.0016339869281045752
2927	0.0016339869281045752
1391	0.0016339869281045752
1717	0.0016339869281045752
373	0.0016339869281045752
2221	0.0016339869281045752
853	0.0016339869281045752
416	0.0016339869281045752
836	0.0032679738562091504
186	0.0016339869281045752
3005	0.14705882352941177
1812	0.0016339869281045752
2509	0.0016339869281045752
549	0.0032679738562091504
1652	0.0016339869281045752
2275	0.0016339869281045752
1019	0.0016339869281045752
2253	0.0016339869281045752
954	0.0016339869281045752
2361	0.0016339869281045752
746	0.0016339869281045752
683	0.0016339869281045752
1305	0.0016339869281045752
966	0.0016339869281045752
2051	0.0016339869281045752
2607	0.0016339869281045752
2450	0.0016339869281045752
461	0.0016339869281045752
720	0.0016339869281045752
529	0.0032679738562091504
35	0.0016339869281045752
1991	0.0016339869281045752
2227	0.0016339869281045752
1595	0.0016339869281045752
1723	0.0016339869281045752
1309	0.0016339869281045752
154	0.0016339869281045752
724	0.0016339869281045752
1145	0.0016339869281045752
1028	0.0016339869281045752
1619	0.0016339869281045752
621	0.0016339869281045752
2725	0.0016339869281045752
1661	0.0016339869281045752
480	0.0016339869281045752
2295	0.0016339869281045752
2232	0.0032679738562091504
1669	0.0016339869281045752
2165	0.0016339869281045752
1066	0.0016339869281045752
2430	0.0016339869281045752
1799	0.0016339869281045752
266	0.0016339869281045752
296	0.0016339869281045752
839	0.0016339869281045752
1556	0.0016339869281045752
1779	0.0016339869281045752
2154	0.0016339869281045752
1068	0.0016339869281045752
2503	0.0016339869281045752
1253	0.0016339869281045752
622	0.0016339869281045752
2402	0.0016339869281045752
1972	0.0016339869281045752
2464	0.0016339869281045752
1241	0.0016339869281045752
370	0.0016339869281045752
1351	0.0016339869281045752
772	0.0016339869281045752
1049	0.0016339869281045752
1378	0.0016339869281045752
1846	0.0016339869281045752
253	0.0016339869281045752
58	0.0016339869281045752
639	0.0016339869281045752
2171	0.0016339869281045752
1571	0.0016339869281045752
1724	0.0016339869281045752
1029	0.0016339869281045752
1098	0.0016339869281045752
645	0.0016339869281045752
2172	0.0016339869281045752
2170	0.0016339869281045752
2697	0.0016339869281045752
1586	0.0016339869281045752
367	0.0016339869281045752
324	0.0016339869281045752
1829	0.0032679738562091504
873	0.0016339869281045752
1568	0.0016339869281045752
1130	0.0016339869281045752
2008	0.0016339869281045752
8	0.0016339869281045752
3006	0.021241830065359478
1774	0.0016339869281045752
1636	0.0016339869281045752
1108	0.0016339869281045752
1179	0.0016339869281045752
2354	0.0016339869281045752
3007	0.021241830065359478
3008	0.024509803921568627
191	0.0016339869281045752
255	0.0016339869281045752
984	0.0016339869281045752
534	0.0016339869281045752
2024	0.0016339869281045752
775	0.0016339869281045752
1372	0.0016339869281045752
815	0.0016339869281045752
1533	0.0016339869281045752
