2959	69	0.008211423224763138
2959	388	0.0011037316197600787
2959	45	0.000966282229418154
2959	2762	0.0032146627003166684
2959	403	0.0009617036917915352
2959	548	0.001074550837225868
2959	721	0.0032146627003166684
2959	2226	0.0032146627003166684
2959	23	0.0009481778131086809
2959	201	0.0009481778131086809
2959	492	0.0032146627003166684
2959	182	0.0032146627003166684
2959	791	0.0030757737071109396
2959	357	0.0019779699090524618
2959	629	0.0012111071574595269
2959	822	0.002351786178582106
2959	33	0.0009991623537563168
2959	1222	0.001701024278664346
2959	1399	0.00233133880167108
2959	112	0.003286636084234879
2959	157	0.0032146627003166684
2959	691	0.0008573574682819232
2959	426	0.0008573574682819232
2959	61	0.004388703335211425
2959	134	0.001103731619760079
2959	895	0.0032146627003166684
2959	2679	0.0032146627003166684
2959	730	0.0008573574682819232
2959	236	0.0032146627003166684
2959	481	0.0008573574682819232
2959	48	0.002688709006923595
2959	43	0.0009662822294181541
2959	2	0.0032146627003166684
2959	119	0.000857357468281923
2959	113	0.0009617036917915354
2959	2984	0.020263821151506187
69	2964	0.003780508967086067
69	2965	0.0038730409883502323
69	2973	0.0024761124555946453
69	2987	0.00928601330324055
69	2991	0.003971276720869589
69	2993	0.006792028374448266
69	3000	0.003990513450518671
69	3004	0.00791817885141061
69	3006	0.013095978433430227
388	2972	0.0021086568606007955
388	2983	0.0013289601293739808
45	2964	0.002557540313595259
403	2971	0.0012059614155249501
403	2983	0.002039932885609118
548	2964	0.002196839581968511
548	2972	0.001664837792266461
548	2984	0.0019018138241955367
548	2983	0.0010622198581580668
23	2964	0.0014016762322170521
23	2971	0.0010454677970446757
23	2983	0.0015247704939687235
201	2964	0.0014016762322170521
201	2971	0.0010454677970446757
201	2983	0.0015247704939687235
791	2987	0.0032233195130803418
791	2993	0.0022005738981415654
357	2963	0.0021616910493881623
629	2971	0.0023543199630704412
822	2987	0.0028193814122085396
33	2964	0.0011406224453111295
33	2972	0.0022332545764458356
1222	2983	0.0026059938003600677
1222	2985	0.0018314128533829317
1399	2973	0.000873547000094382
1399	2987	0.0026365325880158197
112	2961	0.010688139050977588
112	2971	0.0008520404427424567
112	2972	0.010681835672913441
112	2983	0.0020032785394117347
112	3000	0.003521122997114789
691	2964	0.0015654210517045846
691	2983	0.0017785433255253582
426	2964	0.0015654210517045846
426	2983	0.0017785433255253582
61	2972	0.0062431529023833235
61	2974	0.008740326686839375
134	2972	0.002108656860600796
134	2983	0.0013289601293739808
730	2964	0.0015654210517045846
730	2983	0.0017785433255253582
481	2964	0.0015654210517045846
481	2983	0.0017785433255253582
48	2964	0.0018249651891750931
48	2971	0.0012676813489141247
48	2973	0.0008767037025414732
48	2987	0.003063748917589531
48	2995	0.002133473144861361
43	2964	0.0025575403135952596
119	2964	0.0015654210517045846
119	2983	0.0017785433255253582
113	2971	0.0012059614155249504
113	2983	0.0020399328856091172
2960	2303	1.0662231178496413e-05
2960	2395	1.0662231178496413e-05
2961	2962	0.009948762420698788
2961	1637	0.0014281207362402764
2961	1015	0.0012962623686044712
2961	392	0.0014789286258671218
2961	1084	0.0032146627003166684
2961	1157	0.0032146627003166684
2961	95	0.0017930853231550815
2961	1380	0.0032146627003166684
2961	20	0.009607113565192716
2961	108	0.0032146627003166684
2961	590	0.0014281207362402762
2961	1237	0.0015206446010320904
2961	886	0.0032146627003166684
2961	792	0.0012176348978184621
2961	9	0.0028100099639578697
2961	601	0.0011660915531801243
2961	434	0.0017006202397901909
2961	889	0.0011660915531801243
2961	185	0.0032146627003166684
2961	1216	0.0014281207362402762
2961	232	0.002868011422863638
2961	34	0.0018312799175564881
2961	708	0.0017006202397901909
2961	91	0.0032146627003166684
2962	1899	0.0032146627003166684
2962	405	0.0032146627003166684
2962	1862	0.0032146627003166684
2962	665	0.0032146627003166684
2962	40	0.014104485153592436
2962	731	0.0015742380156486013
2962	657	0.0013536911754901634
1637	2983	0.0031065612430388008
1015	2964	0.002794930379163793
392	2964	0.0022856206958331918
392	3000	0.0012205950824166509
95	2964	0.0022805737854675974
95	2965	0.0011872699174824697
95	2991	0.0014043854865232643
20	2987	0.010331989309239993
20	2989	0.018023435489042415
40	2963	0.007183844003128287
40	2974	0.006540163033710377
40	2976	0.014534418092456092
40	2977	0.022761801318937538
40	2990	0.025545230948913412
40	2992	0.009177083405120435
40	2994	0.006139603619812578
40	3002	0.010407188452084996
40	3007	0.01671058787209081
590	2983	0.0031065612430388008
1237	2987	0.0021256419901902164
1237	2991	0.0018047298016915742
1237	2995	0.0016687242016317236
731	2991	0.0034559993934571696
792	2987	0.0026648743546151964
9	2964	0.002066402436082043
9	2971	0.001423927657686855
9	2983	0.0032147642226091366
9	2993	0.0034465378360047537
9	3000	0.001783104673212418
601	2987	0.0018934198743789606
601	2991	0.0019707664929723956
434	2976	0.0023244031550421983
434	2987	0.0035802917265926244
657	2974	0.0030924462405385734
657	2994	0.001357120055583264
889	2987	0.0018934198743789609
889	2991	0.0019707664929723956
1216	2983	0.0031065612430388008
232	2964	0.001968456084199678
232	2971	0.0012763226800978481
232	2973	0.0010538355096929262
232	2983	0.0023969331484746306
232	2985	0.002321271768142004
34	2971	0.0016918132537973136
34	2987	0.0020464076889865563
34	2991	0.001599441607389436
34	2995	0.001629602777277819
34	3000	0.0012795214881450223
708	2976	0.0023244031550421983
708	2987	0.0035802917265926244
2963	2964	0.004431685640550621
2963	21	0.00464227308410732
2963	322	0.001756807952224898
2964	123	0.0023221795336808384
2964	282	0.0032146627003166684
2964	1783	0.0032146627003166684
2964	1248	0.001378281125713664
2964	327	0.0016387463084303292
2964	325	0.0011969246967006542
2964	21	0.025016927412989092
2964	617	0.0016387463084303292
2964	519	0.0016387463084303292
2964	1153	0.0026927502842999363
2964	311	0.0032146627003166684
2964	494	0.0032146627003166684
2964	366	0.0022971157922703728
2964	651	0.0032146627003166684
2964	1844	0.0032146627003166684
2964	566	0.0021070856076475016
2964	391	0.0020825607620391373
2964	2972	0.01568681788171458
123	2987	0.0018798270335064926
21	2965	0.008772491302646635
21	2968	0.018145023097617362
21	2970	0.049820744903321994
21	2972	0.0474221181826328
21	2977	0.034577044912477393
21	2980	0.02037995524569259
21	2981	0.016458038026122248
21	2983	0.03463387895284267
21	2988	0.014164193516251837
21	2990	0.09385397360843063
21	2991	0.013192952746227034
21	2995	0.015717214912974314
21	2996	0.008159022085983436
21	2998	0.017695709284977924
21	3000	0.01842620813224906
21	3001	0.022700106936511612
21	3004	0.017257643730327576
21	3006	0.03378841314826241
322	3001	0.002007532642424875
1248	2973	0.0007641396882946988
1248	2983	0.0020428439697872565
1248	2995	0.001336406533178838
327	2983	0.001775946617466406
325	2972	0.0020177380036160066
617	2983	0.001775946617466406
519	2983	0.001775946617466406
1153	2987	0.0021400807580045176
1153	2994	0.001450566766626422
1153	3000	0.0007803565158265133
366	2973	0.0008604495087658564
366	2983	0.0029913442648146185
366	2985	0.0019407079484204978
366	2993	0.0027624276493115833
566	2987	0.0018660791227071663
566	3000	0.0008960950367153542
391	2995	0.000908517731187472
391	3000	0.0010119588446372602
2965	894	0.004659904628247207
2965	299	0.00109725003245157
2965	686	0.00113637051946952
2965	1406	0.0032146627003166684
2965	882	0.0032146627003166684
2965	67	0.0012651056762851545
894	2966	0.0033879327584440374
299	2971	0.0012969170121712064
299	2983	0.0021153767744010736
299	2985	0.0014958756597252155
299	2991	0.0013704469705923196
686	2973	0.0008676108540700724
686	2985	0.0010658264257480863
686	2991	0.0018107411639387365
67	2983	0.0024551936465770944
2966	188	0.0032146627003166684
2966	1034	0.0032146627003166684
2966	499	0.0032146627003166684
2966	845	0.001436325240022902
2966	1488	0.009679416070656286
2966	1027	0.0032146627003166684
2966	1405	0.0004225062758186665
2966	1877	0.0038016188910890464
2966	1715	0.0032146627003166684
2966	595	0.0032146627003166684
2966	681	0.0032146627003166684
2966	875	0.0038016188910890464
2966	694	0.0032146627003166684
2966	1002	0.0032146627003166684
2966	1240	0.0004225062758186665
2966	1915	0.001436325240022902
2966	557	0.0032146627003166684
2966	1840	0.0032146627003166684
2966	1452	0.0032146627003166684
2966	464	0.0032146627003166684
2966	553	0.0032146627003166684
2966	2989	0.0068797231241654365
2966	2990	0.04949069377783975
845	2989	0.001778337460293767
1488	2979	0.007466818858378901
1405	2990	0.002792156424498001
1877	2997	0.0010651826453926473
875	2997	0.0010651826453926473
1240	2990	0.002792156424498001
1915	2989	0.001778337460293767
2967	2968	0.005676749583284466
2967	2625	0.0032146627003166684
2967	1622	0.0032146627003166684
2967	407	0.0032146627003166684
2967	1910	0.0007529970759318178
2967	2379	0.0007529970759318178
2967	2385	0.007438610355847249
2967	106	0.011690757310767045
2967	406	0.0007529970759318178
2967	101	0.00099625525501291
2967	475	0.0032146627003166684
2968	1910	0.0024616656243848446
2968	2385	0.009177432921254785
2968	2379	0.0024616656243848446
2968	406	0.0024616656243848446
2968	101	0.0010457189215559058
2968	106	0.0063073672349857135
2385	3005	0.0276680201650749
2385	3006	0.014496721915926497
106	2974	0.007485780973985516
106	2977	0.012286769670953077
106	2981	0.006690617966931389
106	2990	0.025473958614992385
106	2992	0.010827485351468413
106	3002	0.00979390371915694
106	3004	0.012196628512744572
101	3004	0.002536717388407584
2969	2970	0.039332062011692405
2969	625	0.0012441090460022773
2969	424	0.0012441090460022773
2969	477	0.0012441090460022773
2969	504	0.0032146627003166684
2969	2662	0.0032146627003166684
2969	2144	0.0012441090460022773
2969	1449	0.0007963981188329159
2969	153	0.0032146627003166684
2969	1143	0.0012441090460022773
2969	1523	0.0032146627003166684
2969	1021	0.0012441090460022773
2969	2441	0.0032146627003166684
2969	1273	0.00022474462643968062
2969	814	0.0032146627003166684
2969	2916	0.0012441090460022773
2969	497	0.0015523542763158451
2969	975	0.0032146627003166684
2969	1050	0.0012441090460022773
2969	2367	0.0012441090460022773
2969	454	0.0032146627003166684
2969	222	0.0032146627003166684
2969	2145	0.002999636050370027
2969	126	0.0032146627003166684
2969	3008	0.002667882765845092
2970	1330	0.0032146627003166684
2970	1160	0.0032146627003166684
2970	776	0.0032146627003166684
2970	223	0.0032146627003166684
2970	1740	0.0032146627003166684
2970	2057	0.0032146627003166684
2970	1437	0.0032146627003166684
2970	1107	0.0032146627003166684
2970	1073	0.0032146627003166684
2970	1851	0.0032146627003166684
2970	2158	0.0032146627003166684
2970	94	0.008280062567503157
2970	189	0.03716507391479957
2970	1273	0.0029899180738769864
2970	3008	0.017788602411651987
625	3008	0.00197055365431439
424	3008	0.00197055365431439
477	3008	0.00197055365431439
2144	3008	0.00197055365431439
1449	2996	0.0029336057551110828
1143	3008	0.00197055365431439
1021	3008	0.00197055365431439
94	2977	0.006535012083192254
94	2980	0.003225390048759311
94	2992	0.008139680736988347
94	2996	0.0013762526533798484
2916	3008	0.00197055365431439
497	2998	0.00402675973289124
1050	3008	0.00197055365431439
2367	3008	0.00197055365431439
189	2972	0.03382829511047538
189	2973	0.00660017746358062
189	2984	0.03906442386571408
189	2985	0.016638196784978732
189	2987	0.02652281210065134
189	2990	0.0662053527841172
189	2991	0.008157705528363817
189	2998	0.012191619557134704
189	3001	0.018545140670545995
189	3004	0.01524712075634001
2145	3007	0.004513998860433833
2145	3008	0.0004903539733050658
2971	2972	0.012949653678445602
2971	63	0.01595794448083752
2971	1660	0.0032146627003166684
2972	1377	0.0032146627003166684
2972	2421	0.0032146627003166684
2972	559	0.0032146627003166684
2972	892	0.0032146627003166684
2972	1147	0.0032146627003166684
2972	670	0.0024492101514920575
2972	682	0.0032146627003166684
2972	284	0.002449210151492058
2972	402	0.0032146627003166684
2972	1124	0.002449210151492058
2972	753	0.0032146627003166684
2972	1212	0.030842515565531053
2972	1606	0.030842515565531053
2972	1859	0.0032146627003166684
2972	275	0.0032146627003166684
2972	1159	0.0024492101514920583
2972	2180	0.0032146627003166684
2972	1114	0.0032146627003166684
2972	446	0.0018711816836620373
2972	473	0.002449210151492059
2972	384	0.0032146627003166684
2972	2108	0.0032146627003166684
2972	547	0.0032146627003166684
2972	82	0.0024492101514920596
2972	111	0.0024492101514920596
2972	136	0.0032146627003166684
2972	658	0.0024492101514920596
2972	1803	0.0024492101514920596
2972	46	0.0024492101514920596
2972	440	0.0032146627003166684
2972	5	0.0032146627003166684
2972	1632	0.0032146627003166684
2972	1016	0.0032146627003166684
2972	849	0.0032146627003166684
2972	771	0.0032146627003166684
2972	887	0.0024492101514920605
2972	1748	0.0024492101514920605
2972	810	0.0032146627003166684
2972	1802	0.0032146627003166684
2972	396	0.0032146627003166684
2972	99	0.002449210151492061
2972	2983	0.016298531512762577
63	2974	0.009239916821567464
63	2975	0.0032146627003166684
63	2982	0.006868136512619956
63	2987	0.021836971381456596
63	2990	0.026660855932455596
63	2999	0.048501161474105874
63	3006	0.04375728286683067
63	3007	0.025915369639637566
670	2984	0.0011385278381806168
284	2984	0.0011385278381806168
1124	2984	0.0011385278381806168
1212	3005	0.02896253588171072
1606	3005	0.02896253588171072
1159	2984	0.0011385278381806166
446	2983	0.0013434810166546188
473	2984	0.0011385278381806163
82	2984	0.0011385278381806163
111	2984	0.0011385278381806163
658	2984	0.0011385278381806163
1803	2984	0.0011385278381806163
46	2984	0.0011385278381806163
887	2984	0.0011385278381806161
1748	2984	0.0011385278381806161
99	2984	0.001138527838180616
2973	2213	0.0032146627003166684
2973	1324	0.0032146627003166684
252	2974	0.005871290797989233
252	2992	0.004564310598470043
252	2997	0.005396463726924989
252	2999	0.006452321572708116
2974	435	0.0032146627003166684
2974	649	0.002713300809325139
2974	801	0.0032146627003166684
2974	1224	0.0016229177185613534
2974	1744	0.0032146627003166684
2974	1485	0.0016229177185613534
2974	25	0.0032146627003166684
2974	376	0.0032146627003166684
649	2980	0.0022841072854171383
1224	2990	0.003262101153788244
1485	2990	0.003262101153788244
2976	1270	0.0015466024555818255
2976	2857	0.0032146627003166684
2976	109	0.0026137000476548215
2976	6	0.0032146627003166684
2976	680	0.0032146627003166684
2976	13	0.0032146627003166684
2976	269	0.0032146627003166684
1270	2992	0.0032158731542755916
109	2987	0.003015618573103827
109	3000	0.0024783307980023165
2977	2978	0.03787224514601926
2977	2728	0.0032146627003166684
2977	127	0.0032146627003166684
2977	138	0.0032146627003166684
2977	987	0.0032146627003166684
2977	417	0.0032146627003166684
2977	2117	0.029695692360719245
2978	2606	0.0032146627003166684
2978	619	0.0032146627003166684
2978	1857	0.0032146627003166684
2978	1080	0.0032146627003166684
2978	137	0.0032146627003166684
2978	1506	0.0032146627003166684
2978	2203	0.0032146627003166684
2978	1764	0.0032146627003166684
2978	26	0.0032146627003166684
2978	655	0.0032146627003166684
2978	1821	0.0032146627003166684
2117	3005	0.028461062918038106
2979	2482	0.0032146627003166684
2979	2244	0.0032146627003166684
2979	1629	0.0032146627003166684
2979	788	0.0032146627003166684
2979	1310	0.0032146627003166684
2979	1322	0.0032146627003166684
2979	1563	0.0032146627003166684
2979	2486	0.0032146627003166684
2979	1676	0.0032146627003166684
2979	244	0.0032146627003166684
2979	216	0.0032146627003166684
2979	1040	0.0032146627003166684
2979	570	0.0032146627003166684
2979	1483	0.0032146627003166684
2979	1597	0.0032146627003166684
2979	1527	0.0032146627003166684
2979	409	0.000340023074330308
2979	2433	0.0032146627003166684
2979	1058	0.0032146627003166684
2979	1208	0.0032146627003166684
2979	323	0.0032146627003166684
2979	2143	0.0032146627003166684
2979	752	0.0032146627003166684
2979	1407	0.011168723518990622
2979	168	0.0032146627003166684
2979	1151	0.0032146627003166684
2979	1530	0.0032146627003166684
2979	2915	0.0032146627003166684
2979	1419	0.0032146627003166684
2979	1520	0.0032146627003166684
2979	532	0.0032146627003166684
2979	410	0.0032146627003166684
2979	62	0.0032146627003166684
2979	2999	0.08022803938908961
409	2999	0.0028746396259863565
1407	2989	0.013458291885870863
2980	472	0.0032146627003166684
2980	676	0.0032146627003166684
2980	2570	0.0032146627003166684
2980	1625	0.0032146627003166684
2980	254	0.0032146627003166684
2980	508	0.0032146627003166684
2917	2981	0.0032146627003166684
2981	1919	0.0032146627003166684
2981	450	0.0032146627003166684
2981	1662	0.0032146627003166684
2981	2028	0.0032146627003166684
2981	2806	0.0032146627003166684
2981	1006	0.001643380124856954
1006	3001	0.0020520365226471596
1006	3004	0.002110685555301953
2982	2982	0.0
2982	630	0.0032146627003166684
2982	444	0.0014134881705466357
444	2998	0.0030442534589933076
2983	2984	0.019726001920071453
2983	502	0.0032146627003166684
2983	1359	0.0027236693325307245
2983	1424	0.0032146627003166684
2983	759	0.0032146627003166684
2983	81	0.0032146627003166684
2983	1352	0.0032146627003166684
2983	1885	0.0032146627003166684
2983	1207	0.0032146627003166684
2983	75	0.02053677665658493
2984	326	0.02762608161490266
2984	585	0.0032146627003166684
2984	2562	0.0032146627003166684
2984	1912	0.0032146627003166684
2984	951	0.0032146627003166684
2984	226	0.0032146627003166684
2984	603	0.0032146627003166684
2984	1103	0.0032146627003166684
2984	389	0.0032146627003166684
2984	1834	0.0032146627003166684
2984	2033	0.0032146627003166684
2984	215	0.0032146627003166684
2984	650	0.0032146627003166684
2984	447	0.0032146627003166684
2984	1426	0.0032146627003166684
2984	2153	0.0032146627003166684
2984	1023	0.0032146627003166684
2984	838	0.0032146627003166684
326	3001	0.012331168614957224
326	3005	0.03606288430899011
1359	2995	0.0011843112462223016
1359	3000	0.0013170028045626425
75	2991	0.0055580734666061775
75	2999	0.024092953955709224
2985	1148	0.0032146627003166684
2985	1415	0.0032146627003166684
2985	1445	0.0017435572486875779
2985	1139	0.0032146627003166684
2985	237	0.0032538680387956802
2985	1092	0.0032146627003166684
2985	147	0.0032146627003166684
1445	2995	0.0024079764579170255
237	3002	0.0025861442115605138
2986	2987	0.01283336392258175
2986	817	0.0032146627003166684
2986	864	0.0032146627003166684
2986	1913	0.0032146627003166684
2986	935	0.0032146627003166684
2986	2552	0.0032146627003166684
2986	1564	0.0032146627003166684
2986	3000	0.009855509151613054
2987	983	0.003214662700316669
2987	2082	0.003214662700316669
2987	716	0.003214662700316669
2987	737	0.003214662700316669
2987	1031	0.003214662700316669
2987	14	0.003214662700316669
2987	1793	0.003214662700316669
2987	1325	0.003214662700316669
2987	19	0.003214662700316669
2987	16	0.003214662700316669
2988	344	0.0032146627003166684
2988	316	0.0032146627003166684
2988	2138	0.002448644846919048
2988	423	0.0032146627003166684
2138	3007	0.0022101086900231924
2989	2990	0.08373251206280131
2989	1882	0.0032146627003166684
2989	1137	0.0032146627003166684
2989	2288	0.0032146627003166684
2989	491	0.0032146627003166684
2989	2400	0.0032146627003166684
2989	1876	0.0032146627003166684
2989	462	0.0032146627003166684
2989	1689	0.0032146627003166684
2989	766	0.0032146627003166684
2989	830	0.0032146627003166684
2989	463	0.0032146627003166684
2989	594	0.0032146627003166684
2989	1967	0.0032146627003166684
2989	486	0.0032146627003166684
2989	1871	0.0032146627003166684
2989	361	0.0032146627003166684
2989	2649	0.0032146627003166684
2989	1387	0.0032146627003166684
2989	2685	0.0032146627003166684
2989	556	0.0032146627003166684
2989	1123	0.0022011422783690116
2989	2537	0.0032146627003166684
2989	335	0.000910576337937044
2989	1320	0.0032146627003166684
2989	2719	0.0032146627003166684
2989	1486	0.0032146627003166684
2989	613	0.0005432137334739535
2989	554	0.0032146627003166684
2989	2305	0.0032146627003166684
2989	1536	0.0005432137334739535
2989	575	0.0032146627003166684
2989	102	0.0032146627003166684
2989	438	0.0032146627003166684
2989	1112	0.0032146627003166684
2989	1677	0.0032146627003166684
2990	2261	0.0032146627003166684
2990	1465	0.0032146627003166684
2990	272	0.0032146627003166684
2990	70	0.0032146627003166684
2990	858	0.005759411403351608
2990	335	0.005435194021324346
2990	1593	0.0032146627003166684
2990	857	0.0032146627003166684
2990	510	0.004038810633713783
2990	274	0.00721772774623622
2990	613	0.0026714489668427147
2990	371	0.0032146627003166684
2990	980	0.0032146627003166684
2990	1115	0.0032146627003166684
2990	1534	0.0032146627003166684
2990	471	0.0032146627003166684
2990	726	0.0032146627003166684
2990	705	0.0032146627003166684
2990	290	0.007217727746236217
2990	1211	0.0032146627003166684
2990	333	0.0032146627003166684
2990	400	0.0032146627003166684
2990	268	0.007217727746236216
2990	1259	0.0032146627003166684
2990	883	0.0040388106337137875
2990	928	0.009850466137787032
2990	1536	0.0026714489668427147
858	2999	0.0036268220962268837
335	2999	0.004169872955637563
510	2992	0.0020874381531873205
274	2997	0.004303967139675804
1123	2999	0.002142930237268169
290	2997	0.0043039671396758045
268	2997	0.0043039671396758045
883	2992	0.0020874381531873205
928	2997	0.0057310117000622446
928	2999	0.005089697172364155
2991	2750	0.0032146627003166684
2991	420	0.0032146627003166684
2991	273	0.0032146627003166684
2991	207	0.0032146627003166684
2992	2993	0.012099807857437863
2992	2456	0.0032146627003166684
2992	2240	0.0032146627003166684
2992	509	0.003982038693354263
2992	678	0.0032146627003166684
2992	1739	0.0032146627003166684
2992	292	0.0032146627003166684
2992	1033	0.0036151681945471408
2992	278	0.0036151681945471408
2993	2128	0.0032146627003166684
2993	7	0.0032146627003166684
2993	1503	0.0032146627003166684
509	2997	0.001897724208917801
1033	2999	0.0037359197936159224
278	2999	0.0037359197936159224
2994	2995	0.0035022363853790903
2994	1959	0.0032146627003166684
2994	535	0.0021663788235835348
2994	3000	0.003359472573906593
2995	314	0.0032146627003166684
2995	758	0.0032146627003166684
2995	295	0.0032146627003166684
2995	1749	0.0032146627003166684
2995	2943	0.002155013122676492
535	3007	0.0021666642293520395
2943	3001	0.0024427109426283272
2996	2996	0.0
2996	346	0.0032146627003166684
2997	151	0.0032146627003166684
2997	1176	0.0032146627003166684
2997	890	0.0032146627003166684
2997	687	0.0032146627003166684
2997	872	0.0032146627003166684
2997	929	0.0032146627003166684
2997	701	0.0032146627003166684
2998	485	0.0032146627003166684
2998	285	0.0032146627003166684
2998	1178	0.0032146627003166684
2998	2998	0.0
2998	579	0.0032146627003166684
2998	1695	0.0032146627003166684
2998	1673	0.0032146627003166684
2998	1413	0.0032146627003166684
3000	79	0.0032146627003166684
3000	2029	0.0032146627003166684
3000	876	0.0032146627003166684
3001	1584	0.0032146627003166684
3001	1120	0.0032146627003166684
3001	1060	0.0032146627003166684
3001	289	0.012445354357977789
3001	1620	0.0032146627003166684
3001	2404	0.0032146627003166684
3001	999	0.0032146627003166684
3001	582	0.0032146627003166684
289	3005	0.011030654544167122
3002	1553	0.0032146627003166684
3002	468	0.0032146627003166684
3002	794	0.0032146627003166684
3002	159	0.0032146627003166684
3002	1341	0.0032146627003166684
3003	513	2.665557794624103e-05
3003	749	2.665557794624103e-05
3003	1379	2.665557794624103e-05
3003	4	2.665557794624103e-05
3003	796	2.665557794624103e-05
3004	2935	0.0032146627003166684
3004	1022	0.0032146627003166684
3004	380	0.0032146627003166684
3004	2927	0.0032146627003166684
3004	1391	0.0032146627003166684
3004	1717	0.0032146627003166684
3004	373	0.0032146627003166684
3004	2221	0.0032146627003166684
3004	853	0.0032146627003166684
3004	416	0.0032146627003166684
3004	836	0.01971781950633866
836	3005	0.018083174650369866
186	3005	0.0032146627003166684
3005	1812	0.0032146627003166684
3005	2509	0.0032146627003166684
3005	549	0.013099316676982362
3005	1652	0.0032146627003166684
3005	2275	0.0032146627003166684
3005	1019	0.0032146627003166684
3005	2253	0.0032146627003166684
3005	954	0.0032146627003166684
3005	2361	0.0032146627003166684
3005	746	0.0032146627003166684
3005	683	0.0032146627003166684
3005	1305	0.0032146627003166684
3005	966	0.0032146627003166684
3005	2051	0.0032146627003166684
3005	2607	0.0032146627003166684
3005	2450	0.0032146627003166684
3005	461	0.0032146627003166684
3005	720	0.0032146627003166684
3005	529	0.013099316676982362
3005	35	0.0032146627003166684
3005	1991	0.0032146627003166684
3005	2227	0.0032146627003166684
3005	1595	0.0032146627003166684
3005	1723	0.0032146627003166684
3005	1309	0.0032146627003166684
3005	154	0.0032146627003166684
3005	724	0.0032146627003166684
3005	1145	0.0032146627003166684
3005	1028	0.0032146627003166684
3005	1619	0.0032146627003166684
3005	621	0.0032146627003166684
3005	2725	0.0032146627003166684
3005	1661	0.0032146627003166684
3005	480	0.0032146627003166684
3005	2295	0.0032146627003166684
3005	2232	0.013099316676982362
3005	1669	0.0032146627003166684
3005	2165	0.0032146627003166684
3005	1066	0.0032146627003166684
3005	2430	0.0032146627003166684
3005	1799	0.0032146627003166684
3005	266	0.0032146627003166684
3005	296	0.0032146627003166684
3005	839	0.0032146627003166684
3005	1556	0.0032146627003166684
3005	1779	0.0032146627003166684
3005	2154	0.0032146627003166684
3005	1068	0.0032146627003166684
3005	2503	0.0032146627003166684
3005	1253	0.0032146627003166684
3005	622	0.0032146627003166684
3005	2402	0.0032146627003166684
3005	1972	0.0032146627003166684
3005	2464	0.0032146627003166684
3005	1241	0.0032146627003166684
3005	370	0.0032146627003166684
3005	1351	0.0032146627003166684
3005	772	0.0032146627003166684
3005	1049	0.0032146627003166684
3005	1378	0.0032146627003166684
3005	1846	0.0032146627003166684
3005	253	0.0032146627003166684
3005	58	0.0032146627003166684
3005	639	0.0032146627003166684
3005	2171	0.0032146627003166684
3005	1571	0.0032146627003166684
3005	1724	0.0032146627003166684
3005	1029	0.0032146627003166684
3005	1098	0.0032146627003166684
3005	645	0.0032146627003166684
3005	2172	0.0032146627003166684
3005	2170	0.0032146627003166684
3005	2697	0.0032146627003166684
3005	1586	0.0032146627003166684
3005	367	0.0032146627003166684
3005	324	0.0032146627003166684
3005	1829	0.013099316676982366
3005	873	0.0032146627003166684
3005	1568	0.0032146627003166684
3005	1130	0.0032146627003166684
3005	2008	0.0032146627003166684
3005	8	0.0032146627003166684
549	3006	0.014559929456074507
529	3006	0.014559929456074507
2232	3006	0.014559929456074507
1829	3006	0.014559929456074528
3006	1774	0.0032146627003166684
3006	1636	0.0032146627003166684
3006	1108	0.0032146627003166684
3006	1179	0.0032146627003166684
3006	2354	0.0032146627003166684
3007	3008	0.014675090392779342
3007	191	0.0032146627003166684
3007	255	0.0032146627003166684
3007	984	0.0032146627003166684
3007	534	0.0032146627003166684
3007	2024	0.0032146627003166684
3007	815	0.0032146627003166684
3007	1533	0.0032146627003166684
3008	775	0.0032146627003166684
3008	1372	0.0032146627003166684
