3110	0.009580838323353293
101	0.003592814371257485
69	0.023952095808383235
882	0.003592814371257485
2069	0.0011976047904191617
106	0.022754491017964073
379	0.0011976047904191617
1204	0.0011976047904191617
1708	0.0011976047904191617
1324	0.0011976047904191617
3111	0.031137724550898204
826	0.0023952095808383233
40	0.023952095808383235
761	0.0023952095808383233
132	0.0011976047904191617
138	0.004790419161676647
2561	0.0023952095808383233
191	0.0023952095808383233
1802	0.0011976047904191617
326	0.0011976047904191617
762	0.004790419161676647
2976	0.0011976047904191617
657	0.004790419161676647
83	0.0011976047904191617
1302	0.0023952095808383233
1118	0.0011976047904191617
825	0.0023952095808383233
255	0.003592814371257485
21	0.04910179640718563
16	0.0023952095808383233
94	0.026347305389221556
161	0.0011976047904191617
88	0.00718562874251497
272	0.004790419161676647
3112	0.013173652694610778
278	0.005988023952095809
63	0.02035928143712575
2846	0.0011976047904191617
244	0.0011976047904191617
280	0.0011976047904191617
555	0.0011976047904191617
252	0.005988023952095809
1977	0.0011976047904191617
409	0.0023952095808383233
979	0.0011976047904191617
3113	0.010778443113772455
394	0.003592814371257485
1596	0.0011976047904191617
1023	0.00718562874251497
418	0.003592814371257485
1308	0.0011976047904191617
459	0.0011976047904191617
3114	0.008383233532934131
3115	0.03592814371257485
539	0.0011976047904191617
2162	0.0023952095808383233
264	0.003592814371257485
404	0.0011976047904191617
24	0.003592814371257485
467	0.003592814371257485
1062	0.0011976047904191617
638	0.0011976047904191617
2927	0.0011976047904191617
763	0.0023952095808383233
2446	0.0023952095808383233
189	0.025149700598802394
139	0.0023952095808383233
2644	0.0011976047904191617
1545	0.003592814371257485
688	0.0023952095808383233
2172	0.0011976047904191617
308	0.0011976047904191617
297	0.0011976047904191617
318	0.003592814371257485
2926	0.0011976047904191617
1170	0.003592814371257485
1680	0.0023952095808383233
134	0.010778443113772455
649	0.00718562874251497
3116	0.0562874251497006
1292	0.0011976047904191617
403	0.008383233532934131
1222	0.005988023952095809
651	0.004790419161676647
717	0.0023952095808383233
232	0.0023952095808383233
325	0.00718562874251497
180	0.004790419161676647
1248	0.0023952095808383233
617	0.003592814371257485
98	0.00718562874251497
548	0.00718562874251497
43	0.005988023952095809
1128	0.0011976047904191617
112	0.015568862275449102
366	0.0011976047904191617
446	0.003592814371257485
1547	0.0011976047904191617
494	0.004790419161676647
119	0.008383233532934131
61	0.011976047904191617
1844	0.005988023952095809
481	0.004790419161676647
559	0.004790419161676647
426	0.008383233532934131
452	0.0023952095808383233
1713	0.0011976047904191617
1113	0.0023952095808383233
299	0.005988023952095809
327	0.004790419161676647
822	0.008383233532934131
23	0.003592814371257485
33	0.005988023952095809
45	0.005988023952095809
329	0.0011976047904191617
179	0.004790419161676647
48	0.00718562874251497
1207	0.005988023952095809
67	0.0023952095808383233
34	0.008383233532934131
157	0.009580838323353293
3117	0.06946107784431138
401	0.003592814371257485
275	0.005988023952095809
239	0.0011976047904191617
2474	0.0011976047904191617
1317	0.0011976047904191617
1447	0.004790419161676647
2093	0.0011976047904191617
389	0.0023952095808383233
182	0.0011976047904191617
629	0.008383233532934131
455	0.003592814371257485
1102	0.0011976047904191617
1576	0.0023952095808383233
1016	0.0023952095808383233
922	0.0011976047904191617
502	0.0023952095808383233
5	0.0023952095808383233
3104	0.0023952095808383233
229	0.0023952095808383233
197	0.0023952095808383233
1684	0.0023952095808383233
927	0.0023952095808383233
441	0.0011976047904191617
46	0.005988023952095809
2990	0.0023952095808383233
519	0.008383233532934131
636	0.005988023952095809
1164	0.003592814371257485
911	0.0011976047904191617
2977	0.008383233532934131
540	0.0011976047904191617
1110	0.0011976047904191617
135	0.0023952095808383233
849	0.0011976047904191617
1975	0.0023952095808383233
2316	0.0011976047904191617
276	0.0023952095808383233
81	0.0023952095808383233
388	0.008383233532934131
393	0.0011976047904191617
3118	0.009580838323353293
2596	0.0011976047904191617
2256	0.0011976047904191617
3014	0.0011976047904191617
3119	0.013173652694610778
314	0.0023952095808383233
2401	0.0011976047904191617
362	0.0023952095808383233
108	0.0011976047904191617
1930	0.0011976047904191617
3120	0.029940119760479042
3121	0.04790419161676647
2682	0.0011976047904191617
517	0.0011976047904191617
201	0.009580838323353293
113	0.004790419161676647
691	0.00718562874251497
111	0.003592814371257485
658	0.0011976047904191617
1834	0.0023952095808383233
730	0.004790419161676647
1611	0.0011976047904191617
3103	0.003592814371257485
384	0.008383233532934131
99	0.005988023952095809
1377	0.0011976047904191617
690	0.0011976047904191617
285	0.003592814371257485
3122	0.005988023952095809
1870	0.0011976047904191617
3123	0.015568862275449102
1084	0.0023952095808383233
1359	0.003592814371257485
20	0.0011976047904191617
3109	0.004790419161676647
146	0.0023952095808383233
357	0.009580838323353293
330	0.0011976047904191617
3124	0.008383233532934131
1379	0.005988023952095809
749	0.004790419161676647
592	0.003592814371257485
796	0.004790419161676647
513	0.005988023952095809
2035	0.0011976047904191617
4	0.0023952095808383233
3125	0.031137724550898204
3126	0.03832335329341317
347	0.0011976047904191617
824	0.0023952095808383233
2235	0.0011976047904191617
320	0.0023952095808383233
339	0.0011976047904191617
1985	0.0023952095808383233
1153	0.0011976047904191617
1429	0.0011976047904191617
1343	0.0023952095808383233
322	0.005988023952095809
820	0.0011976047904191617
1459	0.0011976047904191617
1426	0.0023952095808383233
237	0.003592814371257485
503	0.0011976047904191617
538	0.0011976047904191617
647	0.0011976047904191617
238	0.0023952095808383233
988	0.0011976047904191617
3033	0.0011976047904191617
391	0.0011976047904191617
792	0.0011976047904191617
854	0.0011976047904191617
565	0.0023952095808383233
1199	0.003592814371257485
1948	0.0023952095808383233
677	0.0023952095808383233
340	0.003592814371257485
254	0.0011976047904191617
331	0.0023952095808383233
2452	0.0023952095808383233
1572	0.0011976047904191617
951	0.003592814371257485
1189	0.0011976047904191617
2283	0.0011976047904191617
490	0.0023952095808383233
1749	0.003592814371257485
731	0.0023952095808383233
284	0.0023952095808383233
544	0.0011976047904191617
1783	0.003592814371257485
921	0.0023952095808383233
1423	0.0023952095808383233
1902	0.0011976047904191617
525	0.0011976047904191617
1553	0.0011976047904191617
3127	0.008383233532934131
1333	0.003592814371257485
286	0.0011976047904191617
424	0.0023952095808383233
344	0.0023952095808383233
485	0.0011976047904191617
3128	0.01437125748502994
3129	0.017964071856287425
1186	0.0011976047904191617
1336	0.0011976047904191617
759	0.0011976047904191617
1894	0.0011976047904191617
2074	0.0011976047904191617
908	0.003592814371257485
2323	0.0011976047904191617
758	0.0023952095808383233
1433	0.003592814371257485
2738	0.0011976047904191617
686	0.0011976047904191617
569	0.004790419161676647
562	0.0011976047904191617
9	0.010778443113772455
1584	0.0011976047904191617
282	0.004790419161676647
582	0.0011976047904191617
1830	0.0023952095808383233
3130	0.04910179640718563
693	0.0011976047904191617
1159	0.0011976047904191617
473	0.0023952095808383233
953	0.0011976047904191617
82	0.0011976047904191617
670	0.0011976047904191617
1428	0.0011976047904191617
217	0.003592814371257485
1853	0.0011976047904191617
753	0.0011976047904191617
1606	0.0011976047904191617
226	0.0011976047904191617
305	0.0011976047904191617
1103	0.0023952095808383233
2033	0.0011976047904191617
1319	0.0011976047904191617
44	0.0011976047904191617
224	0.0023952095808383233
136	0.0011976047904191617
1748	0.0023952095808383233
710	0.0011976047904191617
3131	0.01437125748502994
1005	0.0011976047904191617
876	0.004790419161676647
155	0.0023952095808383233
1586	0.005988023952095809
215	0.0023952095808383233
3132	0.009580838323353293
3133	0.013173652694610778
2659	0.0011976047904191617
2296	0.0011976047904191617
1928	0.0011976047904191617
70	0.0023952095808383233
1115	0.0023952095808383233
292	0.003592814371257485
2089	0.0011976047904191617
708	0.003592814371257485
400	0.003592814371257485
269	0.0011976047904191617
3134	0.023952095808383235
2969	0.0011976047904191617
601	0.0011976047904191617
386	0.0023952095808383233
1031	0.0011976047904191617
2962	0.0023952095808383233
566	0.004790419161676647
1142	0.0011976047904191617
1380	0.0011976047904191617
737	0.0023952095808383233
1294	0.0011976047904191617
2447	0.0011976047904191617
2185	0.0011976047904191617
3135	0.003592814371257485
1646	0.0011976047904191617
3136	0.009580838323353293
2436	0.0011976047904191617
52	0.0023952095808383233
1224	0.0023952095808383233
716	0.003592814371257485
3137	0.009580838323353293
3138	0.00718562874251497
2455	0.0023952095808383233
2181	0.0011976047904191617
1717	0.0011976047904191617
183	0.0011976047904191617
1385	0.0011976047904191617
2182	0.0011976047904191617
423	0.0011976047904191617
184	0.0023952095808383233
3139	0.008383233532934131
274	0.003592814371257485
2400	0.0011976047904191617
553	0.0011976047904191617
1744	0.0023952095808383233
3140	0.01437125748502994
3141	0.004790419161676647
536	0.0011976047904191617
2988	0.0023952095808383233
1955	0.0011976047904191617
1394	0.0011976047904191617
1496	0.0011976047904191617
775	0.0011976047904191617
1530	0.0011976047904191617
2695	0.0011976047904191617
1608	0.0011976047904191617
3142	0.003592814371257485
2486	0.0011976047904191617
3143	0.023952095808383235
509	0.003592814371257485
2715	0.0011976047904191617
290	0.004790419161676647
151	0.004790419161676647
1593	0.0011976047904191617
713	0.0011976047904191617
75	0.005988023952095809
1270	0.0011976047904191617
687	0.0011976047904191617
2982	0.003592814371257485
3144	0.010778443113772455
1276	0.003592814371257485
2131	0.0023952095808383233
1692	0.0023952095808383233
1882	0.0011976047904191617
3145	0.01437125748502994
3075	0.0023952095808383233
1649	0.0011976047904191617
2998	0.0011976047904191617
95	0.0023952095808383233
3146	0.022754491017964073
3147	0.019161676646706587
2911	0.0011976047904191617
309	0.0011976047904191617
844	0.0011976047904191617
1148	0.0023952095808383233
1448	0.0011976047904191617
25	0.003592814371257485
442	0.0011976047904191617
2170	0.0011976047904191617
1415	0.0023952095808383233
1166	0.0011976047904191617
2271	0.0011976047904191617
3148	0.033532934131736525
3149	0.019161676646706587
972	0.0011976047904191617
1424	0.0023952095808383233
644	0.0023952095808383233
2994	0.0011976047904191617
2933	0.0023952095808383233
886	0.0011976047904191617
3055	0.0011976047904191617
689	0.0023952095808383233
3060	0.004790419161676647
1877	0.0023952095808383233
511	0.0011976047904191617
905	0.0023952095808383233
1550	0.0011976047904191617
261	0.0011976047904191617
2931	0.0011976047904191617
1383	0.0023952095808383233
1724	0.0023952095808383233
855	0.0011976047904191617
546	0.0023952095808383233
263	0.0011976047904191617
968	0.0011976047904191617
520	0.0011976047904191617
2995	0.0011976047904191617
128	0.0011976047904191617
1810	0.0011976047904191617
1445	0.003592814371257485
3150	0.015568862275449102
1006	0.005988023952095809
827	0.0023952095808383233
814	0.0023952095808383233
475	0.0023952095808383233
1679	0.0023952095808383233
1983	0.0011976047904191617
371	0.004790419161676647
3151	0.00718562874251497
813	0.0011976047904191617
1045	0.004790419161676647
2924	0.0011976047904191617
1286	0.003592814371257485
3152	0.037125748502994015
608	0.0011976047904191617
3048	0.0023952095808383233
310	0.0011976047904191617
3153	0.004790419161676647
3154	0.003592814371257485
3155	0.023952095808383235
3156	0.037125748502994015
1274	0.0011976047904191617
1042	0.0011976047904191617
2960	0.0011976047904191617
1516	0.0023952095808383233
1881	0.0011976047904191617
2031	0.0011976047904191617
2490	0.0023952095808383233
1134	0.0011976047904191617
1621	0.0011976047904191617
32	0.0011976047904191617
1203	0.0011976047904191617
2475	0.0011976047904191617
35	0.0011976047904191617
738	0.0011976047904191617
306	0.0011976047904191617
1495	0.0011976047904191617
727	0.0011976047904191617
2503	0.0011976047904191617
2111	0.0011976047904191617
192	0.0011976047904191617
2187	0.0011976047904191617
2500	0.0011976047904191617
3076	0.0011976047904191617
1442	0.0011976047904191617
208	0.0011976047904191617
1299	0.0011976047904191617
550	0.0011976047904191617
2070	0.0011976047904191617
2295	0.0011976047904191617
797	0.0023952095808383233
1400	0.0011976047904191617
751	0.0011976047904191617
3157	0.03832335329341317
1933	0.0011976047904191617
1670	0.0011976047904191617
38	0.0023952095808383233
1718	0.0011976047904191617
985	0.003592814371257485
1264	0.0011976047904191617
42	0.003592814371257485
857	0.0011976047904191617
510	0.004790419161676647
496	0.0023952095808383233
1824	0.0011976047904191617
3102	0.0023952095808383233
3072	0.0023952095808383233
858	0.0023952095808383233
947	0.0011976047904191617
872	0.0023952095808383233
169	0.0023952095808383233
704	0.0023952095808383233
1169	0.0011976047904191617
1021	0.0011976047904191617
1206	0.0023952095808383233
514	0.0011976047904191617
1938	0.0011976047904191617
1446	0.0011976047904191617
928	0.003592814371257485
929	0.0011976047904191617
3158	0.022754491017964073
90	0.0011976047904191617
734	0.0011976047904191617
976	0.0023952095808383233
1273	0.0011976047904191617
1602	0.0011976047904191617
3084	0.0011976047904191617
1048	0.0011976047904191617
477	0.0011976047904191617
1372	0.0011976047904191617
458	0.0023952095808383233
1958	0.0011976047904191617
1934	0.0011976047904191617
1523	0.0011976047904191617
1107	0.0011976047904191617
2273	0.0023952095808383233
625	0.003592814371257485
3159	0.009580838323353293
2412	0.0011976047904191617
2138	0.0011976047904191617
2378	0.0011976047904191617
654	0.0011976047904191617
2948	0.0011976047904191617
444	0.0011976047904191617
3160	0.011976047904191617
1201	0.0011976047904191617
3161	0.02035928143712575
447	0.0011976047904191617
650	0.0011976047904191617
585	0.0011976047904191617
118	0.0011976047904191617
3162	0.010778443113772455
2019	0.0011976047904191617
2908	0.0011976047904191617
3163	0.00718562874251497
1376	0.0011976047904191617
1488	0.0023952095808383233
2128	0.0011976047904191617
1486	0.0011976047904191617
1217	0.0011976047904191617
2768	0.0011976047904191617
3164	0.005988023952095809
2538	0.0011976047904191617
3165	0.01437125748502994
1227	0.0011976047904191617
1697	0.0023952095808383233
3094	0.0011976047904191617
946	0.0023952095808383233
1871	0.0011976047904191617
1305	0.0011976047904191617
3166	0.016766467065868262
3167	0.003592814371257485
1346	0.0011976047904191617
1367	0.0011976047904191617
2493	0.0023952095808383233
266	0.0011976047904191617
1055	0.0011976047904191617
508	0.0023952095808383233
2657	0.0011976047904191617
1719	0.0011976047904191617
1213	0.0011976047904191617
2122	0.0011976047904191617
1529	0.004790419161676647
3168	0.026347305389221556
568	0.0011976047904191617
1108	0.0011976047904191617
505	0.0011976047904191617
317	0.0011976047904191617
1283	0.0011976047904191617
1535	0.0011976047904191617
1178	0.0011976047904191617
175	0.0011976047904191617
257	0.0011976047904191617
606	0.0011976047904191617
563	0.0011976047904191617
1395	0.0011976047904191617
19	0.0011976047904191617
3169	0.010778443113772455
3170	0.01437125748502994
2985	0.0011976047904191617
2570	0.0011976047904191617
1364	0.0011976047904191617
1820	0.0011976047904191617
406	0.0011976047904191617
1776	0.0011976047904191617
250	0.0011976047904191617
1475	0.0011976047904191617
3171	0.005988023952095809
2973	0.0011976047904191617
165	0.0011976047904191617
3172	0.01437125748502994
609	0.0011976047904191617
776	0.0011976047904191617
416	0.0011976047904191617
2343	0.0011976047904191617
3173	0.022754491017964073
983	0.0023952095808383233
392	0.003592814371257485
1133	0.0011976047904191617
211	0.0011976047904191617
2082	0.0023952095808383233
1936	0.003592814371257485
3174	0.004790419161676647
3175	0.015568862275449102
3176	0.025149700598802394
1121	0.0011976047904191617
561	0.0011976047904191617
1063	0.0011976047904191617
353	0.0023952095808383233
2975	0.0011976047904191617
1910	0.0011976047904191617
334	0.0011976047904191617
3177	0.013173652694610778
53	0.0011976047904191617
1840	0.0023952095808383233
893	0.0023952095808383233
1327	0.0011976047904191617
2245	0.0011976047904191617
595	0.0023952095808383233
764	0.0023952095808383233
361	0.0011976047904191617
1405	0.0023952095808383233
54	0.0011976047904191617
188	0.0023952095808383233
3178	0.010778443113772455
1139	0.0023952095808383233
2192	0.0011976047904191617
1879	0.0011976047904191617
3179	0.009580838323353293
1233	0.0011976047904191617
1534	0.0011976047904191617
28	0.0011976047904191617
3180	0.0407185628742515
2369	0.0011976047904191617
2167	0.0011976047904191617
460	0.003592814371257485
313	0.0011976047904191617
1565	0.0011976047904191617
55	0.0011976047904191617
103	0.0011976047904191617
3181	0.01437125748502994
1562	0.0011976047904191617
791	0.0011976047904191617
3182	0.019161676646706587
3183	0.025149700598802394
2466	0.0023952095808383233
2965	0.0023952095808383233
1978	0.0023952095808383233
2066	0.0011976047904191617
397	0.0011976047904191617
990	0.0023952095808383233
468	0.0011976047904191617
989	0.0023952095808383233
2921	0.0011976047904191617
1579	0.0011976047904191617
2966	0.0011976047904191617
1868	0.0023952095808383233
1615	0.0011976047904191617
3184	0.00718562874251497
3185	0.029940119760479042
1406	0.0011976047904191617
1980	0.0011976047904191617
3186	0.005988023952095809
117	0.0011976047904191617
133	0.0011976047904191617
1698	0.0011976047904191617
3187	0.02874251497005988
3188	0.03592814371257485
706	0.0023952095808383233
1320	0.0011976047904191617
1176	0.0023952095808383233
1474	0.0011976047904191617
1254	0.0011976047904191617
909	0.0011976047904191617
1001	0.0011976047904191617
2067	0.0011976047904191617
1027	0.0011976047904191617
268	0.0011976047904191617
1033	0.0023952095808383233
701	0.0011976047904191617
3020	0.0011976047904191617
1259	0.0011976047904191617
542	0.0011976047904191617
587	0.0023952095808383233
980	0.0011976047904191617
787	0.0011976047904191617
377	0.0011976047904191617
3189	0.005988023952095809
3190	0.015568862275449102
109	0.0011976047904191617
2953	0.0011976047904191617
2972	0.0011976047904191617
2072	0.0011976047904191617
1660	0.0011976047904191617
3191	0.03592814371257485
2875	0.0011976047904191617
3192	0.009580838323353293
3193	0.005988023952095809
2513	0.0011976047904191617
1473	0.0023952095808383233
3009	0.0023952095808383233
2642	0.0011976047904191617
3008	0.0023952095808383233
3194	0.046706586826347304
3195	0.029940119760479042
1476	0.0011976047904191617
1489	0.0011976047904191617
1594	0.0011976047904191617
492	0.0011976047904191617
1261	0.0011976047904191617
521	0.0011976047904191617
1490	0.0011976047904191617
1694	0.0011976047904191617
602	0.0011976047904191617
78	0.0011976047904191617
841	0.0011976047904191617
2419	0.0011976047904191617
1381	0.0011976047904191617
821	0.0011976047904191617
2945	0.0011976047904191617
2809	0.0011976047904191617
107	0.0011976047904191617
3064	0.0011976047904191617
1564	0.0011976047904191617
812	0.0011976047904191617
2428	0.0011976047904191617
1781	0.0011976047904191617
2253	0.0011976047904191617
2226	0.0011976047904191617
3028	0.0011976047904191617
123	0.0011976047904191617
889	0.0011976047904191617
3196	0.05269461077844311
3197	0.011976047904191617
1954	0.0011976047904191617
1520	0.0011976047904191617
2040	0.0011976047904191617
894	0.0011976047904191617
436	0.0011976047904191617
164	0.0011976047904191617
1702	0.0011976047904191617
2110	0.0011976047904191617
557	0.0011976047904191617
2022	0.0011976047904191617
794	0.0011976047904191617
1917	0.0011976047904191617
2339	0.0023952095808383233
2632	0.0011976047904191617
932	0.0011976047904191617
1357	0.0011976047904191617
1706	0.0011976047904191617
910	0.0011976047904191617
2317	0.0011976047904191617
1240	0.0011976047904191617
1020	0.0011976047904191617
714	0.0011976047904191617
2244	0.0011976047904191617
1238	0.0011976047904191617
464	0.0011976047904191617
12	0.0011976047904191617
2433	0.0011976047904191617
3053	0.0011976047904191617
1335	0.0011976047904191617
273	0.0011976047904191617
2155	0.0011976047904191617
433	0.0011976047904191617
1715	0.0011976047904191617
1034	0.0011976047904191617
3198	0.0023952095808383233
3199	0.011976047904191617
2302	0.0011976047904191617
1974	0.0011976047904191617
3200	0.010778443113772455
3201	0.029940119760479042
2057	0.0011976047904191617
2805	0.0011976047904191617
2371	0.0011976047904191617
2785	0.0011976047904191617
376	0.0011976047904191617
2740	0.0011976047904191617
2456	0.0011976047904191617
2745	0.0011976047904191617
1056	0.0011976047904191617
1232	0.0011976047904191617
2202	0.0011976047904191617
1437	0.0011976047904191617
471	0.0011976047904191617
174	0.0011976047904191617
472	0.0011976047904191617
1470	0.0011976047904191617
1160	0.0011976047904191617
223	0.0011976047904191617
3202	0.0407185628742515
93	0.0011976047904191617
466	0.0011976047904191617
648	0.0011976047904191617
777	0.0011976047904191617
1175	0.0011976047904191617
805	0.0011976047904191617
3203	0.010778443113772455
955	0.0011976047904191617
1984	0.0011976047904191617
3204	0.02035928143712575
950	0.0011976047904191617
3205	0.009580838323353293
3206	0.008383233532934131
1060	0.0023952095808383233
831	0.0011976047904191617
1303	0.0023952095808383233
1659	0.0011976047904191617
3207	0.017964071856287425
1786	0.0011976047904191617
1890	0.0011976047904191617
1184	0.0011976047904191617
114	0.0011976047904191617
2329	0.0011976047904191617
3208	0.004790419161676647
2611	0.0011976047904191617
3209	0.004790419161676647
3210	0.004790419161676647
1526	0.0011976047904191617
2849	0.0011976047904191617
2782	0.0011976047904191617
748	0.0011976047904191617
