3110	0.011241319187418133
101	0.0009921710255627514
69	0.050827147237216826
882	0.0014453302748439598
2069	0.0
106	0.05555384290817837
379	0.0
1204	0.0
1708	0.0
1324	0.0
3111	0.04042656146596723
826	0.0
40	0.06338037032009411
761	0.0
132	0.0
138	0.0020060650207816013
2561	0.0
191	0.00020893820914666617
1802	0.0
326	0.0
762	0.0009562398164823796
2976	0.0
657	0.0004048523934924107
83	0.0
1302	0.0
1118	0.0
825	0.0
255	0.0007888946301468998
21	0.2900194750682095
16	0.00022663400892649659
94	0.08114792680550482
161	0.0
88	0.0018627721297395645
272	0.0053626645841904266
3112	0.016187097154093086
278	0.005882610610826443
63	0.0716365473790313
2846	0.0
244	0.0
280	0.0
555	0.0
252	0.009102774190274813
1977	0.0
409	0.0005713479648868162
979	0.0
3113	0.014838323825481033
394	0.0010695324435648433
1596	0.0
1023	0.009610034823110222
418	0.0008698615395153831
1308	0.0
459	0.0
3114	0.009175487696888168
3115	0.05710696091946486
539	0.0
2162	0.0
264	0.0
404	0.0
24	0.0
467	0.0
1062	0.0
638	0.0
2927	0.0
763	0.0
2446	0.0005200804920249476
189	0.09982550813449989
139	0.00027730434057010654
2644	0.0
1545	0.003912894326633025
688	0.0
2172	0.0
308	0.0
297	0.0
318	0.0
2926	0.0
1170	0.0
1680	0.00015610551792638388
134	0.014666539694214584
649	0.0027595127380774043
3116	0.06583451276047558
1292	0.0
403	0.0023662528845807772
1222	0.0010837549724257197
651	0.0004540394726647447
717	5.550919810539656e-05
232	8.754592632394655e-05
325	0.004322310487744841
180	0.00032919895239840087
1248	0.0002064065439879315
617	0.00013832184458225714
98	0.0031498638204547247
548	0.0013103852033794622
43	0.001309342273839588
1128	0.0
112	0.022476278651712582
366	0.0
446	0.00014921000204942483
1547	0.0
494	0.0003438070862879014
119	0.0021252724084894216
61	0.013591067122862593
1844	0.0009841173452991578
481	0.0004540394726647447
559	0.0004051681247296624
426	0.0050317803958872444
452	0.0004245017746922618
1713	0.0
1113	0.0
299	0.001180304215451113
327	0.0006269225269916187
822	0.00224946623631975
23	0.00013832184458225714
33	0.0010824838431618994
45	0.000746165190062936
329	0.0
179	0.0007642435880042521
48	0.003843510583199598
1207	0.0004790623179406378
67	0.00014005162412198332
34	0.01089220540714574
157	0.004405499402840601
3117	0.055197212056922566
401	0.00025011939981327286
275	0.0006521434360028442
239	0.0
2474	0.0
1317	0.0
1447	0.00038727186429406694
2093	0.0
389	1.1047051320106916e-05
182	0.0
629	0.003848140802838951
455	0.00029355687172021933
1102	0.0
1576	1.1047051320106916e-05
1016	1.1047051320106916e-05
922	0.0
502	1.1047051320106916e-05
5	1.1047051320106916e-05
3104	1.1047051320106916e-05
229	0.0
197	1.4881099497139892e-05
1684	1.4881099497139892e-05
927	0.00022757489964502894
441	0.0
46	0.0006521434360028442
2990	0.00022757489964502894
519	0.0037294273307004184
636	0.0006521434360028442
1164	3.29321260936098e-05
911	0.0
2977	0.004814797095650361
540	0.0
1110	0.0
135	0.00022757489964502894
849	0.0
1975	1.4881099497139892e-05
2316	0.0
276	0.00022757489964502894
81	0.0001793345847436615
388	0.0020892547445628116
393	0.0
3118	0.011476152297351924
2596	0.0
2256	0.0
3014	0.0
3119	0.011021068944880768
314	0.00012721389856373044
2401	0.0
362	4.355482584035326e-05
108	0.0
1930	0.0
3120	0.018643361440485635
3121	0.019123653590967432
2682	0.0
517	0.0
201	0.0034679636041316897
113	0.000438435471525652
691	0.0021965743724985942
111	0.00031887612957856863
658	0.0
1834	0.0001598771295020083
730	0.0003447999256412279
1611	0.0
3103	0.00031887612957856863
384	0.006520218300839462
99	0.0007817454245928829
1377	0.0
690	0.0
285	0.001144702224429736
3122	0.0026899364150291664
1870	0.0
3123	0.017429467213557006
1084	0.0016224591777083915
1359	0.00020576268204858294
20	0.0
3109	0.0008079847000588514
146	0.00023200608703009872
357	0.004621180900841087
330	0.0
3124	0.023735489561535313
1379	0.0026629061475913936
749	0.0018655908153172396
592	0.026082043859791536
796	0.0018655908153172422
513	0.0026629061475913936
2035	0.0
4	0.000475021180660261
3125	0.040400948804337734
3126	0.08284871415019615
347	0.0
824	0.0013706967326614274
2235	0.0
320	0.00027487295343311415
339	0.0
1985	0.00027487295343311415
1153	0.0
1429	0.0
1343	0.0010440146091117842
322	0.007561442153244951
820	0.0
1459	0.0
1426	0.0013706967326614274
237	0.0011673572447671871
503	0.0
538	0.0
647	0.0
238	0.00027487295343311415
988	0.0
3033	0.0
391	0.0
792	0.0
854	0.0
565	0.0030613152458946707
1199	0.00048487751937979236
1948	0.00027487295343311415
677	0.00027487295343311415
340	0.0017823630198125983
254	0.0
331	0.00027487295343311415
2452	0.0006625029948490476
1572	0.0
951	0.005843313224000433
1189	0.0
2283	0.0
490	0.00020405799516099704
1749	0.0019582799981720323
731	0.0010440146091117842
284	0.0013706967326614274
544	0.0
1783	0.0016483454263263543
921	0.00027487295343311415
1423	0.00027487295343311415
1902	0.0
525	0.0
1553	0.0
3127	0.00607889635880311
1333	0.001154991065261013
286	0.0
424	0.0006257149943330111
344	0.0019993384482501035
485	0.0
3128	0.01736048146975938
3129	0.0223746194811459
1186	0.0
1336	0.0
759	0.0
1894	0.0
2074	0.0
908	0.0047701737238011405
2323	0.0
758	0.0006668220205991488
1433	0.0006927153393437674
2738	0.0
686	0.0
569	0.0022466673315394334
562	0.0
9	0.007793472459878184
1584	0.0
282	0.0036883671386707694
582	0.0
1830	5.815447091811997e-05
3130	0.07237964812495418
693	0.0
1159	0.0
473	0.0
953	0.0
82	0.0
670	0.0
1428	0.0
217	0.007745382199852113
1853	0.0
753	0.0
1606	0.0
226	0.0
305	0.0
1103	5.815447091811997e-05
2033	0.0
1319	0.0
44	0.0
224	5.815447091811997e-05
136	0.0
1748	5.815447091811997e-05
710	0.0
3131	0.014350677954540592
1005	0.0
876	0.001637026606537393
155	4.1044138885245686e-05
1586	0.0014073837657471294
215	9.938090214450763e-05
3132	0.01281126056667071
3133	0.040375073359062076
2659	0.0
2296	0.0
1928	0.0
70	0.0
1115	0.0
292	0.0013802893100236962
2089	0.0
708	0.006192403360341488
400	0.0025183526387832222
269	0.0
3134	0.025776218276563796
2969	0.0
601	0.0
386	0.001071382711671981
1031	0.0
2962	0.000941010411819407
566	0.003907371735766749
1142	0.0
1380	0.0
737	0.00025219426922865745
1294	0.0
2447	0.0
2185	0.0
3135	2.532541196221031e-06
1646	0.0
3136	0.009579405611570438
2436	0.0
52	4.1798542497657536e-05
1224	2.1372295855165577e-05
716	0.00016117217733596008
3137	0.021411852553885037
3138	0.007178448857680323
2455	0.0
2181	0.0
1717	0.0
183	0.0
1385	0.0
2182	0.0
423	0.0
184	0.0
3139	0.006862413451994068
274	0.0003994758575236304
2400	0.0
553	0.0
1744	2.367420437096225e-05
3140	0.019339697792418703
3141	0.003260949778086351
536	0.0
2988	0.00010059579946117103
1955	0.0
1394	0.0
1496	0.0
775	0.0
1530	0.0
2695	0.0
1608	0.0
3142	2.532541196221031e-06
2486	0.0
3143	0.04388081219759979
509	0.0034744119607802108
2715	0.0
290	0.004796118163569296
151	0.004796118163569296
1593	0.0
713	0.0
75	0.000913374007686808
1270	0.0
687	0.0
2982	0.0026674289513527725
3144	0.019061400338911617
1276	0.00567556781022549
2131	0.0
1692	8.59573528920978e-05
1882	0.0
3145	0.017028569077402852
3075	0.00261271229699426
1649	0.0
2998	0.0
95	0.0002395220200270447
3146	0.020836410826006794
3147	0.022549560857111
2911	0.0
309	0.0
844	0.0
1148	0.0002824921271530397
1448	0.0
25	0.002380443604817391
442	0.0
2170	0.0
1415	4.3205120004863825e-05
1166	0.0
2271	0.0
3148	0.048151416689921796
3149	0.026081715248889633
972	0.0
1424	0.00025686539000814666
644	0.0003732939979325458
2994	0.0
2933	0.009792479758730993
886	0.0
3055	0.0
689	0.00038543117223696703
3060	0.0015916634192563776
1877	0.0004915623697661091
511	0.0
905	0.0
1550	0.0
261	0.0
2931	0.0
1383	0.00025686539000814666
1724	0.00021501097628994178
855	0.0
546	0.005973118972510753
263	0.0
968	0.0
520	0.0
2995	0.0
128	0.0
1810	0.0
1445	0.0031868927096798815
3150	0.020517795222363126
1006	0.001564185165205468
827	0.0
814	0.003610137617783582
475	0.0060524774627646934
1679	0.0
1983	0.0
371	0.001826610912082769
3151	0.006832956487037093
813	0.0
1045	0.0005034132799446246
2924	0.0
1286	0.00020221249226133183
3152	0.04049144583055467
608	0.0
3048	7.182991780034449e-05
310	0.0
3153	0.0
3154	0.002309154552319319
3155	0.07505177270041721
3156	0.05616767592803842
1274	0.0
1042	0.0
2960	0.0
1516	0.0008220951040707207
1881	0.0
2031	0.0
2490	0.002682721882085555
1134	0.0
1621	0.0
32	0.0
1203	0.0
2475	0.0
35	0.0
738	0.0
306	0.0
1495	0.0
727	0.0
2503	0.0
2111	0.0
192	0.0
2187	0.0
2500	0.0
3076	0.0
1442	0.0
208	0.0
1299	0.0
550	0.0
2070	0.0
2295	0.0
797	0.0008220951040707207
1400	0.0
751	0.0
3157	0.03450576543871497
1933	0.0
1670	0.0
38	3.688161909840215e-05
1718	0.0
985	0.001284395528341559
1264	0.0
42	0.001284395528341559
857	0.0
510	0.004290035655330124
496	3.688161909840215e-05
1824	0.0
3102	0.0025606354660349154
3072	0.0025606354660349154
858	3.688161909840215e-05
947	0.0
872	3.688161909840215e-05
169	3.688161909840215e-05
704	3.688161909840215e-05
1169	0.0
1021	0.0
1206	3.688161909840215e-05
514	0.0
1938	0.0
1446	0.0
928	0.001284395528341559
929	0.0
3158	0.030933090181125358
90	0.0
734	0.0
976	0.000642302706042957
1273	0.0
1602	0.0
3084	0.0
1048	0.0
477	0.0
1372	0.0
458	0.0
1958	0.0
1934	0.0
1523	0.0
1107	0.0
2273	0.0
625	0.0007654557622151933
3159	0.014440406496387729
2412	0.0
2138	0.0
2378	0.0
654	0.0
2948	0.0
444	0.0
3160	0.011951646389083786
1201	0.0
3161	0.022862640727340837
447	0.0
650	0.0
585	0.0
118	0.0
3162	0.011662603390309547
2019	0.0
2908	0.0
3163	0.011947328364853028
1376	0.0
1488	0.014285098867014174
2128	0.0
1486	0.0
1217	0.0
2768	0.0
3164	0.0040444342401133445
2538	0.0
3165	0.021271045440774475
1227	0.0
1697	7.61657908260431e-05
3094	0.0
946	0.00048044924055220265
1871	0.0
1305	0.0
3166	0.018608954820720402
3167	0.007221848365063466
1346	0.0
1367	0.0
2493	0.0013142923035427904
266	0.0
1055	0.0
508	0.0002689672723880569
2657	0.0
1719	0.0
1213	0.0
2122	0.0
1529	0.0028885966219224565
3168	0.06286296399141687
568	0.0
1108	0.0
505	0.0
317	0.0
1283	0.0
1535	0.0
1178	0.0
175	0.0
257	0.0
606	0.0
563	0.0
1395	0.0
19	0.0
3169	0.02113881884849757
3170	0.017159984203836267
2985	0.0
2570	0.0
1364	0.0
1820	0.0
406	0.0
1776	0.0
250	0.0
1475	0.0
3171	0.005480423660488288
2973	0.0
165	0.0
3172	0.013361098809223499
609	0.0
776	0.0
416	0.0
2343	0.0
3173	0.03461437760114598
983	0.00024590966672822335
392	0.0007387461718506613
1133	0.0
211	0.0
2082	0.00024590966672822335
1936	0.01837663955504104
3174	5.970183026143049e-06
3175	0.008625572372823522
3176	0.022209952574118088
1121	0.0
561	0.0
1063	0.0
353	0.0
2975	0.0
1910	0.0
334	0.0
3177	0.01196886801935697
53	0.0
1840	0.002366490041499734
893	0.002366490041499734
1327	0.0
2245	0.0
595	0.002366490041499734
764	0.002366490041499734
361	0.0
1405	0.002366490041499734
54	0.0
188	0.002366490041499734
3178	0.007431717436532338
1139	0.00048302364379492336
2192	0.0
1879	0.0
3179	0.011808971292603452
1233	0.0
1534	0.0
28	0.0
3180	0.04012680658716375
2369	0.0
2167	0.0
460	0.0001951159451070352
313	0.0
1565	0.0
55	0.0
103	0.0
3181	0.010629478646056947
1562	0.0
791	0.0
3182	0.03072104027932653
3183	0.021012476642237665
2466	0.0
2965	0.0
1978	0.0
2066	0.0
397	0.0
990	0.0
468	0.0
989	0.0
2921	0.0
1579	0.0
2966	0.0
1868	0.0
1615	0.0
3184	0.005679985769914339
3185	0.030269981764444207
1406	0.0
1980	0.0
3186	0.007258550797367968
117	0.0
133	0.0
1698	0.0
3187	0.07590475186499321
3188	0.038796050093112544
706	0.0
1320	0.0
1176	0.0
1474	0.0
1254	0.0
909	0.0
1001	0.0
2067	0.0
1027	0.0
268	0.0
1033	0.0007506094496787247
701	0.0
3020	0.0
1259	0.0
542	0.0
587	0.0019368317688275882
980	0.0
787	0.0
377	0.0
3189	1.6022021794649205e-05
3190	0.01569013521087142
109	0.0
2953	0.0
2972	0.0
2072	0.0
1660	0.0
3191	0.007331082913359975
2875	0.0
3192	0.01493780744695336
3193	0.002399517511739112
2513	0.0
1473	0.0
3009	0.0
2642	0.0
3008	0.0
3194	0.06643270055583085
3195	0.06590843515073304
1476	0.0
1489	0.0
1594	0.0
492	0.0
1261	0.0
521	0.0
1490	0.0
1694	0.0
602	0.0
78	0.0
841	0.0
2419	0.0
1381	0.0
821	0.0
2945	0.0
2809	0.0
107	0.0
3064	0.0
1564	0.0
812	0.0
2428	0.0
1781	0.0
2253	0.0
2226	0.0
3028	0.0
123	0.0
889	0.0
3196	0.12058012267960173
3197	0.07655981038060099
1954	0.0
1520	0.0
2040	0.0
894	0.0
436	0.0
164	0.0
1702	0.0
2110	0.0
557	0.0
2022	0.0
794	0.0
1917	0.0
2339	0.0
2632	0.0
932	0.0
1357	0.0
1706	0.0
910	0.0
2317	0.0
1240	0.0
1020	0.0
714	0.0
2244	0.0
1238	0.0
464	0.0
12	0.0
2433	0.0
3053	0.0
1335	0.0
273	0.0
2155	0.0
433	0.0
1715	0.0
1034	0.0
3198	0.00038786087532645375
3199	0.009921332998392336
2302	0.0
1974	0.0
3200	0.016658592479199104
3201	0.07045690488468657
2057	0.0
2805	0.0
2371	0.0
2785	0.0
376	0.0
2740	0.0
2456	0.0
2745	0.0
1056	0.0
1232	0.0
2202	0.0
1437	0.0
471	0.0
174	0.0
472	0.0
1470	0.0
1160	0.0
223	0.0
3202	0.0274509008864284
93	0.0
466	0.0
648	0.0
777	0.0
1175	0.0
805	0.0
3203	0.0076532236947013405
955	0.0
1984	0.0
3204	0.012610829973513251
950	0.0
3205	0.006571326731299994
3206	0.008113402798425227
1060	0.0
831	0.0
1303	0.0
1659	0.0
3207	0.018220591265839692
1786	0.0
1890	0.0
1184	0.0
114	0.0
2329	0.0
3208	0.0023952095808383233
2611	0.0
3209	0.012078907273680328
3210	0.007177012880713394
1526	0.0
2849	0.0
2782	0.0
748	0.0
