3110	101	0.0014835794409622047
3110	69	0.005810847562254091
3110	882	0.0019431634361930196
3110	2069	0.0023923444976076554
3110	106	0.006014228226396245
3110	379	0.0023923444976076554
3110	1204	0.0023923444976076554
3110	1708	0.0023923444976076554
101	3114	0.0012776415760550148
101	3148	0.0016107183019285684
69	3111	0.008667177542913495
69	3113	0.004350697846923344
69	3118	0.004712310581661005
69	3119	0.0027519743358063063
69	3123	0.004109430354160025
69	3128	0.002814035077620116
69	3131	0.00267150534802791
69	3147	0.0030937503091646875
69	3149	0.004455158662993348
69	3160	0.002771378389332141
69	3170	0.0068787480926819885
69	3173	0.004702463735958813
69	3178	0.003216718701863227
69	3179	0.003910199123255793
69	3185	0.00361482591156377
69	3190	0.004712084682475343
69	3195	0.0110659325431034
69	3202	0.008158989624965345
69	3207	0.011335218453272898
882	3116	0.0022920457724221782
882	3202	0.001040880382819869
106	3111	0.0038756345833196966
106	3115	0.008329667467837329
106	3126	0.008611499054273011
106	3129	0.005107127652037325
106	3136	0.003568287616715441
106	3143	0.0072647010560779254
106	3144	0.005710710451320552
106	3146	0.00531460336230024
106	3155	0.01015983348643749
106	3175	0.0031536388293177506
106	3176	0.00385471226266571
106	3178	0.0019394333324795978
106	3182	0.0064296911429031845
106	3183	0.005963568527014686
106	3187	0.018216486582658658
106	3192	0.0038535965773222342
106	3206	0.0026501779121649925
106	3205	0.00321662432991752
1324	3111	0.0023923444976076554
3111	826	0.0017492900079462287
3111	40	0.004218797265767903
3111	761	0.0017492900079462287
3111	132	0.0023923444976076554
3111	138	0.002866888856942655
3111	2561	0.0017492900079462287
3111	191	0.0013121071530898764
3111	1802	0.0023923444976076554
3111	326	0.0023923444976076554
3111	762	0.0019072547115730899
3111	2976	0.0023923444976076554
3111	657	0.0010204110384437247
3111	83	0.0023923444976076554
3111	1302	0.0017492900079462287
3111	1118	0.0023923444976076554
3111	825	0.0017492900079462287
3111	255	0.0011831135220241541
3111	21	0.0183982132286066
3111	16	0.0014371466316662614
3111	94	0.0052611604342246085
3111	161	0.0023923444976076554
3111	88	0.0011959646852305005
3111	3146	0.003822963231386414
826	3146	0.0006430544896614359
40	3115	0.009439356383946293
40	3126	0.008963596363289895
40	3132	0.004272178372017218
40	3143	0.006790211104427227
40	3150	0.004880501547060222
40	3155	0.010859241813256272
40	3160	0.004398686711180608
40	3164	0.002275319083929575
40	3165	0.003895664190218638
40	3167	0.00896255853257911
40	3169	0.004861308402590632
40	3176	0.003999165025065941
40	3183	0.008096629783336244
40	3182	0.008231468127554082
40	3186	0.008363124439162404
40	3187	0.01702832968717201
40	3199	0.0027599075311781204
40	3203	0.0027667326064074794
40	3205	0.0037870528072728826
761	3146	0.0006430544896614359
138	3166	0.001996728638644209
138	3206	0.0009709128496683679
138	3205	0.0005603457966870169
2561	3146	0.0006430544896614359
191	3115	0.0014971140584611282
762	3146	0.0008436912844366094
762	3182	0.0007911921853215509
762	3183	0.0007581106391144566
657	3160	0.0006799200810842757
657	3176	0.0009629709796463393
657	3203	0.0005368100926263067
1302	3146	0.0006430544896614359
825	3146	0.0006430544896614359
255	3115	0.0013247409904798121
255	3126	0.0014585046299422678
21	3113	0.009340659929799428
21	3114	0.007768119215320476
21	3115	0.016354428491439827
21	3116	0.03209529060330229
21	3119	0.00850328031648714
21	3126	0.028844299658797624
21	3128	0.008665330971019033
21	3131	0.0075413840796275874
21	3132	0.008876198844465326
21	3136	0.0064347411039092604
21	3139	0.005716621984591152
21	3140	0.013645070384016246
21	3143	0.020991232366379155
21	3145	0.01147786498161972
21	3147	0.010019338565460873
21	3149	0.01530523942196217
21	3150	0.009250917036583496
21	3151	0.005097475138780658
21	3152	0.02122269459705631
21	3154	0.004670816869149131
21	3159	0.014881229272853994
21	3162	0.006931602190009349
21	3164	0.004194766731590122
21	3165	0.013989741610360524
21	3168	0.03213555820409593
21	3169	0.008614529608868882
21	3172	0.011707757897803083
21	3173	0.011462873858059098
21	3175	0.006725789038871996
21	3176	0.00918623545989012
21	3179	0.009671150541940947
21	3180	0.0280532078592247
21	3181	0.006902706410349247
21	3184	0.0033075416149771376
21	3185	0.011116395329991046
21	3192	0.010178798576765114
21	3197	0.0671691126869168
21	3199	0.006207504750085159
21	3201	0.04343528531863205
21	3200	0.004952636893610736
16	3155	0.0014073815105459392
94	3126	0.01099242229665255
94	3129	0.007123786200864055
94	3133	0.027514945204798597
94	3132	0.0020678023405776343
94	3139	0.002886695008279119
94	3140	0.007576172562735237
94	3144	0.009907505813952182
94	3150	0.004705602619556192
94	3155	0.016479751332116363
94	3160	0.004269372916456129
94	3165	0.004028570376117773
94	3169	0.005289284738962277
94	3178	0.0023859801963925977
94	3182	0.012422526736102828
94	3184	0.0037978978734287596
94	3187	0.017028653373328904
94	3192	0.0038587309037984127
94	3199	0.002580606070451949
94	3200	0.006785922212825399
94	3203	0.0033364351320220764
94	3206	0.004000106172602226
88	3126	0.0013716610635043308
88	3155	0.0013980938940806752
88	3160	0.0006603969678289555
88	3199	0.0008311561935603587
88	3203	0.0006517031675722012
272	3112	0.0016287853247050356
272	3143	0.004548499267066473
272	3157	0.004409560051187584
272	3187	0.0025051703408084025
3112	278	0.001811242350851264
3112	63	0.01323210546996297
3112	2846	0.0023923444976076554
3112	244	0.0023923444976076554
3112	280	0.0023923444976076554
3112	555	0.0023923444976076554
3112	252	0.002783233685770318
3112	1977	0.0023923444976076554
3112	409	0.0008796547632407986
3112	979	0.0023923444976076554
278	3157	0.0040317828157486755
278	3165	0.00470054558265516
278	3187	0.002539040988418168
278	3188	0.0010468075193345255
63	3113	0.003829285265978859
63	3118	0.003974894828468763
63	3122	0.00481902541189089
63	3123	0.008105559583301824
63	3131	0.005218574330716449
63	3141	0.003046436505829349
63	3143	0.007884005114661549
63	3152	0.01494042085937751
63	3162	0.002959266265588054
63	3168	0.010311774332236566
63	3184	0.002277450294299995
63	3185	0.010678433825748774
63	3187	0.02478854797462629
63	3198	0.0020901518897206723
63	3201	0.013608259662414149
63	3209	0.013558489040948002
252	3157	0.004365542199950848
252	3187	0.003453553516752713
252	3188	0.002205763994568478
252	3197	0.007746245537620788
409	3143	0.0026526519418204626
3113	394	0.0022184124993452924
3113	1596	0.0023923444976076554
3113	1023	0.003223999217399023
3113	418	0.001857907131585616
3113	1308	0.0023923444976076554
3113	459	0.0023923444976076554
394	3130	0.0015079032567344034
394	3161	0.0007999762485449043
1023	3118	0.0022718973363474023
1023	3127	0.004008896727567322
1023	3161	0.004150984191328049
1023	3162	0.0031316968145704608
1023	3208	0.004778958828753976
418	3118	0.0012634637280738656
418	3209	0.0010065347000434578
3114	3115	0.0031444895167927517
3114	539	0.0023923444976076554
3114	404	0.0023923444976076554
3114	139	0.0013321342353838333
3114	2172	0.0023923444976076554
3115	2162	0.001812864512973866
3115	264	0.0011812586327762675
3115	24	0.0011812586327762675
3115	467	0.0011812586327762675
3115	1062	0.0023923444976076554
3115	638	0.0023923444976076554
3115	2927	0.0023923444976076554
3115	763	0.0017437391442167893
3115	2446	0.0024162351035200104
3115	189	0.012057880945931649
3115	2644	0.0023923444976076554
3115	1545	0.002486882060974996
3115	688	0.0014042122046041179
3115	308	0.0023923444976076554
3115	297	0.0023923444976076554
3115	318	0.0011812586327762675
3115	2926	0.0023923444976076554
3115	1170	0.001181258632776268
3115	1680	0.0017298560733821542
3115	134	0.009930912970980994
3115	649	0.0017932463375548095
3115	3148	0.016034990378196407
3115	3176	0.001101563986483706
3115	3175	0.001078142014164706
2162	3148	0.0005794799846337871
264	3176	0.0007965550795209372
264	3175	0.0004145307853104485
24	3175	0.0004145307853104485
24	3176	0.0007965550795209372
467	3176	0.0007965550795209372
467	3175	0.0004145307853104485
763	3175	0.000648605353390865
2446	3183	0.0010137819547307162
189	3116	0.008878914712981623
189	3118	0.00589013930533287
189	3123	0.0034044219182672564
189	3126	0.015012437761422488
189	3128	0.004917508168226187
189	3130	0.02534640409604351
189	3147	0.005965209102110773
189	3151	0.0040290330978200095
189	3155	0.019356144760102362
189	3161	0.0151187119389677
189	3162	0.004956207730364218
189	3168	0.022756023328668912
189	3169	0.005615035333394096
189	3176	0.007178646396472852
189	3181	0.0036668087347920893
189	3185	0.00466499080841859
189	3190	0.008303971343696752
189	3195	0.01404618801474837
189	3200	0.006503016986022938
189	3204	0.003898032272608001
139	3201	0.0016134921283373835
1545	3120	0.004446388197837805
1545	3148	0.003266140909636827
688	3176	0.000988132293003533
318	3176	0.0007965550795209372
318	3175	0.0004145307853104485
1170	3175	0.0004145307853104485
1170	3176	0.0007965550795209372
1680	3149	0.0009739525437245603
134	3116	0.0020527133291339586
134	3117	0.006403888644107372
134	3121	0.0020345160083152353
134	3152	0.002207287459433877
134	3171	0.0027939035164103033
134	3190	0.0027182189879493435
134	3202	0.0020175480869038683
134	3204	0.0014962600517290125
649	3126	0.00199953002882809
649	3129	0.001316846328503496
649	3172	0.0011679846241680605
649	3199	0.0007799398933989423
649	3203	0.0008406193510790079
3116	1292	0.0023923444976076554
3116	403	0.0009593553790274938
3116	1222	0.0012138397854176042
3116	651	0.002144902163809099
3116	717	0.001870071077957746
3116	232	0.0014840423430826195
3116	325	0.0012249743993928857
3116	180	0.0013237941850562423
3116	1248	0.0015861229069435397
3116	617	0.0013607716262819662
3116	98	0.0011324140097705348
3116	548	0.001373131337517277
3116	43	0.0012944333473040165
3116	1128	0.0023923444976076554
3116	112	0.002644937443782794
3116	366	0.0023923444976076554
3116	446	0.0012868516836967003
3116	1547	0.0023923444976076554
3116	494	0.0020256542286160133
3116	119	0.0012092181955003396
3116	61	0.002162451839253411
3116	1844	0.0013333950483693537
3116	481	0.0021449021638090984
3116	559	0.0011094953215491444
3116	426	0.0011451928230768393
3116	452	0.002120484187734682
3116	1713	0.0023923444976076554
3116	1113	0.0016450290677950748
3116	299	0.0012351794932365648
3116	327	0.001456436290952267
3116	822	0.0009245612893235974
3116	23	0.0013607716262819662
3116	33	0.001116809737961005
3116	45	0.001437847717024372
3116	329	0.0023923444976076554
3116	179	0.0014208082992746907
3116	48	0.0016200674565815824
3116	1207	0.0012837284133502625
3116	67	0.001623343093930172
3116	34	0.004294415460759017
3116	157	0.0010352753614565264
3116	3130	0.012262697675541409
3116	3160	0.007205934465944743
403	3121	0.0007098165992648393
403	3152	0.0011583558251277123
403	3180	0.0008317751577560365
403	3195	0.0018739213410641994
403	3202	0.0008557874290014011
403	3204	0.0007245167513907742
1222	3119	0.0006695608814211037
1222	3147	0.0011172737472863671
1222	3180	0.0009797560297009685
1222	3181	0.0005742385681430014
651	3117	0.000531852627691949
651	3120	0.00038648097669142123
651	3191	0.0002350152370764276
717	3202	0.0006330262216113919
232	3173	0.0010829751271426685
325	3117	0.002684050597768419
325	3131	0.0025174445984182886
325	3180	0.0010055714115456168
325	3195	0.0026289508896510045
325	3202	0.0009552926648965397
180	3180	0.0008480996132712441
180	3191	0.0003267339157679
180	3202	0.0005505395737042867
1248	3147	0.0012180470875204242
617	3121	0.0004636330247763038
617	3180	0.0008439217087063218
98	3117	0.0018228029942551442
98	3120	0.001050460143311714
98	3121	0.0006234819214578955
98	3173	0.002662768890253191
98	3185	0.0013850730607104609
548	3121	0.000581744112110259
548	3180	0.0009131359408998765
548	3191	0.00037020882614666086
548	3198	0.0010760585648780456
548	3202	0.0006925663371523679
43	3117	0.0009304412415320557
43	3120	0.000604549232572843
43	3185	0.001542632173077055
43	3202	0.0006327082552322372
112	3117	0.005949594958884101
112	3120	0.0023797773416396628
112	3121	0.002019494393935822
112	3134	0.0062990576448781165
112	3145	0.003910259586772213
112	3152	0.002869344931476674
112	3171	0.0037140752752649092
112	3180	0.0024448606377888765
112	3191	0.0015650876298677972
112	3195	0.0051835689760211705
112	3202	0.0022994305058076257
112	3206	0.00595787047179485
446	3121	0.0004573527782977772
446	3152	0.0009458461162572438
494	3117	0.0005060129675290984
494	3121	0.00034575826950113077
494	3191	0.0002008881945549754
119	3117	0.0010886032056142726
119	3120	0.0007418336650502409
119	3121	0.0003872383450913786
119	3152	0.0010766926842516252
119	3185	0.001392381398681457
119	3202	0.0007367530528924589
61	3121	0.0024065533709183317
61	3120	0.003010438488501951
61	3134	0.004606468186748939
61	3136	0.0030939200260027234
61	3152	0.0021032996943363943
61	3173	0.002991637345993086
61	3191	0.001798532897654619
61	3195	0.003625375366945573
61	3203	0.0037107724976816955
1844	3117	0.0008593547674064692
1844	3152	0.0011855008237146847
1844	3191	0.0002860780467776452
1844	3202	0.0006915418065057588
481	3117	0.0005318526276919488
481	3120	0.00038648097669142123
481	3191	0.0002350152370764276
559	3185	0.001184257367742938
559	3191	0.00037541216383886786
559	3202	0.000531577290468422
426	3117	0.0030801907654770407
426	3173	0.0025520361185227907
426	3180	0.001001047378128164
426	3195	0.0023782824424099045
426	3202	0.0012806747161212457
426	3204	0.0009944055413595952
452	3179	0.0011188327502876872
1113	3130	0.0007473154298125773
299	3119	0.0007964196435811485
299	3145	0.0010768053702721156
299	3181	0.0006877261910081509
299	3202	0.0009511748418212347
327	3117	0.0007610782514686976
327	3152	0.001166167378807258
327	3191	0.0002595080010469148
822	3121	0.0006676206775290053
822	3152	0.0009282009156304878
822	3180	0.0007563460610880793
822	3185	0.0009834192081096106
822	3191	0.0006373533104091141
822	3195	0.0019830125118112368
23	3121	0.0004636330247763037
23	3180	0.0008439217087063218
33	3117	0.0009846301800343921
33	3180	0.0007742137490041021
33	3185	0.0013465729508140602
33	3191	0.0003299062175860192
45	3117	0.0006882154163912293
45	3121	0.0003377231075758501
45	3152	0.0011722181124331939
45	3191	0.0002451003559353742
179	3119	0.0006977622713490088
179	3123	0.0009708486632840657
179	3128	0.0008277557718232182
48	3119	0.00140575987916335
48	3134	0.0024781050623
48	3180	0.001419252466786427
48	3181	0.0009799661090730224
48	3195	0.0021578246873120354
1207	3121	0.00041272069210309737
1207	3180	0.0008361616135184819
1207	3191	0.0002802303352824226
1207	3202	0.0005353359150339879
67	3123	0.0010484345484567535
34	3134	0.0032491296993087935
34	3166	0.00733141350095382
34	3173	0.0031597153935512792
34	3181	0.0016940909765468842
34	3195	0.003057892241682154
34	3204	0.001337982223752065
157	3117	0.0023021716975273497
157	3121	0.0007368281268025498
157	3173	0.0028940614596720043
157	3185	0.0012829319007483094
157	3191	0.000723008982067974
157	3202	0.0010922626512858593
157	3204	0.0011157241792170475
3117	401	0.0007108977164560567
3117	275	0.00045211411067575896
3117	239	0.0023923444976076554
3117	2474	0.0023923444976076554
3117	1317	0.0023923444976076554
3117	1447	0.0006153698216163104
3117	2093	0.0023923444976076554
3117	389	0.001114929693341146
3117	182	0.0023923444976076554
3117	629	0.0017621419658414756
3117	455	0.0006535984991946559
3117	1102	0.0023923444976076554
3117	1576	0.0011149296933411462
3117	1016	0.0011149296933411462
3117	922	0.0023923444976076554
3117	502	0.0011149296933411462
3117	5	0.0011149296933411462
3117	3104	0.0011149296933411462
3117	229	0.0015225825720892323
3117	197	0.0016875859401903619
3117	1684	0.0016875859401903619
3117	927	0.0008772395443996976
3117	441	0.0023923444976076554
3117	46	0.00045211411067575896
3117	2990	0.0008772395443996976
3117	519	0.002014222216985228
3117	636	0.00045211411067575896
3117	1164	0.0009491161479195502
3117	911	0.0023923444976076554
3117	2977	0.0029293387432320554
3117	540	0.0023923444976076554
3117	1110	0.0023923444976076554
3117	135	0.0008772395443996976
3117	849	0.0023923444976076554
3117	1975	0.0016875859401903623
3117	2316	0.0023923444976076554
3117	276	0.0008772395443996976
3117	81	0.0008063602031102904
3117	388	0.0010753272121874654
3117	393	0.0023923444976076554
3117	3120	0.00307560188997071
3117	3130	0.009841502141955562
3117	3161	0.00733140758766834
401	3180	0.0018756206727466444
401	3191	0.0003048681644917152
275	3121	0.0002643260938767133
275	3130	0.001004840953990692
275	3152	0.001714456071685645
275	3191	0.0002577738358629853
1447	3121	0.00045229156124843175
1447	3152	0.0018356448679064236
1447	3191	0.00026172899999737237
389	3121	0.0012994560502018419
629	3120	0.0010204226835870895
629	3180	0.0011101857245956234
629	3185	0.0017053117543992967
629	3191	0.0005872095725125217
629	3195	0.002944911469530407
629	3202	0.0009400307758677725
455	3121	0.0005044036506637135
455	3152	0.0018200515128561291
1576	3121	0.0012994560502018419
1016	3121	0.0012994560502018419
502	3121	0.0012994560502018419
5	3121	0.0012994560502018419
3104	3121	0.0012994560502018419
229	3120	0.0008697619255184264
197	3191	0.0007344495549785675
1684	3191	0.0007344495549785675
927	3152	0.001969165877380095
46	3121	0.0002643260938767132
46	3130	0.001004840953990692
46	3152	0.001714456071685645
46	3191	0.00025777383586298526
2990	3152	0.001969165877380095
519	3121	0.0006666059921599809
519	3120	0.0011945147100830866
519	3152	0.0009930290585203718
519	3173	0.002756001923602245
519	3180	0.0008711809118062409
519	3185	0.0013378001959436741
636	3121	0.0002643260938767132
636	3130	0.001004840953990692
636	3152	0.001714456071685645
636	3191	0.00025777383586298526
1164	3121	0.0010683296964870172
1164	3191	0.0004406053354070035
2977	3121	0.0009039606616097581
2977	3152	0.0012920953260327837
2977	3173	0.002424893030015288
2977	3180	0.0009944527000647204
2977	3195	0.0024175400931684197
2977	3204	0.0010366208281075897
135	3152	0.001969165877380095
1975	3191	0.0007344495549785673
276	3152	0.001969165877380095
81	3180	0.0019437954037706106
388	3120	0.0007328886381166284
388	3121	0.00040386849865109
388	3152	0.0011257399798987665
388	3180	0.000927068632759806
388	3185	0.0015242571877210746
388	3202	0.0007717074032139343
3118	2596	0.0023923444976076554
3118	2256	0.0023923444976076554
3118	3014	0.0023923444976076554
3119	314	0.0013465919234575436
3119	2401	0.0023923444976076554
3119	362	0.0010333672559845184
3119	108	0.0023923444976076554
3119	1930	0.0023923444976076554
314	3204	0.0012995716923370796
362	3131	0.0014458784970079565
3120	3121	0.0010964586394943449
3120	2682	0.0023923444976076554
3120	517	0.0023923444976076554
3120	113	0.0005170934765292415
3120	691	0.0012479428482469136
3120	111	0.0008406585657259985
3120	658	0.0023923444976076554
3120	1834	0.0008270667701732532
3120	3103	0.0008406585657259985
3120	384	0.002358664468753677
3120	1377	0.0023923444976076554
3120	690	0.0023923444976076554
3121	201	0.0010306169506252244
3121	730	0.0003458069320673293
3121	1611	0.0023923444976076554
3121	384	0.0018988108946844337
3121	99	0.00027545701878184126
3121	691	0.0006648867144648712
3121	113	0.00046825537732515283
3121	3130	0.0038383800830244573
3121	3161	0.003299844740465261
201	3152	0.0010219916682309882
201	3173	0.001623519765749301
201	3180	0.0008744934143250932
201	3185	0.0009664270630526827
201	3191	0.001006202845551448
201	3195	0.0019583859325193707
201	3204	0.0008300409385244308
113	3185	0.001986693024449154
113	3191	0.00029507578497970066
691	3180	0.0009639740254670618
691	3185	0.0013098678397827665
691	3195	0.001773143540051331
691	3204	0.0008151683493646272
111	3130	0.0015338434760900988
111	3161	0.0006540689918406587
1834	3130	0.001884267024096302
730	3130	0.0008776719864485109
730	3152	0.001133559488547212
730	3180	0.0007232561814172945
3103	3130	0.0015338434760900988
3103	3161	0.0006540689918406587
384	3129	0.004776002362950341
384	3152	0.0015048219227500313
384	3160	0.0018124347093995364
384	3185	0.0013516003209711684
384	3202	0.0016992492030269363
99	3130	0.000977824649972688
99	3152	0.0016481916595435533
99	3161	0.0006740120292589351
99	3191	0.0003766095805062885
285	3122	0.0005479769090046076
285	3127	0.0010659526501385845
285	3168	0.0030623423431879117
3122	3122	0.0
3122	1870	0.002392344497607656
3123	1084	0.003308077251162615
3123	1359	0.000737082677532008
3123	20	0.0023923444976076554
3123	3109	0.000937267063560484
3123	146	0.0013100988145035813
3123	357	0.0013748584097879846
3123	330	0.0023923444976076554
3123	3155	0.007077116065520539
1084	3125	0.002321422639289054
1359	3147	0.0008804575875378995
1359	3185	0.0011853450861944892
3109	3145	0.0010342661122798842
3109	3185	0.001043638751737787
3109	3202	0.000989276014644526
146	3180	0.0015451477801928398
357	3139	0.0007014730644415546
357	3143	0.002629593029799616
357	3147	0.0013889768922634364
357	3159	0.0019687683778334313
357	3164	0.0005549739899877183
357	3178	0.0007780164641607663
357	3204	0.0022159351576141657
3124	1379	0.005020552631144901
3124	749	0.00423117010867345
3124	592	0.02600063031831075
3124	796	0.00423117010867345
3124	513	0.005020552631144901
3124	2035	0.0023923444976076554
3124	4	0.0028533363894221522
1379	3135	0.0007995622500106325
1379	3142	0.0007995622500106332
1379	3174	0.0006010901207589172
1379	3189	0.0004846483631258561
749	3135	0.0007982729625568316
749	3174	0.0006010380283365414
749	3189	0.00048411875683170236
592	3144	0.012471117361246871
592	3182	0.01595989006940446
796	3142	0.0007982729625568322
796	3174	0.0006010380283365414
796	3189	0.00048411875683170236
513	3135	0.0007995622500106325
513	3142	0.0007995622500106332
513	3174	0.0006010901207589172
513	3189	0.0004846483631258561
4	3189	0.0004867776408904659
3125	3126	0.03126053944778577
3125	824	0.002265187372307491
3125	320	0.0016216138647435078
3125	339	0.0023923444976076554
3125	1985	0.0016216138647435078
3125	1429	0.0023923444976076554
3125	820	0.0023923444976076554
3125	1426	0.0022651873723074905
3125	237	0.0015550995182069738
3125	647	0.0023923444976076554
3125	238	0.0016216138647435078
3125	988	0.0023923444976076554
3125	3033	0.0023923444976076554
3125	792	0.0023923444976076554
3125	854	0.0023923444976076554
3125	1948	0.0016216138647435082
3125	677	0.0016216138647435082
3125	340	0.0019236977513160032
3125	254	0.0023923444976076554
3125	331	0.0016216138647435082
3125	1572	0.0023923444976076554
3125	951	0.002248258763598083
3125	284	0.002265187372307491
3125	921	0.0016216138647435084
3125	1423	0.0016216138647435084
3126	347	0.0023923444976076554
3126	2235	0.0023923444976076554
3126	1153	0.0023923444976076554
3126	1343	0.0028715519510757346
3126	322	0.0027917300420374097
3126	1459	0.0023923444976076554
3126	503	0.0023923444976076554
3126	538	0.0023923444976076554
3126	391	0.0023923444976076554
3126	565	0.005191197822778546
3126	1199	0.0018689817609211063
3126	2452	0.002469616676269065
3126	1189	0.0023923444976076554
3126	2283	0.0023923444976076554
3126	490	0.001612964614651241
3126	1749	0.0027046184410597423
3126	731	0.0028715519510757355
3126	544	0.0023923444976076554
3126	1783	0.002887196722929148
3126	1902	0.0023923444976076554
3126	525	0.0023923444976076554
3126	1553	0.0023923444976076554
3126	3178	0.002808988710944787
824	3130	0.00286199223305048
320	3194	0.0013191613581350033
1985	3194	0.0013191613581350033
1343	3134	0.0016038264795444398
322	3148	0.005495061269738985
322	3155	0.004196729083786718
322	3183	0.0021169227889990417
322	3182	0.0028786064704768425
1426	3130	0.00286199223305048
237	3155	0.0023323025155149
237	3156	0.0008340715120576461
238	3194	0.0013191613581350033
565	3156	0.0033091297252505255
1199	3150	0.0008089222708663655
1199	3172	0.0006818755164487566
1948	3194	0.0013191613581350035
677	3194	0.0013191613581350035
340	3156	0.0020909051572556227
340	3194	0.0019339395759348657
331	3194	0.0013191613581350035
2452	3148	0.001244563940247938
951	3130	0.006868946953631152
951	3194	0.004933806791900815
490	3176	0.001186519519234583
1749	3148	0.001977640553945675
1749	3183	0.0016172757381894875
731	3134	0.0016038264795444394
284	3130	0.0028619922330504802
1783	3134	0.0015898639160488266
1783	3204	0.0012040878910607345
921	3194	0.0013191613581350038
1423	3194	0.0013191613581350038
3127	1333	0.0012917951445562726
3127	286	0.0023923444976076554
3127	424	0.0011823028516348656
3127	344	0.0021874152175904967
3127	485	0.0023923444976076554
1333	3137	0.0003820110974223804
1333	3168	0.003022994113111488
424	3158	0.002458477782991283
344	3169	0.004194039963846301
3128	3129	0.005955217126402666
3128	1186	0.0023923444976076554
3128	759	0.0023923444976076554
3128	1894	0.0023923444976076554
3128	1433	0.0013600545423698802
3128	686	0.0023923444976076554
3128	569	0.0012892499076334067
3128	9	0.0016317133769613642
3129	1336	0.0023923444976076554
3129	2074	0.0023923444976076554
3129	908	0.002702919889737553
3129	2323	0.0023923444976076554
3129	758	0.0020616643472644147
3129	2738	0.0023923444976076554
3129	562	0.0023923444976076554
3129	1584	0.0023923444976076554
3129	282	0.0012445524732826254
3129	582	0.0023923444976076554
908	3156	0.0048154936213915134
908	3204	0.004391454636359359
758	3148	0.0016611336555578133
1433	3199	0.00138826982567918
1433	3207	0.0010261363807851536
569	3145	0.0013464670303024236
569	3180	0.002215465214568729
569	3207	0.0020237474037248272
9	3131	0.0014953516115129711
9	3134	0.004730965816222271
9	3147	0.0018165859047559996
9	3149	0.0023468984987964226
9	3181	0.0010242604184445665
9	3185	0.001733456390917501
9	3190	0.0012739639328806704
9	3202	0.001888804124958942
282	3146	0.0017248021931109655
282	3173	0.004170385075550189
282	3183	0.002611691343346729
1830	3130	0.0017734664701615718
1830	3161	0.0007349087182253007
3130	693	0.0023923444976076554
3130	1159	0.0023923444976076554
3130	473	0.0015018320551453965
3130	953	0.0023923444976076554
3130	82	0.0023923444976076554
3130	670	0.0023923444976076554
3130	1428	0.0023923444976076554
3130	217	0.006183377733060028
3130	1853	0.0023923444976076554
3130	753	0.0023923444976076554
3130	1606	0.0023923444976076554
3130	226	0.0023923444976076554
3130	305	0.0023923444976076554
3130	1103	0.0017734664701615725
3130	2033	0.0023923444976076554
3130	1319	0.0023923444976076554
3130	44	0.0023923444976076554
3130	224	0.0017734664701615725
3130	136	0.0023923444976076554
3130	1748	0.0017734664701615725
3130	3180	0.00996327676513926
3130	3202	0.007356706932985362
473	3202	0.0008905124424622587
217	3161	0.0028161477435533987
217	3201	0.008846524175723023
1103	3161	0.0007349087182253001
224	3161	0.0007349087182253
1748	3161	0.0007349087182253
710	3131	0.0023923444976076554
3131	1005	0.0023923444976076554
3131	876	0.0013201161351843445
3131	155	0.0012643208185137377
3131	1586	0.0011526727098278803
3131	215	0.0016130997517534832
876	3149	0.0014166918309704182
876	3190	0.0013210589375513844
876	3207	0.0016006981437871298
155	3181	0.001209915573424768
1586	3149	0.0012347235700035837
1586	3170	0.0009140248589245049
1586	3190	0.0007304534696968673
1586	3204	0.0011685035270330621
215	3190	0.0009775310434343635
3132	3133	0.0045061975306045846
3132	1928	0.0023923444976076554
3132	1115	0.001723250825310404
3132	2089	0.0023923444976076554
3132	70	0.001723250825310404
3133	2659	0.0023923444976076554
3133	2296	0.0023923444976076554
3133	70	0.0006690936722972507
3133	292	0.0012080267878678932
3133	1115	0.0006690936722972507
3133	708	0.006515049511040582
3133	400	0.0024077823741839137
3133	269	0.0023923444976076554
3133	3196	0.03228208680063657
292	3143	0.002589888081986853
292	3197	0.0013484039927284485
708	3145	0.0017838250474347698
708	3195	0.0064486479356031185
400	3143	0.0025018864534262384
400	3146	0.0025073314134070926
3134	2969	0.0023923444976076554
3134	601	0.0023923444976076554
3134	386	0.002058934675303995
3134	1031	0.0023923444976076554
3134	2962	0.00230139367807991
3134	566	0.0029641334953984704
3134	1142	0.0023923444976076554
3134	1380	0.0023923444976076554
3134	737	0.0011969887485697515
3134	1294	0.0023923444976076554
3134	2447	0.0023923444976076554
3134	2185	0.0023923444976076554
386	3144	0.0024710490125774208
2962	3207	0.001968469201004749
566	3145	0.002801216103304723
566	3182	0.0025529920560574695
566	3183	0.0018700507558361697
737	3190	0.0016985376163505801
1646	3136	0.0023923444976076554
3136	2436	0.0023923444976076554
3136	52	0.0014413298403604087
3136	1224	0.001390529514810452
3136	716	0.0007918241471246182
52	3203	0.00103441174921626
1224	3164	0.001044457314718754
716	3178	0.0009083646802720779
716	3181	0.001013728866139654
3137	3138	0.009512076325817265
3137	2455	0.0023794516230696504
3137	1717	0.0023923444976076554
3137	2182	0.0023923444976076554
3137	423	0.0023923444976076554
3137	184	0.0023794516230696504
3137	3168	0.02328357638789405
3138	2455	1.289287453800533e-05
3138	2181	0.0023923444976076554
3138	183	0.0023923444976076554
3138	1385	0.0023923444976076554
3138	184	1.289287453800533e-05
3139	274	0.0009508714587451101
3139	2400	0.0023923444976076554
3139	553	0.0023923444976076554
3139	1744	0.001043986376199244
274	3143	0.0011786364848206132
274	3187	0.001059876901349851
1744	3199	0.0013955932564452117
3140	3141	0.0030115512132417714
3140	536	0.0023923444976076554
3140	1955	0.0023923444976076554
3140	1394	0.0023923444976076554
3140	1496	0.0023923444976076554
3140	775	0.0023923444976076554
3140	1530	0.0023923444976076554
3140	3140	0.0
3140	1608	0.0023923444976076554
3141	2988	0.0004483092065844191
3141	2695	0.0023923444976076554
2988	3168	0.002144745570330935
2486	3143	0.0023923444976076554
3143	509	0.005552931025715657
3143	2715	0.0023923444976076554
3143	290	0.0049194898800962155
3143	151	0.0049194898800962155
3143	1593	0.0023923444976076554
3143	713	0.0023923444976076554
3143	75	0.0011667301815640326
3143	1270	0.0023923444976076554
3143	687	0.0023923444976076554
509	3157	0.0027534855714567144
509	3188	0.001018127841322098
290	3157	0.003975803213739994
290	3187	0.0020932888705215624
290	3188	0.0009730509265915225
151	3157	0.003975803213739994
151	3188	0.0009730509265915225
151	3187	0.0020932888705215624
75	3150	0.000828360273103323
75	3160	0.0007441348298431157
75	3176	0.0008501388669421125
75	3178	0.0006253581509655829
2982	3144	0.001931544563273827
2982	3146	0.0026217631924670337
2982	3156	0.0031611318266232813
3144	1276	0.0036719862712347204
3144	2131	0.0008949149345773321
3144	1692	0.0013666001556838184
3144	3146	0.00199851373912907
1276	3146	0.0036210093017685326
1276	3194	0.006423328718212188
2131	3146	0.001497429563030323
1692	3183	0.0011972477685075877
1882	3145	0.0023923444976076554
3145	3075	0.004436447370101645
3145	1649	0.0023923444976076554
3145	2998	0.0023923444976076554
3145	95	0.0013238211504340344
3075	3156	0.0031688207057194396
95	3195	0.0015464213488543695
3146	3147	0.007015477467661307
3146	2911	0.0023923444976076554
3146	844	0.0023923444976076554
3146	25	0.0026055797142144764
3146	2170	0.0023923444976076554
3147	309	0.0023923444976076554
3147	1148	0.0014904986068767067
3147	1448	0.0023923444976076554
3147	442	0.0023923444976076554
3147	1415	0.0014162358174729878
3147	1166	0.0023923444976076554
3147	2271	0.0023923444976076554
1148	3195	0.001465478508065008
25	3148	0.0025019604017920203
25	3171	0.0020343019089162375
1415	3181	0.0010623121970821717
3148	3149	0.011434469690971021
3148	972	0.0023923444976076554
3148	644	0.001452921975877869
3148	2994	0.0023923444976076554
3148	2933	0.011506099941002228
3148	3055	0.0023923444976076554
3148	1877	0.001625281036135763
3148	511	0.0023923444976076554
3148	905	0.0009758082710980731
3148	1550	0.0023923444976076554
3148	261	0.0023923444976076554
3148	2931	0.0023923444976076554
3148	1724	0.0009029487083108484
3148	855	0.0023923444976076554
3148	546	0.007487435333545567
3148	263	0.0023923444976076554
3148	968	0.0023923444976076554
3148	2995	0.0023923444976076554
3148	1810	0.0023923444976076554
3149	1424	0.0016989800337374687
3149	886	0.0023923444976076554
3149	689	0.0014741739384374892
3149	3060	0.0016170388458936573
3149	1383	0.0016989800337374684
3149	905	0.001416536226509582
3149	520	0.0023923444976076554
3149	128	0.0023923444976076554
3149	1445	0.0021811053088992925
1424	3202	0.0012058662228816622
644	3179	0.0016842244219109888
2933	3196	0.010424350103929957
689	3180	0.0016871887353558787
3060	3170	0.0013372867576763162
3060	3202	0.0016021880014909172
3060	3204	0.0010115421166133093
1877	3172	0.001747836227943028
1383	3202	0.001205866222881662
1724	3176	0.0019183889812245862
546	3194	0.006822567592468749
1445	3166	0.0032289866455617747
1445	3185	0.003340789672029395
3150	1006	0.0009955424540416915
3150	827	0.0015762472514435355
3150	814	0.005752789594923428
3150	475	0.007690401666793275
3150	1679	0.0015762472514435355
3150	1983	0.0023923444976076554
3150	371	0.0010321581056335857
3150	3172	0.0018397291042710395
1006	3160	0.001303848796145605
1006	3169	0.001175423625822595
1006	3172	0.0007038575602254148
1006	3186	0.0013345582522368516
827	3172	0.0008160972461641253
814	3158	0.0038425567525203694
475	3194	0.006777938534033886
1679	3172	0.0008160972461641253
371	3155	0.0025427557636967225
371	3165	0.0011892799765100361
371	3200	0.0012726327108032811
3151	813	0.0023923444976076554
3151	1045	0.0011489941216544603
3151	2924	0.0023923444976076554
3151	1286	0.0009653725465030879
1045	3154	0.0004013023566017508
1045	3153	0.00046485870748698145
1045	3184	0.001381607195773117
1286	3184	0.0009273619081624746
1286	3201	0.0009030675035783464
3152	608	0.0023923444976076554
3152	3048	0.0020256215814695782
3152	310	0.0023923444976076554
3048	3191	0.0005100390679215331
3153	3154	0.0019274857901206764
3153	3153	0.0
3155	3156	0.04058705092916044
3155	2031	0.0023923444976076554
3155	2490	0.00463469301586263
3155	2475	0.0023923444976076554
3155	1495	0.0023923444976076554
3155	2111	0.0023923444976076554
3155	2500	0.0023923444976076554
3155	1299	0.0023923444976076554
3155	1021	0.0023923444976076554
3155	3195	0.014359284854196089
3156	1274	0.0023923444976076554
3156	1042	0.0023923444976076554
3156	2960	0.0023923444976076554
3156	1516	0.0019303845339784774
3156	1881	0.0023923444976076554
3156	1134	0.0023923444976076554
3156	1621	0.0023923444976076554
3156	32	0.0023923444976076554
3156	1203	0.0023923444976076554
3156	35	0.0023923444976076554
3156	738	0.0023923444976076554
3156	306	0.0023923444976076554
3156	727	0.0023923444976076554
3156	2503	0.0023923444976076554
3156	192	0.0023923444976076554
3156	2187	0.0023923444976076554
3156	3076	0.0023923444976076554
3156	1442	0.0023923444976076554
3156	208	0.0023923444976076554
3156	550	0.0023923444976076554
3156	2070	0.0023923444976076554
3156	2295	0.0023923444976076554
3156	797	0.001930384533978476
3156	1400	0.0023923444976076554
1516	3194	0.002102216702373157
2490	3194	0.0031102592560497038
797	3194	0.002102216702373157
751	3157	0.0023923444976076554
3157	1933	0.0023923444976076554
3157	1670	0.0023923444976076554
3157	38	0.0004318697873371931
3157	1718	0.0023923444976076554
3157	985	0.00144443318631169
3157	1264	0.0023923444976076554
3157	42	0.00144443318631169
3157	857	0.0023923444976076554
3157	510	0.0035859556159951993
3157	496	0.00043186978733719304
3157	1824	0.0023923444976076554
3157	3102	0.002841988398928728
3157	3072	0.002841988398928728
3157	858	0.00043186978733719304
3157	947	0.0023923444976076554
3157	872	0.00043186978733719304
3157	169	0.00043186978733719304
3157	704	0.00043186978733719304
3157	1169	0.0023923444976076554
3157	1206	0.00043186978733719304
3157	514	0.0023923444976076554
3157	1938	0.0023923444976076554
3157	1446	0.0023923444976076554
3157	928	0.0014444331863116898
3157	929	0.0023923444976076554
38	3188	0.002034061481390251
985	3188	0.0001611488616805845
985	3187	0.003349408073148538
42	3188	0.0001611488616805845
42	3187	0.003349408073148538
510	3165	0.004259669976565894
510	3187	0.0022263484708002464
510	3188	0.00087991525851743
496	3188	0.002034061481390251
3102	3197	0.004659375186413688
3072	3197	0.004659375186413688
858	3188	0.002034061481390251
872	3188	0.002034061481390251
169	3188	0.002034061481390251
704	3188	0.002034061481390251
1206	3188	0.0020340614813902508
928	3187	0.0033494080731485375
928	3188	0.00016114886168058453
3158	90	0.0023923444976076554
3158	734	0.0023923444976076554
3158	976	0.0007755893386221953
3158	1273	0.0023923444976076554
3158	1602	0.0023923444976076554
3158	3084	0.0023923444976076554
3158	1048	0.0023923444976076554
3158	477	0.0023923444976076554
3158	1372	0.0023923444976076554
3158	458	9.424594946763909e-05
3158	1958	0.0023923444976076554
3158	1934	0.0023923444976076554
3158	1523	0.0023923444976076554
3158	1107	0.0023923444976076554
3158	2273	9.424594946763909e-05
3158	625	0.0008158436779519482
3158	3201	0.027321426221367972
976	3162	0.0028982873523821727
458	3201	0.0022980985481400175
2273	3201	0.0022980985481400175
625	3184	0.002033280185388605
625	3201	0.0010704696909357094
3159	2412	0.0023923444976076554
3159	2138	0.0023923444976076554
3159	2378	0.0023923444976076554
3159	654	0.0023923444976076554
3159	2948	0.0023923444976076554
3159	444	0.0023923444976076554
3160	1201	0.0023923444976076554
3161	447	0.0023923444976076554
3161	650	0.0023923444976076554
3161	585	0.0023923444976076554
3161	118	0.0023923444976076554
3162	3162	0.0
3162	2019	0.0023923444976076554
3162	2908	0.0023923444976076554
3163	1376	0.0023923444976076554
3163	1488	0.014268114488725898
3163	2128	0.0023923444976076554
3163	1486	0.0023923444976076554
3163	1217	0.0023923444976076554
3163	2768	0.0023923444976076554
1488	3196	0.01662607798756554
3164	2538	0.0023923444976076554
3165	1227	0.002392344497607656
3165	1697	0.001384124808307047
3165	3094	0.002392344497607656
3165	946	0.001815685530953682
3165	1871	0.002392344497607656
3165	1305	0.002392344497607656
1697	3187	0.0011601868413315191
946	3201	0.001535258647564354
3166	3167	0.0054465838991504135
3166	1346	0.0023923444976076554
3166	1367	0.0023923444976076554
3166	2493	0.0015460044870343687
3166	1055	0.0023923444976076554
3166	508	0.0009354964383759789
3166	2657	0.0023923444976076554
3166	1719	0.0023923444976076554
3166	1213	0.0023923444976076554
3166	2122	0.0023923444976076554
3166	1529	0.00228959098473109
3167	266	0.0023923444976076554
2493	3195	0.0034686361377376114
508	3170	0.001993495679259531
1529	3170	0.0011180564915270973
1529	3173	0.0031265943381649066
1529	3204	0.0016214748905609441
3168	568	0.0023923444976076554
3168	1108	0.0023923444976076554
3168	505	0.0023923444976076554
3168	317	0.0023923444976076554
3168	1283	0.0023923444976076554
3168	1535	0.0023923444976076554
3168	1178	0.0023923444976076554
3168	175	0.0023923444976076554
3168	257	0.0023923444976076554
3168	606	0.0023923444976076554
3168	563	0.0023923444976076554
3168	1395	0.0023923444976076554
3168	19	0.0023923444976076554
3168	3168	0.0
3169	3170	0.010034528851986534
3169	2985	0.0023923444976076554
3169	250	0.0023923444976076554
3170	2570	0.0023923444976076554
3170	1364	0.0023923444976076554
3170	1820	0.0023923444976076554
3170	406	0.0023923444976076554
3170	1776	0.0023923444976076554
3170	1475	0.0023923444976076554
3171	2973	0.0023923444976076554
3171	165	0.0023923444976076554
3172	609	0.0023923444976076554
3172	776	0.0023923444976076554
3172	416	0.0023923444976076554
3172	2343	0.0023923444976076554
3173	983	0.0022677126019543855
3173	392	0.0014933320279180418
3173	1133	0.0023923444976076554
3173	211	0.0023923444976076554
3173	2082	0.0022677126019543855
3173	1936	0.015032108379038173
983	3207	0.0006152746278335076
392	3199	0.0014598734855628456
392	3207	0.0009130966571493846
2082	3207	0.0006152746278335076
1936	3196	0.01852994402819448
1936	3207	0.005495644695409002
3175	3176	0.0003368553392190329
3175	561	0.0023923444976076554
3175	353	0.0008018450653131306
3175	2975	0.0023923444976076554
3176	1121	0.0023923444976076554
3176	1063	0.0023923444976076554
3176	1910	0.0023923444976076554
3176	353	0.0015904994322945298
3176	334	0.0023923444976076554
3177	53	0.0023923444976076554
3177	1840	0.002385181789530986
3177	893	0.002385181789530986
3177	1327	0.0023923444976076554
3177	2245	0.0023923444976076554
3177	595	0.002385181789530986
3177	764	0.002385181789530986
3177	361	0.0023923444976076554
3177	1405	0.002385181789530986
3177	54	0.0023923444976076554
3177	188	0.002385181789530986
1840	3196	0.004728819872217288
893	3196	0.004728819872217288
595	3196	0.004728819872217288
764	3196	0.004728819872217288
1405	3196	0.0047288198722172875
188	3196	0.0047288198722172875
3178	1139	0.0021650161793518976
3178	2192	0.0023923444976076554
1139	3207	0.0011910644879327124
1879	3179	0.0023923444976076554
3179	1233	0.0023923444976076554
3179	1534	0.0023923444976076554
3179	28	0.0023923444976076554
3180	2369	0.0023923444976076554
3180	2167	0.0023923444976076554
3180	460	0.0008535188980633774
3180	313	0.0023923444976076554
3180	1565	0.0023923444976076554
3180	55	0.0023923444976076554
3180	103	0.0023923444976076554
460	3185	0.0013256853598422804
460	3202	0.0006024385608007273
3181	1562	0.0023923444976076554
3181	791	0.0023923444976076554
3182	3183	0.001196034746725086
3182	2965	0.001406723983858965
3182	1978	0.001406723983858965
3182	397	0.0023923444976076554
3182	2466	0.001406723983858965
3182	1579	0.0023923444976076554
3182	989	0.001406723983858965
3182	990	0.001406723983858965
3182	1868	0.001406723983858965
3183	2466	0.0009856205137486916
3183	2066	0.0023923444976076554
3183	1978	0.0009856205137486914
3183	990	0.0009856205137486916
3183	468	0.0023923444976076554
3183	989	0.0009856205137486916
3183	2921	0.0023923444976076554
3183	2965	0.0009856205137486914
3183	2966	0.0023923444976076554
3183	1868	0.0009856205137486916
3183	1615	0.0023923444976076554
3185	1406	0.0023923444976076554
3185	1980	0.0023923444976076554
3186	117	0.0023923444976076554
3186	133	0.0023923444976076554
3186	1698	0.0023923444976076554
3187	3188	0.031222991014141523
3187	1320	0.0023923444976076554
3187	1474	0.0023923444976076554
3187	1176	0.002191497562450502
3187	706	0.002191497562450502
3187	1033	0.002029962331845122
3187	1259	0.0023923444976076554
3187	980	0.0023923444976076554
3187	787	0.0023923444976076554
3188	706	0.00020084693515715017
3188	1176	0.00020084693515715017
3188	1254	0.0023923444976076554
3188	909	0.0023923444976076554
3188	1001	0.0023923444976076554
3188	2067	0.0023923444976076554
3188	1027	0.0023923444976076554
3188	268	0.0023923444976076554
3188	701	0.0023923444976076554
3188	3020	0.0023923444976076554
3188	542	0.0023923444976076554
3188	587	0.0024320943676630043
3188	377	0.0023923444976076554
1033	3197	0.0018600096323464104
587	3197	0.0038246465299499374
3190	109	0.0023923444976076554
3190	2953	0.0023923444976076554
3190	2972	0.0023923444976076554
3190	2072	0.0023923444976076554
3190	1660	0.0023923444976076554
3191	2875	0.0023923444976076554
3192	3193	0.004761768329369968
3192	2513	0.0023923444976076554
3192	1473	0.002383749247915652
3192	3008	0.002383749247915652
3192	3009	0.002383749247915652
3193	3009	8.595249692003552e-06
3193	2642	0.0023923444976076554
3193	1473	8.595249692003552e-06
3193	3008	8.595249692003552e-06
3194	3195	0.03754874211220281
3194	1476	0.0023923444976076554
3194	1489	0.0023923444976076554
3194	1594	0.0023923444976076554
3194	1261	0.0023923444976076554
3194	521	0.0023923444976076554
3194	1490	0.0023923444976076554
3194	1694	0.0023923444976076554
3194	602	0.0023923444976076554
3194	78	0.0023923444976076554
3194	841	0.0023923444976076554
3194	1381	0.0023923444976076554
3194	821	0.0023923444976076554
3194	2945	0.0023923444976076554
3194	2809	0.0023923444976076554
3194	107	0.0023923444976076554
3194	3064	0.0023923444976076554
3194	1564	0.0023923444976076554
3194	812	0.0023923444976076554
3194	2428	0.0023923444976076554
3194	1781	0.0023923444976076554
3194	2253	0.0023923444976076554
3194	3028	0.0023923444976076554
3195	492	0.0023923444976076554
3195	2419	0.0023923444976076554
3195	2226	0.0023923444976076554
3195	123	0.0023923444976076554
3195	889	0.0023923444976076554
3196	3197	0.05963952101135537
3196	1954	0.0023923444976076554
3196	1520	0.0023923444976076554
3196	2040	0.0023923444976076554
3196	894	0.0023923444976076554
3196	436	0.0023923444976076554
3196	164	0.0023923444976076554
3196	2110	0.0023923444976076554
3196	557	0.0023923444976076554
3196	2022	0.0023923444976076554
3196	794	0.0023923444976076554
3196	1917	0.0023923444976076554
3196	2632	0.0023923444976076554
3196	932	0.0023923444976076554
3196	1357	0.0023923444976076554
3196	1706	0.0023923444976076554
3196	910	0.0023923444976076554
3196	2339	0.0005457283823543732
3196	2317	0.0023923444976076554
3196	1240	0.0023923444976076554
3196	1020	0.0023923444976076554
3196	714	0.0023923444976076554
3196	2244	0.0023923444976076554
3196	1238	0.0023923444976076554
3196	464	0.0023923444976076554
3196	12	0.0023923444976076554
3196	2433	0.0023923444976076554
3196	3053	0.0023923444976076554
3196	1335	0.0023923444976076554
3196	273	0.0023923444976076554
3196	2155	0.0023923444976076554
3196	433	0.0023923444976076554
3196	1715	0.0023923444976076554
3196	1034	0.0023923444976076554
3197	1702	0.0023923444976076554
3197	2339	0.0018466161152532845
3199	2302	0.0023923444976076554
3199	1974	0.0023923444976076554
3200	3201	0.006546236478201864
3200	2805	0.0023923444976076554
3200	376	0.0023923444976076554
3200	1232	0.0023923444976076554
3200	174	0.0023923444976076554
3201	2057	0.002392344497607656
3201	2371	0.002392344497607656
3201	2785	0.002392344497607656
3201	2740	0.002392344497607656
3201	2456	0.002392344497607656
3201	2745	0.002392344497607656
3201	1056	0.002392344497607656
3201	2202	0.002392344497607656
3201	1437	0.002392344497607656
3201	471	0.002392344497607656
3201	472	0.002392344497607656
3201	1470	0.002392344497607656
3201	1160	0.002392344497607656
3201	223	0.002392344497607656
3202	93	0.0023923444976076554
3202	466	0.0023923444976076554
3202	648	0.0023923444976076554
3202	777	0.0023923444976076554
3202	1175	0.0023923444976076554
3202	805	0.0023923444976076554
3203	955	0.0023923444976076554
3203	1984	0.0023923444976076554
3204	950	0.0023923444976076554
3205	3206	0.0016857089301743732
3205	1060	0.0007345676731226609
3205	831	0.0023923444976076554
3205	1303	0.0007345676731226609
3205	1659	0.0023923444976076554
3206	1060	0.0016577768244849956
3206	1303	0.0016577768244849956
3207	1786	0.0023923444976076554
3207	1890	0.0023923444976076554
3207	1184	0.0023923444976076554
3207	114	0.0023923444976076554
3207	2329	0.0023923444976076554
3208	2611	0.0023923444976076554
3208	3208	0.0
3209	3210	0.009534996991662608
3209	1526	0.0023923444976076554
3210	2849	0.0023923444976076554
3210	2782	0.0023923444976076554
3210	748	0.0023923444976076554
