3509	3510	0.0020066494256816094
3509	1178	0.0013236267372600927
3509	3247	0.0006337544481401384
3509	257	0.0013236267372600927
3509	767	0.0013236267372600927
3509	1395	0.00030286333204506945
3509	1673	0.0013236267372600927
3509	606	0.0006527843807588818
3509	316	0.00035560258730344676
3509	285	0.0006635935218817073
3509	189	0.004904877037072024
3509	3509	0.0
3509	3184	0.00033523639585841
3509	998	0.000429222115880038
3509	63	0.003222026362366551
3510	2421	0.0013236267372600927
3510	1005	0.0013236267372600927
3510	94	0.0017306179251804796
3510	63	0.0023164611770907255
3510	40	0.0025282604929229213
3510	815	0.0013236267372600927
3247	3697	0.0008205504856211439
94	3512	0.0015600731339140566
94	3517	0.0010866699788241476
94	3522	0.0014517185102702521
94	3524	0.0009967810977368036
94	3525	0.002607137304623464
94	3550	0.003773955161571395
94	3555	0.004209358269453858
94	3558	0.0025364396728683293
94	3563	0.0008506270366424119
94	3564	0.0018961075461768836
94	3565	0.002222173500444613
94	3570	0.0023120351192604687
94	3574	0.0009008340180718442
94	3586	0.002242856999691326
94	3592	0.0011960272155769269
94	3591	0.0020610291889981256
94	3606	0.002826254719972686
94	3614	0.0013060355550453934
94	3616	0.0018783839028096952
94	3623	0.0014355931222323076
94	3627	0.0037924476610332945
94	3632	0.0008562914289236099
94	3641	0.002754410162208885
94	3643	0.0046233920155243115
94	3645	0.0016334175205966793
94	3647	0.007620636463611202
94	3652	0.0012404720757400328
94	3655	0.001477299743789991
94	3665	0.0005808288063401531
94	3677	0.004492562082860467
94	3696	0.0017456267933152057
1395	3617	0.0006075954826748741
1395	3660	0.00048515660006724827
606	3544	0.0010273789519679535
606	3599	0.0023524558127828057
606	3605	0.0008483767686771079
606	3617	0.0009218240937657337
606	3660	0.0007824085224526586
316	3545	8.551051853135234e-05
316	3605	0.00045336251138369376
316	3617	0.0004582993807071807
316	3660	0.00038229073470279597
285	3545	0.00033781873671026276
285	3599	0.001795213919689284
285	3602	0.0015786082874377175
285	3617	0.0011601824695942797
189	3519	0.008577794926340523
189	3528	0.006151251875151801
189	3532	0.0097852963610313
189	3531	0.004223628075106765
189	3533	0.003935461443262185
189	3541	0.001335978183545678
189	3544	0.011163579954807051
189	3548	0.005027636934872869
189	3549	0.0010321887975630658
189	3554	0.004366648238927575
189	3555	0.01712021207280839
189	3578	0.003641620192090147
189	3587	0.0030389805591872596
189	3589	0.0015470862842656668
189	3594	0.008907358390734164
189	3595	0.0036728863262876447
189	3602	0.0049100528091852915
189	3607	0.002291752269403378
189	3617	0.00464210017538407
189	3619	0.0014985549880091838
189	3620	0.0015057079329360993
189	3624	0.0018073330084195517
189	3629	0.002963959736886843
189	3632	0.0016943277923676557
189	3640	0.0025858341118539397
189	3642	0.00932930525499301
189	3649	0.004681132746261992
189	3652	0.0029958889001337266
189	3657	0.00295280359763782
189	3660	0.003848088749291713
189	3662	0.0041835549793466965
189	3667	0.009582187319415994
189	3681	0.0033308532994993103
189	3691	0.0038350849586289144
189	3692	0.01836320573532929
189	3694	0.0026029154838363173
189	3699	0.011191317747505017
189	3700	0.004134502502082531
189	3706	0.0032094951157359544
63	3512	0.003478563364134039
63	3516	0.004393278827543989
63	3522	0.0021288807058072534
63	3526	0.0019501931470874414
63	3535	0.002205945362042977
63	3537	0.0035811293706083176
63	3540	0.004199579336799387
63	3544	0.008598710810920797
63	3548	0.008883844113627795
63	3554	0.0030522199332831306
63	3564	0.0036141693483981623
63	3565	0.00441763026024638
63	3567	0.0012274458061745294
63	3574	0.0018366954393179852
63	3575	0.006533023559245505
63	3584	0.007064205145420652
63	3585	0.009291775634008183
63	3593	0.0014403387684203731
63	3614	0.001830474019846787
63	3617	0.003701159608070364
63	3619	0.002439338794704691
63	3620	0.0012979260394254094
63	3634	0.00596393393603743
63	3636	0.003196370285518241
63	3638	0.001103756922588094
63	3637	0.002077284198087306
63	3643	0.008320179203709685
63	3651	0.00404181000602317
63	3659	0.0008394230941567903
63	3660	0.0020819435672421818
63	3662	0.005690825447887194
63	3667	0.005639422986036694
63	3668	0.001697658606024103
63	3671	0.011128229062777302
63	3681	0.005379180318062881
63	3687	0.004388449250108161
63	3690	0.009032927661289712
63	3694	0.0019655265283717986
63	3706	0.0018390183617965062
40	3513	0.0012412427895881124
40	3512	0.001842623879480534
40	3517	0.0014741563664182856
40	3523	0.001325403915972261
40	3550	0.005178289325287111
40	3555	0.005293320288952299
40	3556	0.00718028997781998
40	3560	0.0017690561602000626
40	3570	0.0026810899014986485
40	3574	0.0011308747231150455
40	3575	0.005841441453663576
40	3577	0.001862625764064606
40	3581	0.012846554866132918
40	3582	0.005360010211980618
40	3586	0.002191597919284514
40	3592	0.002011850192742353
40	3612	0.011105075939802525
40	3614	0.002037690127305818
40	3616	0.002428309350207177
40	3627	0.00485083001820009
40	3631	0.0007243847786573748
40	3636	0.0020711235681935202
40	3641	0.003277412672418549
40	3645	0.0016989951756093047
40	3652	0.0015810507432321471
40	3653	0.005262019049696291
40	3658	0.0025690427529040808
40	3665	0.0007459512413418004
40	3667	0.0035297441812028076
40	3668	0.0012829088592506883
40	3669	0.003238383640244173
40	3695	0.0016791247048739482
40	3698	0.0025067650832485766
3184	3545	8.258677510069894e-05
3184	3544	0.000599583445354993
3184	3617	0.0005303420457745663
998	3544	0.0009905035131572424
3015	3511	0.00045371019283775934
3015	3573	0.0008699165444223373
3511	2145	0.00045371019283775934
3511	2969	0.00045371019283775934
3511	2916	0.0013236267372600927
3511	1021	0.0013236267372600927
3511	3114	0.00045371019283775934
3511	3014	0.00045371019283775934
3511	2367	0.00045371019283775934
3511	3458	0.00045371019283775934
3511	3261	0.00045371019283775934
3511	976	0.010968931427158969
3511	1143	0.0013236267372600927
3511	454	0.00045371019283775934
3511	477	0.0013236267372600927
3511	263	0.00045371019283775934
3511	2144	0.00045371019283775934
3511	3573	0.0009699314261417242
2145	3573	0.0008699165444223373
2969	3573	0.0008699165444223373
3114	3573	0.0008699165444223373
3014	3573	0.0008699165444223373
2367	3573	0.0008699165444223373
3458	3573	0.0008699165444223373
3261	3573	0.0008699165444223373
976	3544	0.012245223168517037
454	3573	0.0008699165444223373
263	3573	0.0008699165444223373
2144	3573	0.0008699165444223373
3512	3513	0.0004891670210868281
3512	2296	0.0013236267372600927
3512	649	0.000655928311538043
3512	416	0.00037054149256855
3512	862	0.0003134715308878959
3512	2165	0.0013236267372600927
3512	1204	0.0007009517505068697
3512	644	0.00044226865120171945
3512	592	0.0007982559609080627
3512	657	0.0006201392382027306
3512	1593	0.0006310716994994395
3512	1698	0.0005689434268223852
3512	980	0.000538117692004093
3512	132	0.0002766233233949605
3512	3135	0.0015505227489695987
3512	88	0.0008025245134283874
3513	3412	0.00035721707027500945
3513	117	0.00019441572866752693
3513	1698	0.0002130200485327454
3513	1006	0.00021890967770633264
3513	133	0.0009405576545422333
649	3524	0.0005798713974734964
649	3553	0.0018859177044770294
649	3558	0.0006634896436800162
649	3560	0.00043967604906150113
649	3568	0.0009956543442205378
649	3574	0.0004018019916806276
649	3581	0.002901882344675609
649	3591	0.001122188598532036
649	3606	0.0007649107266880447
649	3636	0.0008007394892260919
649	3651	0.0011611306419310743
649	3665	0.00035910072791678203
649	3695	0.00047875682564311783
649	3696	0.0007200471133365165
649	3701	0.0008302874033898473
416	3514	0.0003250245026064533
416	3568	0.0005062352908394563
416	3591	0.0005710749640430883
416	3651	0.0004368128733772814
862	3517	0.00028439231398930906
862	3566	0.00042658898766302975
862	3632	0.0004645416972782783
862	3651	0.00042884109949433514
862	3665	0.0001354685500344679
1204	3665	0.00019141009937441181
1204	3677	0.0007520724606485226
3412	3514	0.00034622577855364584
3412	3526	0.0005243341206059882
3412	3553	0.0009561657656841342
3412	3558	0.0006181728015917186
3412	3570	0.0007561910265319737
3412	3607	0.00044632686444901615
3412	3651	0.0005919787751579516
3412	3652	0.00042353607731148655
3412	3669	0.0005925722809698172
3412	3696	0.0003916861434303709
3412	3701	0.000513062316261123
644	3575	0.0009182088020906732
644	3634	0.000524578745918599
644	3706	0.0004591964290061217
592	3574	0.00048359271699676575
592	3581	0.00291201806400903
592	3616	0.0009479382272229431
592	3653	0.001601957153999028
592	3671	0.0029758490399425033
592	3674	0.0015780766816852992
592	3702	0.0013236267372600927
117	3524	0.0004356760500759574
117	3574	0.00033868973483127264
117	3603	0.0004111977028403661
117	3609	0.0004197895016570983
117	3616	0.000414909631515894
1698	3697	0.0007061434335713484
657	3535	0.0004948841593891486
657	3569	0.0009486657679332484
657	3581	0.0013409718635984161
657	3591	0.00084416212375481
657	3607	0.0005887886807856953
657	3614	0.0004931746317573013
657	3631	0.00022635247132692698
657	3701	0.0006324597471399323
1593	3636	0.000733526785784518
1006	3570	0.0005432549376015205
1006	3586	0.0004279085449709649
1006	3607	0.00044699257582907816
1006	3623	0.0002649645351452917
1006	3630	0.000410654665535268
1006	3655	0.0003617644690076744
1006	3668	0.00036330480780597955
980	3517	0.00021642930961962955
980	3550	0.0005130798333617297
980	3556	0.0007212983770427699
980	3564	0.0005549580322921247
980	3575	0.000671486278144719
980	3667	0.0008484009076221437
980	3668	0.00018243395865721982
980	3671	0.000922796063949351
132	3558	0.000478114326493717
132	3592	0.00038279883810848263
132	3614	0.00036949815577318033
132	3631	0.00013121509017375557
132	3701	0.0003505242708506203
133	3538	0.001389110234011563
3135	3704	0.0004425644542280551
88	3514	0.0007007282510834679
88	3553	0.0016708790131865837
88	3558	0.0010698051797959221
88	3562	0.0034332617749782872
88	3574	0.0005011335494186315
88	3581	0.0041753339739444405
88	3609	0.0009075088075318098
88	3614	0.0009740844510252314
88	3651	0.0012382151324403044
88	3671	0.004100217343150467
88	3696	0.0008069151237852301
3514	1680	0.0002950383667629595
3514	21	0.003485235904662108
3514	1621	0.0013236267372600927
3514	154	0.0006238675025688232
3514	3421	0.0010089002342816426
1680	3533	0.0003880387017934802
1680	3548	0.0007205685685616139
1680	3570	0.0007581847745915843
1680	3644	0.0002855234667545223
1680	3662	0.0005258839939145432
21	3516	0.005087534920724726
21	3520	0.008687917092364529
21	3524	0.0028158049621911886
21	3527	0.0035641464007365644
21	3531	0.008428292828179593
21	3533	0.005402762937832834
21	3535	0.0036904314906710768
21	3536	0.01055402395050615
21	3537	0.003018398872527126
21	3541	0.002083085621108385
21	3542	0.013745916815886614
21	3544	0.016464089424961022
21	3546	0.009233889007389171
21	3547	0.010965636014123575
21	3548	0.007851061189960798
21	3549	0.0013285245450422836
21	3558	0.005604564650307341
21	3561	0.0043346106252780585
21	3560	0.0026425170506176373
21	3563	0.0032111256994600003
21	3564	0.011120790997216022
21	3565	0.013889315799321008
21	3566	0.002600922413608132
21	3567	0.0016949259927393017
21	3568	0.0057016476118628605
21	3570	0.007168280748674843
21	3575	0.023403370758883088
21	3577	0.006846427933235254
21	3580	0.007681898408385338
21	3588	0.003575955499434068
21	3589	0.0023780587238437668
21	3590	0.0036550709188412694
21	3593	0.0016290029062336572
21	3595	0.005269766871759604
21	3602	0.00825649508244802
21	3603	0.005263461547369719
21	3605	0.017692864539931248
21	3607	0.0031772978942178794
21	3614	0.003492689465963623
21	3617	0.007182830059301667
21	3619	0.002057510470125306
21	3620	0.0024575923432696603
21	3624	0.002352703121884179
21	3630	0.0037227739491948195
21	3632	0.0022923528615828013
21	3639	0.003241909804291555
21	3641	0.006855534180297899
21	3644	0.0029752208838866733
21	3647	0.0246767504735707
21	3657	0.00445694547362443
21	3660	0.006186914279578324
21	3662	0.005982434136235232
21	3664	0.003264649394665561
21	3669	0.006016367738111757
21	3674	0.004948233079566708
21	3675	0.004678569465274347
21	3678	0.009023430378261598
21	3679	0.008725803351987691
21	3681	0.005646427002370159
21	3682	0.004331898394403947
21	3684	0.006885019476300638
21	3687	0.007574603149472076
21	3691	0.009068153194621406
21	3692	0.029078560254759096
21	3694	0.004142487347505231
21	3695	0.0029028306396811964
21	3697	0.0050206088757257725
21	3699	0.018093653159440008
21	3700	0.0072622562976319945
21	3701	0.005096897336124614
21	3705	0.0023956597442391157
21	3707	0.004996578143522357
154	3591	0.0007808424458232445
3421	3633	0.0006878350233700789
3515	286	5.420394907550701e-05
3515	605	9.159372038514718e-05
3515	2298	0.00018570708233895734
3515	1659	0.0003784146901160166
3515	2138	0.00043635916494602156
3515	202	0.0013236267372600927
3515	2498	0.0006539151296300304
3515	1039	0.0013236267372600927
3515	1604	0.0006539151296300304
3515	530	0.0006539151296300304
3515	1249	0.0018351637958326954
3515	142	0.00019775758449084037
3515	1850	0.0006539151296300304
3515	2982	0.0013236267372600927
3515	317	0.00017794854537833566
3515	604	5.4203949075507016e-05
3515	3185	0.0006075154127673387
3515	174	0.0005157482698583008
3515	6	0.0015406585954842358
3515	483	0.0006584222099544695
3515	630	0.0013236267372600927
3515	1111	0.0013236267372600927
3515	1617	0.00017794854537833566
3515	73	0.0013236267372600927
3515	3256	0.0006539151296300304
3515	141	0.0013236267372600927
3515	564	0.0013236267372600927
3515	19	0.0013236267372600927
3515	2119	0.0004576034301941286
3515	1672	0.00018570708233895734
3515	1499	0.0019973130039200185
3515	1717	0.0013236267372600927
3515	3544	0.010219059177141294
3515	3605	0.0061876874814070365
286	3544	0.0008259665603887094
286	3605	0.0005228449683600632
605	3544	0.0012320330168749446
2298	3617	0.0012732807365584532
1659	3661	0.0003820355056497153
1659	3675	0.001432724707406157
2138	3661	0.0003946727151457105
2138	3701	0.0014559641282453329
2498	3661	0.0007155140637259486
1604	3661	0.0007155140637259486
530	3661	0.0007155140637259486
1249	3592	0.0023854277888518305
142	3544	0.0013988818673747441
142	3599	0.0011548893401673575
142	3605	0.0009444797574324876
1850	3661	0.0007155140637259486
317	3605	0.0011456781918817581
604	3544	0.0008259665603887093
604	3605	0.0005228449683600632
3185	3521	0.0007915642701884193
3185	3661	0.0006474117787383559
174	3607	0.0015219904146747554
6	3614	0.001390343022528993
6	3641	0.001252936373492015
483	3526	0.0009508039306954724
483	3552	0.0010010956696529098
483	3630	0.0010421042475240996
483	3661	0.00045780380593689893
1617	3605	0.0011456781918817581
3256	3661	0.0007155140637259486
2119	3545	0.0004928382619648202
2119	3690	0.0007867737699613354
1672	3617	0.001273280736558453
1499	3618	0.0007262731467541947
1499	3628	0.00019925551899005055
758	3516	0.0008875909711592608
758	3622	0.0005590700555205201
3516	173	0.0008757910329053849
3516	3023	0.0013236267372600927
3516	1222	0.0006204769605598158
3516	109	0.0006707387447334506
3516	14	0.0008227651280233981
3516	20	0.0008082246477877802
3516	185	0.0008227651280233981
3516	2438	0.0013236267372600927
3516	716	0.000769900872336524
3516	566	0.0008875909711592605
3516	34	0.000619188191639831
3516	9	0.000497155488231297
3516	792	0.002100582153733467
3516	1015	0.0013236267372600927
3516	601	0.00033394913198883056
3516	1445	0.00043432748804272795
173	3612	0.000999344640730313
173	3692	0.001215194042107308
1222	3531	0.0007421282788298525
1222	3541	0.00019197442473427661
1222	3589	0.0004630068128294564
1222	3601	0.0006254683968444322
1222	3619	0.00030108517729934207
1222	3624	0.00025183690331185524
1222	3639	0.0002672078522179305
1222	3649	0.0005819483587424505
1222	3657	0.00037135705752106143
1222	3664	0.0003087027357501626
1222	3679	0.0005772609136481526
1222	3682	0.00031066347635493486
1222	3684	0.0005223978754141239
109	3692	0.0009318483783310159
14	3700	0.0005721703392911436
20	3636	0.0006267756700612583
185	3700	0.0005721703392911436
716	3543	0.0009691317688214565
716	3578	0.00050338645831841
716	3601	0.0009402865865829977
716	3616	0.0013206662111970775
716	3629	0.0004690774440393287
716	3681	0.0008921893904211782
716	3707	0.0007089330068145383
566	3622	0.0005590700555205201
34	3547	0.0008756072526607526
34	3549	0.00022933430916307788
34	3580	0.0006473406867742053
34	3594	0.0009441139541146047
34	3619	0.0004117693156830342
34	3622	0.0012517882435905997
34	3639	0.0004298224002946772
34	3644	0.0004938556974438744
34	3676	0.0014748115406794078
34	3679	0.0009644966048700625
34	3684	0.0008803040811727222
34	3692	0.002467078817634587
34	3707	0.0008251467295538096
9	3537	0.00038417212633112905
9	3541	0.00022637926289129033
9	3549	0.00016729045667413062
9	3587	0.0007984097908346256
9	3589	0.0003630170184115587
9	3590	0.0004006307853735743
9	3594	0.0009973499689139226
9	3595	0.0005415986170085385
9	3644	0.0003200947325781612
9	3662	0.0006250416016090128
9	3679	0.0005807187379767027
9	3684	0.0006183588705685269
9	3707	0.0005264757865579933
792	3579	0.0018523192043459324
601	3547	0.000499744086697275
601	3619	0.00040433677647532
601	3639	0.0002693061500618408
601	3684	0.00038725237680509454
1445	3549	0.0003864861536739278
1445	3662	0.0006134612966250259
3517	3518	0.0016520851174932712
3517	274	0.0006873734533847424
3517	400	0.0002978654077153961
3517	1224	0.00019672489545639904
3517	292	0.000274683059017766
3518	1045	0.0011885355105479938
3518	3518	0.0
3518	2970	0.0013236267372600927
3518	1330	0.0004048615164416531
274	3575	0.0014022018477832588
274	3604	0.0009589369115943722
274	3643	0.0005208819096200475
274	3650	0.0011798839765432766
274	3671	0.001342023980068588
274	3673	0.00017120446040583246
1045	3699	0.002257274209482043
400	3555	0.0009074182091478358
400	3556	0.0011929800933025906
400	3560	0.0008363763313368131
400	3564	0.000562016575996506
400	3565	0.000660177005904791
400	3577	0.0006010097861639422
400	3586	0.0008537499577686622
400	3591	0.0007229642131829448
400	3655	0.0005990237710782928
400	3668	0.00022159286409917928
400	3671	0.0011564288813946358
1224	3564	0.0006116017236775892
1224	3565	0.0006301020985646853
292	3554	0.0005329415762410385
292	3555	0.0005953418079555337
292	3565	0.0006334429414318313
292	3575	0.0008463081211574277
292	3636	0.000867782484096598
292	3667	0.0005935365208751417
292	3703	0.001437604760171916
1330	3522	0.001394515814477868
3519	3520	0.003998370678339517
3519	1415	0.0013236267372600927
3519	658	0.0003532816230477065
3519	224	0.00033376894300327244
3519	275	0.0002934925793457004
3519	1588	0.0013236267372600927
3519	217	0.0003994211858465692
3519	1576	0.0013236267372600927
3519	636	0.0004452043766112934
3519	650	0.00021161270143209315
3519	1548	0.00035012024595446306
3519	82	0.0003297748787344626
3519	3503	0.0013236267372600927
3519	389	0.0013236267372600927
3519	1834	0.00020754020413056614
3519	402	0.0013236267372600927
3519	5	0.0004452043766112934
3519	460	0.0003416935138717929
3519	3409	0.0006535360029436266
3519	1377	0.0004452043766112934
3519	46	0.00035012024595446306
3519	135	0.0004415533049368583
3519	99	0.0003337689430032724
3520	61	0.00039055189703443447
3520	111	0.0005091591989631356
3520	23	0.0002531061751024373
3520	98	0.0003558740773494051
3520	822	0.00037725807216905296
3520	426	0.00030506615957863226
3520	113	0.0003707376026782292
3520	3487	0.00047206176852650146
3520	460	0.00030132694683679076
3520	1017	0.0013236267372600927
3520	33	0.00027593262924693727
3520	629	0.00036230156302826484
3520	2180	0.0006697460876896714
3520	403	0.00022976925333253117
3520	849	0.0013236267372600927
3520	134	0.000789328079875527
3520	3444	0.0013236267372600927
3520	658	0.0009703451142123883
3520	548	0.00028532258578988927
3520	119	0.00023432179172178666
3520	4	0.002417812104565539
3520	157	0.0005364771320069523
3520	1114	0.0006697460876896714
3520	3073	0.0006697460876896714
3520	112	0.002699499267836295
3520	519	0.0002873311858497203
61	3548	0.000596222915379762
61	3580	0.000671670645872056
61	3601	0.0006972476447568365
61	3622	0.0005981746396951985
61	3624	0.00031098455547612554
61	3662	0.0005085832058573076
61	3674	0.00035267402718207645
61	3691	0.0005878574646667229
111	3528	0.0003517297286393004
111	3532	0.0008683802676117812
111	3543	0.0001892822317556239
111	3674	0.0005760631936143899
111	3691	0.0003944096249379995
23	3531	0.00042435807814920396
23	3537	0.0002697308698153602
23	3548	0.0005006892365800904
23	3662	0.0003676399649597927
23	3664	0.00019697238070633116
23	3674	0.00024223871503830443
98	3548	0.0006641087244068678
98	3580	0.0005139029488654782
98	3622	0.0004088291140573467
98	3707	0.00034626860851797077
224	3532	0.00088436357956765
224	3543	0.00020304765616690993
224	3578	0.00023548567729633397
275	3629	0.00024278517548046572
275	3691	0.0008334914257582392
822	3531	0.0005571258113730838
822	3542	0.0005298170708659947
822	3548	0.0008534611408123971
822	3549	0.00022753612347891215
822	3590	0.00046682875001164125
822	3622	0.0006232091345478105
822	3639	0.00022042737146463453
822	3684	0.0006192139732277749
822	3691	0.0005535743643558608
426	3531	0.00048191157225771215
426	3548	0.0005323495031124118
426	3580	0.0005862409016779341
426	3662	0.0004249164163702512
426	3664	0.0002330289109876931
426	3691	0.00046327804029546756
426	3707	0.0003598942669748491
113	3531	0.0005614751246962852
113	3548	0.0007775834491274726
113	3622	0.0005270690446857514
113	3664	0.0002553492014758774
113	3674	0.0003339518213075313
113	3676	0.0009912416135080464
113	3691	0.0006928364852079542
3487	3542	0.0004590110517834494
3487	3674	0.0004801142694812261
217	3532	0.0009370010196544305
217	3543	0.00022001579764571497
460	3542	0.00043969337606993464
460	3548	0.0009939336107745063
636	3532	0.0009832115036553866
650	3532	0.0006737349410317133
650	3629	0.00017380007231403022
650	3691	0.0006367459853398618
1548	3691	0.000993227562591264
33	3542	0.0003269401072528037
33	3622	0.00040506457712025193
33	3624	0.00031003224864471996
33	3639	0.00020638829599167158
33	3662	0.0005411579438877227
33	3664	0.0002457671198266751
629	3531	0.0005530018343457372
629	3548	0.000703608173487116
629	3664	0.00022557858733637635
629	3674	0.00030937893132488247
629	3676	0.0006351707976918297
629	3707	0.0003274863219639353
2180	3674	0.0006597995332571104
403	3531	0.0005395267786967628
403	3542	0.000315194846878846
403	3548	0.0006833417056195154
403	3674	0.00024842170986779933
82	3542	0.0009405574977215204
82	3543	5.550410881702826e-05
82	3578	0.0002831677838958245
134	3532	0.0027998656386208818
134	3537	0.00047577937898063947
134	3542	0.0016100151291699601
134	3548	0.0008760905986686385
134	3622	0.001371184733661181
134	3639	0.0004893712085378972
134	3662	0.0009030274239687757
134	3664	0.0004669323660485049
134	3674	0.0006552444468675075
134	3692	0.0032175440885725787
134	3698	0.0010843399678726
1834	3532	0.0007129357348210885
1834	3543	0.00013866188169889648
1834	3578	0.00016952287870619743
1834	3691	0.0006471788687869412
5	3532	0.0009832115036553868
548	3622	0.0004359881465395227
548	3639	0.00023995734590755713
548	3662	0.0005745033480503748
548	3691	0.00038180168117344737
548	3707	0.0003274160632604196
3409	3548	0.0007498870324121788
3409	3580	0.0008221808746432863
3409	3674	0.0003861264201026588
1377	3532	0.0009832115036553868
119	3531	0.0005465317831660732
119	3542	0.00029355948823847763
119	3662	0.0005148550636532128
119	3674	0.00025653460746581533
4	3559	0.004076997916352619
4	3578	0.001009572456640819
4	3598	0.002584531199268694
4	3674	0.002365562190975573
4	3691	0.002210371693704659
46	3691	0.0009932275625912637
157	3531	0.0006529512179095589
157	3537	0.0005221532702704139
157	3542	0.0008488443946951751
157	3580	0.0008100422762300227
157	3622	0.0005604015163885148
157	3664	0.00027114250097156874
157	3676	0.001017508384769007
157	3684	0.0006027411945287838
157	3707	0.0003946711244330409
1114	3674	0.0006597995332571104
135	3542	0.0010269603895864381
3073	3674	0.0006597995332571104
99	3532	0.0008843635795676502
99	3543	0.00020304765616690988
99	3578	0.00023548567729633397
112	3531	0.002859573080577708
112	3542	0.0036502004895063484
112	3547	0.0032553410888220237
112	3548	0.002667672895510844
112	3581	0.004690186921465704
112	3587	0.0017701332057683103
112	3594	0.0036161070895640054
112	3601	0.0024847514035075805
112	3622	0.0022311679270444395
112	3639	0.0010269290767244807
112	3644	0.0009617576483283859
112	3658	0.003556892939377347
112	3659	0.0006817129948173149
112	3662	0.0018999390421499639
112	3664	0.00100548614383371
112	3671	0.012157705063714065
112	3674	0.0012960639055725834
112	3677	0.004828048238256392
112	3698	0.00137763328982031
519	3531	0.0004919917702604267
519	3542	0.0004702491310539563
519	3580	0.0006849101910514532
519	3624	0.00029726961362483195
519	3639	0.0002058312277180547
519	3662	0.0004576559108756559
519	3674	0.0002846864528985648
519	3707	0.0003549759180240884
3521	3522	0.000987038232569901
3521	357	0.002016743082121383
3521	90	0.00042098520395355665
3521	2538	0.0013236267372600927
3522	90	0.0004411798256030553
3522	3522	0.0
90	3580	0.0012290263031256483
90	3660	0.0005738593714565095
90	3694	0.0004800721152782615
357	3531	0.0040073454121047096
357	3536	0.004463883254499055
357	3585	0.0040402966624405534
357	3588	0.0009576479539838428
357	3591	0.002096165105459431
357	3592	0.0015536617377223366
357	3600	0.0058135506603523915
357	3622	0.003071610155981006
357	3627	0.002717618912254881
357	3636	0.001439577646208218
357	3644	0.0010640622868287467
357	3651	0.002256505977610428
357	3670	0.0018469661357355012
357	3706	0.0012427501854280958
357	3707	0.0018106647576909133
3523	320	0.0011485007416070778
3523	322	0.000506834871159442
3523	3190	0.0013236267372600927
3523	106	0.001716653660579854
3523	321	0.0004965603691340217
320	3579	0.0015059850000829888
322	3546	0.0006903432703435822
322	3568	0.0009200101569037046
322	3569	0.0011871826678776427
322	3570	0.0009345141284981485
322	3586	0.0007665258328442981
322	3612	0.0019565138890800184
322	3623	0.0005437600270275488
322	3672	0.0006797503250469296
322	3678	0.0006903901409680061
322	3677	0.0010909533028844933
106	3535	0.001740652655333399
106	3553	0.004805206564036074
106	3555	0.004666132487520533
106	3554	0.0019517064091240316
106	3564	0.0022288001867744873
106	3569	0.007493613630430286
106	3570	0.002806254499343434
106	3575	0.004348175652526781
106	3577	0.001778428963909668
106	3586	0.0022554040072984283
106	3592	0.0017120917830761773
106	3607	0.001815603210818588
106	3609	0.0023602286304794657
106	3614	0.0017230405661673176
106	3632	0.0009612353511871233
106	3642	0.005307674663450672
106	3645	0.001851567339418627
106	3651	0.0034726956847546927
106	3655	0.0016918390196866454
106	3658	0.002549106026793308
106	3667	0.00314481376644657
106	3669	0.0022735398300951235
106	3670	0.0024938763697958497
106	3671	0.006789291700552971
106	3672	0.0019970989956843645
106	3678	0.003655026545443682
106	3677	0.004027007230490882
106	3696	0.001834485501326973
106	3698	0.0020657116371297283
106	3703	0.009438880755955848
321	3616	0.0008862173165913756
3524	3525	0.0014031462030156833
3524	69	0.0008456308528698766
3524	1244	0.001485220132575436
3525	1087	0.0013236267372600927
3525	457	0.0013236267372600927
3525	3423	0.0013236267372600927
3525	2312	0.0005964297254899817
3525	2010	0.0013236267372600927
3525	2258	0.000600116089985824
3525	2378	0.0003784679134261335
3525	338	0.0011689162321796979
3525	69	0.004337422796269773
3525	1519	0.000574148264213185
3525	1088	0.0013236267372600927
2312	3544	0.0008880875486437735
2312	3605	0.0005678459175930094
69	3531	0.005232101019090135
69	3533	0.003084013033572292
69	3544	0.007982636773964812
69	3549	0.0009065154320579197
69	3561	0.0021242301273353757
69	3567	0.0007656754624954317
69	3566	0.0013021301241980217
69	3580	0.005954653272150072
69	3585	0.008573256600538414
69	3589	0.0021413184813456393
69	3590	0.0020876704774967286
69	3591	0.0058468391224344414
69	3594	0.008452184505992185
69	3595	0.0035023647945208623
69	3601	0.004693308226181859
69	3605	0.00851449756680141
69	3607	0.0017803632927352112
69	3616	0.004291955864765133
69	3617	0.0037390128237264394
69	3623	0.0016445947476878585
69	3634	0.007301768934171743
69	3637	0.0024609113588530095
69	3644	0.0014819501921268484
69	3656	0.004054636051248483
69	3662	0.0036382580605579928
69	3669	0.0029616826106081077
69	3671	0.01712444607650788
69	3672	0.0029754539337958218
69	3676	0.003634903089761767
69	3679	0.0045512541547230514
69	3682	0.0024507416035152814
69	3684	0.0037050287328470625
69	3687	0.0033610498761465508
69	3697	0.0023339863053443333
69	3705	0.0012583106978809894
2258	3616	0.0007754545110172154
2378	3526	0.0002791198656801937
2378	3616	0.0005404350371796704
2378	3706	0.0005426127020791816
338	3652	0.0007536684662006246
338	3657	0.0015501290855300157
338	3671	0.003720441397882457
338	3674	0.0011069617210900504
338	3681	0.0016419043835510067
338	3709	0.003938771956278341
1244	3566	0.0009728877244647943
1244	3615	0.0011628446763106528
1519	3591	0.0009135016514407357
3526	3527	0.0003200499978261981
3526	3031	0.0001836320785071909
3526	654	0.00047417305604722
3526	3437	0.00024001475899694156
3526	3032	0.0001836320785071909
3526	2412	0.0001836320785071909
3526	3706	0.00029430670300498586
3526	3705	0.0002986525387682627
3527	101	0.001066097931206076
3527	2412	0.0003136451643600338
3527	3031	0.0003136451643600338
3527	3032	0.00031364516436003387
3527	3437	0.000523445792784821
3527	654	0.0008494536812128746
3527	3705	0.00010654520268188213
3527	3706	0.00037927800973143005
101	3588	0.0009836003817795943
101	3609	0.000909965767005937
101	3632	0.0009860923969107656
101	3634	0.0016411415029762065
101	3642	0.0017415429367035329
101	3655	0.0006266328598302506
101	3666	0.003389722066859292
101	3670	0.0007291868474272219
101	3677	0.0015092868502201138
101	3703	0.003546577451021821
3031	3705	0.00041281640249307304
3031	3706	0.0004135330918998019
2412	3706	0.00041353309189980195
2412	3705	0.00041281640249307304
3437	3706	0.000560166185478331
3032	3706	0.0004135330918998019
3032	3705	0.00041281640249307304
3528	2153	0.0013236267372600929
3528	1103	0.00020427535991783067
3528	585	0.00020054632587881082
3528	2016	0.00019765190689511935
3528	911	0.0013236267372600929
3528	659	0.00043340101151291826
3528	394	0.00022267848695611863
3528	3377	0.0013236267372600929
3528	1200	0.0004334010115129183
1103	3543	0.0001566161083979971
1103	3578	0.0001858217678584954
1103	3629	0.00019454330808445683
1103	3691	0.0007864674478039416
585	3532	0.0008781536270133547
585	3543	0.0002217020738174906
585	3578	0.00019372114602318592
585	3629	0.0002679206623772858
2016	3578	0.00020415886337532088
2016	3629	0.0001998569014503282
2016	3691	0.0008350003962074213
659	3543	0.0004668154148700632
659	3578	0.0004814235904993925
394	3532	0.0010294739355904878
394	3578	0.0002636803984843932
1200	3543	0.0004668154148700631
1200	3578	0.0004814235904993924
1043	3529	0.001773200331804775
1043	3587	0.001314953679690485
1043	3612	0.00178402347955194
3529	3302	0.0013236267372600927
3529	2516	0.0013236267372600927
3529	176	0.0013236267372600927
3529	2179	0.0013236267372600927
3529	2039	0.0013236267372600927
3529	1907	0.0013236267372600927
3529	74	0.0019725435304410984
3529	1877	0.0005272778346036948
3529	2022	7.118324388854932e-05
3529	1795	0.0013236267372600927
3529	3354	0.0013236267372600927
3529	2052	0.0013236267372600927
3529	1240	7.118324388854932e-05
3529	1488	0.0016318682135009934
3529	3255	0.0013236267372600927
3529	1151	0.0013236267372600927
3529	2317	0.0013236267372600927
3529	1479	0.0013236267372600927
3529	3555	0.015322034423123859
74	3604	0.0014924773046836827
1877	3667	0.0015710686081220084
2022	3555	0.0012524434933715415
1240	3555	0.0012524434933715415
1488	3671	0.002621948983565129
3530	496	0.0003154163638006809
3530	928	0.00039324818902065694
3530	3398	0.0013236267372600927
3530	252	0.0020540740822888636
3530	3457	9.174274125081641e-05
3530	377	0.00013997889087797837
3530	1670	0.0002732545097106709
3530	858	0.0005197427539257097
3530	509	0.000552126591216719
3530	3303	0.00032898861719263766
3530	2067	0.0013236267372600927
3530	1206	0.00015091071566949237
3530	1218	0.0013236267372600927
3530	290	3.7299343376694635e-05
3530	268	3.281117670915332e-05
3530	1718	0.0004930109389613429
3530	278	0.00028377292360908863
3530	3021	3.01565727853808e-05
3530	38	0.000511224738059944
3530	42	6.540998582802866e-05
3530	1176	4.1212353457160836e-05
3530	857	0.0002590568551679589
3530	272	0.0007120328437772787
3530	3604	0.00019323680799069703
3530	3650	0.0001382124054078329
496	3604	0.0005297155072146336
496	3650	0.0004784948662447852
928	3571	0.0003196305587829321
928	3575	0.0022189775025195325
928	3600	0.00045294585366627125
928	3604	0.0005509251789716546
928	3650	0.0006596231807592702
928	3668	0.0006940534611526176
928	3673	0.00012412410742394513
252	3556	0.001216129307739669
252	3563	0.0013992225329383715
252	3564	0.0018556559792322963
252	3571	0.0016389484564847795
252	3575	0.0018669237649540909
252	3591	0.002538276988539611
252	3592	0.0036446028911819245
252	3600	0.0010545781586031406
252	3604	0.002919054081560215
252	3650	0.0036195035941989557
252	3668	0.0006148902400175899
252	3671	0.0018640045681317496
252	3673	0.0007154334474998685
3457	3571	8.084963333593022e-05
3457	3604	0.0001444118909737545
3457	3643	0.0010613897037552314
3457	3650	0.0001422806087489097
3457	3673	0.000522588510441257
377	3604	0.0002404719100298964
377	3643	0.0012594133209626562
377	3650	0.0002280994750019881
1670	3604	0.00038985044945744426
1670	3671	0.001732349828806238
858	3556	0.0009302885078986473
858	3565	0.0028161612041274877
858	3571	0.00043843142410302427
858	3600	0.0005428384613323043
858	3604	0.0007315788253252289
858	3643	0.0007411799072780574
858	3650	0.000864232142633476
858	3673	0.00032353501553978903
509	3575	0.001460962293698117
509	3600	0.00043643405647153413
509	3650	0.0009363962919878559
509	3671	0.0013661200743650772
509	3673	6.420970949730429e-05
3303	3556	0.000662128177520526
3303	3604	0.00046987784168500484
3303	3650	0.0005856050276447776
3303	3671	0.002043671875520778
1206	3556	0.0012650684191220767
1206	3571	0.00015621140175193588
1206	3604	0.0002611923585668888
1206	3650	0.00025903219678564867
290	3571	4.9297198672596236e-05
290	3604	8.229554240455206e-05
290	3673	0.0011632083829406783
268	3604	7.760789341180065e-05
268	3650	5.927739959352912e-05
268	3673	0.0011601666469037164
1718	3604	0.0008306157982987404
278	3571	0.0002423754019098646
278	3600	0.000419357535558824
278	3604	0.0003900962863214643
278	3650	0.00048660185625627755
278	3671	0.0022715728564926146
278	3673	0.00015508400343666412
3021	3571	3.852290833012037e-05
3021	3604	6.882779066883898e-05
3021	3650	4.967700436360102e-05
3021	3673	0.0011449161912465758
38	3564	0.001742184403445588
38	3604	0.0006857932203251641
38	3650	0.0008744302062078626
38	3671	0.0015786258120515807
38	3673	0.00012343297298369958
42	3571	6.639432421292773e-05
42	3600	0.0005127995683322735
42	3650	0.0001067229620241912
42	3673	0.0008400395596228559
1176	3571	5.1072155676621796e-05
1176	3650	6.581298552936734e-05
1176	3673	0.001174002972731375
857	3571	0.00022435247317777247
857	3604	0.0003470309045476508
857	3671	0.0018066839750210887
857	3673	0.00016141033519150567
272	3565	0.002444205694756464
272	3571	0.0005857779929951366
272	3575	0.001990162351935455
272	3600	0.0006013383040193994
272	3604	0.0009652066973058572
272	3643	0.0006580144417563776
272	3650	0.0011730233624860542
272	3673	0.00024153032731484935
3531	3532	0.01009708128126324
3531	327	0.0008200733060216238
3531	366	0.0008089672022935077
3531	179	0.0005189391307615903
3531	325	0.0006982684283010635
3531	384	0.0032560407714369555
3531	1684	0.0005955744636814957
3531	350	0.0005516952520372775
3531	908	0.0009024621305728942
3531	3054	0.001783713489326541
3531	201	0.0005012677103516227
3531	882	0.0010283152055465933
3531	1844	0.000666036601744893
3531	691	0.0004725783837814927
3531	1248	0.0008966484636652317
3531	388	0.0005400794168198245
3531	43	0.0005769404771460528
3531	672	0.0013236267372600924
3531	759	0.00046951833029741603
3531	494	0.0013236267372600924
3531	717	0.0013236267372600924
3531	67	0.0006052964444334491
3531	3596	0.007799623185903326
3532	946	0.0013236267372600927
3532	1853	0.0009760478300606907
3532	258	0.0011729368401429967
3532	1830	0.0013236267372600927
3532	1063	0.0005521033663586609
3532	1426	0.0011729368401429967
3532	1573	0.0044507928301275946
3532	2057	0.0013236267372600927
3532	2465	0.0013236267372600927
3532	2971	0.0013236267372600927
3532	3036	0.0013236267372600927
3532	226	0.0013236267372600927
3532	284	0.001955866754715963
3532	603	0.0013236267372600927
3532	191	0.001935325076648496
3532	753	0.0013236267372600927
3532	810	0.0014721990125164397
3532	1124	0.0011729368401429967
3532	958	0.0013236267372600927
3532	1748	0.0013236267372600927
3532	3053	0.0011729368401429967
3532	1023	0.002198422738000902
3532	3396	0.003852721912344083
3532	3028	0.0013236267372600927
327	3542	0.0003808716870722994
327	3622	0.00037868723991176965
1853	3570	0.0012833067076028616
258	3538	0.0013143351014947603
1063	3681	0.000995791647617088
366	3549	0.00018213260838246745
366	3589	0.0004071789404236847
366	3639	0.00033299710426907577
366	3657	0.0004069610363665078
366	3676	0.0010527621219855367
366	3679	0.0006272268711561141
366	3692	0.0017336061699936023
366	3700	0.000786298891097437
179	3536	0.0006505664668972693
179	3549	0.00016857654281301603
179	3590	0.00030032176255153503
179	3595	0.0003262918974751221
179	3657	0.00030298797368455915
179	3664	0.00025319887133068376
179	3681	0.0005617387809661906
179	3684	0.00046759862675665277
1426	3538	0.0013143351014947603
1573	3635	0.003627191447870466
325	3662	0.0006566957610099469
384	3542	0.0020256430682185707
384	3556	0.004453990924723726
384	3562	0.0031429251602262498
384	3586	0.00166345082901968
384	3601	0.002618897808389499
384	3621	0.0026455003265238143
384	3622	0.001704478510716311
384	3631	0.0005306672772057248
384	3637	0.0016973942788229392
1684	3548	0.000701565016278502
1684	3639	0.00024697256620713004
1684	3676	0.0004146940395882914
350	3549	0.00025184030270044536
350	3594	0.0004950370962355997
350	3595	0.0003413085488858339
350	3601	0.00037115579033659003
908	3594	0.0005645340663459174
3054	3580	0.0019311492937411714
3054	3622	0.0012205804134983388
3054	3663	0.0021999170229270453
3054	3708	0.0021097774376746758
201	3542	0.0005941867472569528
201	3548	0.0005062801102872392
201	3580	0.0005916297900588595
201	3609	0.0005507481145304143
201	3662	0.0004540533924344311
882	3587	0.0003764792289945805
882	3656	0.00040369697344403577
1844	3548	0.0007265616585188459
691	3542	0.0003774170894182731
691	3548	0.000682202319904309
691	3622	0.00037885543230444543
691	3662	0.00042662725544268627
691	3707	0.00033287331224331684
284	3597	0.0015850248210441
191	3612	0.0015058385696629204
191	3651	0.0013463642672165753
1248	3545	0.0015187698021414727
1248	3548	0.0009451046733731551
1248	3549	0.00024152591547978993
1248	3601	0.0006667115513372064
1248	3682	0.0003830419234626358
1248	3684	0.00046979577210042045
388	3622	0.00032291439799442994
388	3639	0.00023158051495904264
388	3662	0.0005224258098559616
43	3662	0.0005548531295205399
43	3664	0.00028373270454811904
810	3569	0.0011031064159871362
1124	3538	0.0013143351014947603
759	3536	0.00043372153651850587
759	3537	0.00022940176175631705
759	3549	0.00020097932533764867
759	3619	0.00025679345931743685
759	3681	0.000421305894044644
3053	3538	0.00131433510149476
1023	3544	0.0010830618744188103
1023	3605	0.0012954233011409876
1023	3629	0.000454037688849321
1023	3640	0.00039338803073898465
1023	3660	0.0005039294292760838
1023	3694	0.0004026758554305061
3396	3579	0.0038896522858281038
67	3567	0.00033985792270036115
67	3590	0.00029298670487549783
67	3595	0.0003793077526473257
67	3649	0.00034577248158980346
3533	3534	0.004629566129633471
3533	1052	0.0013236267372600927
3533	7	0.0013236267372600927
3533	1922	0.0013236267372600927
3533	2420	0.0013236267372600927
3533	1931	0.001203532959252167
3533	1586	0.00036252136389631443
3533	2740	0.0013236267372600927
3533	3005	0.00043632732999405647
3533	1529	0.00037173683179651524
3533	3669	0.0014479588274434187
3534	1619	0.0013236267372600927
3534	2430	0.0013236267372600927
3534	1028	0.0011612315536112955
3534	29	0.0005553644626743306
3534	2490	0.0013236267372600927
3534	3141	0.0013236267372600927
3534	836	0.0014406175787204845
1028	3575	0.002059536126627784
29	3538	0.0015096615279973182
1931	3557	0.0003316216259422917
1586	3561	0.00028695046709218905
1586	3589	0.0003386968799684967
1586	3644	0.0002569182177399521
1586	3662	0.0005292570362317454
1586	3687	0.0003954182503207963
1586	3697	0.00025777876160556053
1586	3707	0.00033595326561144874
836	3538	0.0026266848324146223
836	3579	0.003119590207722675
3005	3537	0.0003170974097733846
3005	3548	0.0007598735469449005
3005	3561	0.0004024784113232342
3005	3589	0.00030897499663801837
3005	3644	0.0002669428459456147
3005	3662	0.0004900886653002146
3005	3679	0.0005443605816770132
3005	3697	0.0004284356236622778
3005	3707	0.0003619321128104761
1529	3567	0.00023168093436922672
1529	3589	0.0004926889589414563
1529	3687	0.000317699148832811
1529	3697	0.0002265660463243739
3535	999	0.0008302677442588412
3535	1584	0.0013236267372600927
3535	3276	0.0008785571188780471
3535	2978	0.0013236267372600927
3535	562	0.000705137458547181
3535	75	0.0007538697437557976
3535	3504	0.0013236267372600927
999	3591	0.001032888285629745
999	3612	0.0010048162782702434
3276	3547	0.00045863302832529216
3276	3570	0.0009993028484240752
3276	3580	0.0005689889010737265
3276	3594	0.0006141726019392955
3276	3611	0.001318063483217934
562	3658	0.0006051488968667149
562	3676	0.0007290150447144575
75	3565	0.002158698960697486
75	3669	0.0011181962435983122
75	3678	0.001469488788556759
75	3698	0.000713362225818147
75	3701	0.0009807185380227195
75	3707	0.0010512533448736215
75	3708	0.002363143645605123
75	3709	0.002254999407244884
3536	1186	0.0008608280646016952
3536	123	0.000906489097484022
3536	3206	0.0007218329644690645
3536	3408	0.0009627716849706826
3536	1894	0.0013236267372600927
3536	1359	0.0005741200254446554
3536	1380	0.0013236267372600927
3536	3579	0.010155603874223046
3536	3596	0.003078271941047341
1186	3574	0.0006681921722149418
123	3539	0.0018390859349331707
123	3558	0.0011006750108637218
123	3580	0.0008649337303331833
123	3581	0.0011829914911877445
123	3606	0.0012499996441482108
123	3611	0.0016266896706596148
123	3622	0.001669782693643861
3206	3699	0.0008058812754524566
3408	3596	0.0003608550522894077
1359	3619	0.0006332350596101522
1359	3649	0.0004247206624588683
3537	3538	0.005708178743281186
3537	1315	0.0006605500523503631
3537	569	0.0003691639414403519
3538	396	0.0023414861146334107
3538	1029	0.0013236267372600924
3538	3175	0.0013236267372600924
3538	2402	0.0013236267372600924
3538	1168	0.0013236267372600924
3538	2114	0.0013236267372600924
3538	1390	0.0013236267372600924
3538	988	0.0013236267372600924
3538	892	0.0013236267372600924
3538	3411	0.0011892211789900269
3538	3235	0.0013236267372600924
3538	574	0.0013236267372600924
3538	1822	0.0013236267372600924
3538	206	0.0020818306007761105
3538	804	0.0013236267372600924
3538	622	0.0013236267372600924
3538	2266	0.0013236267372600924
3538	1135	0.0013236267372600924
3538	1814	0.0013236267372600924
3538	639	0.0013236267372600924
3538	1880	0.005761334996871002
3538	3307	0.0013236267372600924
3538	473	0.0009143816313708678
3538	3358	0.001960363172186558
3538	365	0.0016379774467778462
3538	1723	0.0017492448520096588
3538	1773	0.0013236267372600924
3538	2117	0.0009143816313708678
3538	2068	0.0013236267372600924
3538	425	0.0013236267372600924
3538	1766	0.0013236267372600924
3538	887	0.0013236267372600924
3538	2134	0.001987256183638811
3538	1159	0.0013236267372600924
3538	820	0.004061755442953294
3538	655	0.0011131967594945392
3538	3353	0.0017492448520096593
3538	187	0.0013236267372600924
3538	533	0.0013236267372600924
3538	712	0.0013236267372600924
3538	2051	0.0013236267372600924
3538	57	0.0013236267372600924
3538	3197	0.0013236267372600924
3538	3244	0.002145879364987532
3538	1351	0.0013236267372600924
3538	312	0.0013236267372600924
3538	700	0.0013236267372600924
3538	3264	0.0013236267372600924
3538	1632	0.0013236267372600924
3538	2965	0.0013236267372600924
3538	480	0.0013236267372600924
3538	1506	0.0014311813143371597
3538	1846	0.0017909094249502786
3538	1119	0.0013236267372600924
3538	2609	0.0013236267372600924
3538	2308	0.00111319675949454
3538	3165	0.002137285262842169
3538	821	0.001637977446777846
3538	326	0.0013236267372600924
3538	1022	0.0013236267372600924
3538	2389	0.0017909094249502781
3538	866	0.0013236267372600924
3538	2755	0.0013236267372600924
3538	1842	0.0013236267372600924
3538	1012	0.0013236267372600924
3538	3088	0.0013236267372600924
3538	3548	0.011071849381372173
3538	3595	0.006847545756705587
3538	3601	0.006218795310148998
3538	3649	0.003109419372531366
3538	3657	0.005308435832459079
3538	3681	0.008934393940273063
3538	3682	0.0043920447871046596
3538	3692	0.01057708887036569
396	3579	0.0022097975676132376
1315	3678	0.0006460197948750259
1315	3699	0.0006679124617534737
3411	3588	0.0012606155522583325
569	3541	0.00024859017494415414
569	3580	0.0004958954059720932
569	3619	0.0003763814502262691
206	3585	0.00210863012952514
1880	3558	0.0014843728323935294
1880	3585	0.001999715296141993
1880	3592	0.003543633621924043
473	3568	0.0009821751394955892
3358	3539	0.0011365134800419426
365	3597	0.0010203694595483511
1723	3663	0.0007926491537486773
2117	3568	0.0009821751394955892
2134	3688	0.001047877082702011
820	3579	0.003192619628598056
820	3597	0.001705792433621945
820	3633	0.002182535271018881
655	3609	0.0007500240797913369
3353	3663	0.0007926491537486773
3244	3633	0.001617047747713616
1506	3641	0.0013029872127200497
1506	3656	0.0005016988709632778
1846	3680	0.0007767908700403125
2308	3609	0.0007500240797913369
3165	3554	0.0022994855950697396
821	3597	0.0010203694595483511
2389	3680	0.0007767908700403128
330	3539	0.000686488765034829
330	3548	0.001993646254169443
330	3611	0.0006346283438882613
3539	1790	0.00015220111732248105
3539	3143	0.0013236267372600927
3539	1489	0.0013236267372600927
3539	282	0.0004275596391315756
3539	708	0.0014350950000808294
3539	103	0.0013236267372600927
3539	1551	0.0013236267372600927
3539	79	0.0011034555724848192
3539	339	0.0001542570323063731
3539	95	0.0008177149564300356
3539	1399	0.0005529632079370443
3539	107	0.0013236267372600927
3539	3313	0.0013236267372600927
3539	731	0.001223917867466969
3539	955	0.0013236267372600927
3539	3020	0.0023940656076232693
3539	889	0.0013236267372600927
3539	3579	0.004802233187811203
1790	3579	0.0012282106290342051
1790	3611	0.0002731037053826086
282	3594	0.0012956271336128841
282	3611	0.0003164388910964125
708	3548	0.0016947605978667353
708	3611	0.0012189436810415642
708	3636	0.0017030379010564798
708	3692	0.001290254316574588
79	3547	0.0005815063635745426
79	3595	0.0007662439823159284
79	3601	0.0008277217099258238
79	3692	0.0009436291281381382
339	3579	0.0011693697049537197
95	3594	0.0007550928870240472
95	3595	0.0011246821528069534
95	3611	0.0007693496624741261
95	3692	0.0010942488943832302
1399	3649	0.001188649664883765
731	3558	0.0010734260353118636
731	3569	0.00076910966408483
731	3606	0.0006517562278553663
3020	3586	0.001217313203802893
3020	3622	0.000999996007781123
3020	3678	0.0009537021329956166
3020	3677	0.0010731222418742285
3540	3218	0.0013236267372600927
3540	925	0.0013236267372600927
3540	3540	0.0
3540	3661	0.0009233116447932503
940	3541	0.0013236267372600927
3541	3065	0.0004629058457189088
3541	1148	0.00045617008198265205
3541	48	0.0003240568942858701
3541	299	0.00021629409836550708
3065	3679	0.00046881967978022754
3065	3682	0.00048776008300252305
1148	3639	0.0005389534399320062
1148	3649	0.0004221496163565753
48	3549	0.0002251023088846813
48	3601	0.0007176320319163859
48	3619	0.00037648943059692913
48	3622	0.0010779213782895378
48	3644	0.0004762217383176246
48	3649	0.0007579608196550577
48	3664	0.00037371002457054934
48	3676	0.001198876269775076
48	3692	0.002058601371252994
48	3700	0.0009609945312856037
299	3549	0.00019721721412015657
299	3649	0.00036780608851729016
299	3657	0.00026043218021186735
299	3662	0.0007270515259059182
299	3681	0.0004979170340981588
299	3682	0.0002832689649611646
299	3692	0.0010862869071109583
3542	3543	0.0033948337053624693
3542	239	0.0013236267372600924
3542	3151	0.0013236267372600924
3542	3011	0.0013236267372600924
3542	2474	0.0013236267372600924
3542	455	0.0013236267372600924
3542	1113	0.0013236267372600924
3542	730	0.0003850751297524394
3542	45	0.0013236267372600924
3542	651	0.000787312065830889
3542	961	0.0013236267372600924
3542	136	0.0013236267372600924
3542	1642	0.0013236267372600924
3542	617	0.0004708960343709638
3542	3072	0.0013236267372600924
3543	447	0.00036815984572247427
3543	922	0.0013236267372600924
730	3622	0.00039998900363364943
730	3662	0.000792951860653439
651	3622	0.0006205073513190938
447	3629	0.0009753088336222573
617	3548	0.0010274345325765424
3544	3545	0.003359395067503998
3544	203	0.0013236267372600927
3544	2349	0.0006002229658710848
3544	2237	0.0007220989625515489
3544	175	0.0013236267372600927
3544	444	0.00038602339451753863
3544	1334	0.0013236267372600927
3544	2479	0.0013236267372600927
3544	2624	0.0013236267372600927
3544	2019	0.00045016062084182116
3544	2578	0.0013236267372600927
3544	3661	0.005179235017589623
3545	1808	0.0013236267372600927
3545	444	5.521614754064451e-05
3545	1535	0.00014069653380388033
3545	2763	0.0013236267372600927
3545	1030	0.0013703948785988144
3545	2237	7.024267690638726e-05
3545	3191	0.0013236267372600927
3545	3212	0.0006018240955913162
3545	3605	0.002030383445838448
2349	3605	0.000448422709088271
2349	3620	0.0004320730257623796
2237	3660	0.0005626226930784429
444	3605	0.00035595084807769526
444	3617	0.00034305776277835265
444	3660	0.00027368624967317594
444	3694	0.00028614484478456186
1535	3617	0.0012015776396012653
1030	3552	0.00021121879166396073
2019	3617	0.00039109418049268783
2019	3620	0.0002806743093567457
2019	3694	0.00030039723080295465
3212	3699	0.0014600829309881394
3546	3100	0.0008837143792340021
3546	1578	0.0006167633812100375
3546	3016	0.0013055196200492845
3546	2508	0.0013236267372600927
3546	2158	0.0013236267372600927
3546	1910	0.0006576636880213261
3546	294	0.000745457295610885
3546	950	0.0013236267372600927
3546	1140	0.0010882570393564018
3546	957	0.0013236267372600927
3546	3569	0.0033475975176745186
3546	3678	0.0011396966803583744
3100	3676	0.0008587475463414143
1578	3588	0.0005648560189028186
1578	3613	0.0004264062786846314
1578	3672	0.000505447204234415
3016	3690	0.0008701068442260739
1910	3597	0.0012030502694244968
1910	3619	0.0012661950073889201
294	3677	0.0007002121415302588
1140	3693	0.0004485264300022641
3547	309	0.0003919562017358944
3547	1237	0.0008167294187180166
3547	1783	0.00031665343116880494
3547	211	0.0004617243554577996
3547	3402	0.0013726892813186076
3547	1694	0.0013236267372600924
3547	2932	0.0006435626509724619
3547	392	0.0004542757905525309
3547	391	0.0006281206332497722
3547	3150	0.000444565631156476
3547	1153	0.0004111326495281208
3547	1781	0.0013236267372600924
3547	3084	0.00044255328186146585
3547	2082	0.0013236267372600924
3547	2	0.001145175528859822
3547	3579	0.009285910291372141
309	3549	0.00038884903025792467
309	3590	0.0004503590841261504
309	3692	0.0007207163032927264
1237	3601	0.0006765633872713667
1783	3570	0.0007946507286179723
1783	3594	0.0004425783634230333
1783	3692	0.000771878554957868
211	3594	0.00048533849931580266
211	3622	0.0004231866203709053
211	3644	0.0003485558597278411
211	3662	0.0006460872583803297
3402	3597	0.0007253720209660158
3402	3693	0.00022732996876258073
2932	3570	0.0007821331611731244
392	3580	0.0005903206545759131
392	3581	0.00078206965393706
392	3594	0.0005658844250649029
392	3606	0.0009410531758131786
392	3611	0.001169185921383108
392	3692	0.0011219391838898096
391	3594	0.0007252777287996437
3150	3581	0.0005301667159494229
3150	3619	0.0006384223193968976
1153	3580	0.00045890678019546826
1153	3594	0.0004933862963388794
1153	3622	0.0004973416563428761
3084	3558	0.0006531712924545168
3084	3594	0.0005400440813834328
3084	3622	0.0005128193808759793
2	3670	0.0006121576776700862
2	3672	0.00047365136223461254
3548	2972	0.0013236267372600927
3548	3041	0.003011341339727386
3548	492	0.0013236267372600927
3548	446	0.0013236267372600927
3548	1798	0.0013236267372600927
3548	2558	0.0013236267372600927
3548	1447	0.0009594980853744329
3548	3450	0.0009566926306783136
3548	1325	0.0006174635325837396
3548	648	0.0013236267372600927
3548	1637	0.0010631680950445716
3548	1743	0.0013236267372600927
3041	3579	0.002496875071516315
1447	3674	0.00043787124480904396
3450	3664	0.00041048421966729414
1325	3681	0.0005939982161849298
1325	3692	0.0007258804398794017
1637	3700	0.00044640199528215343
3549	686	0.00030266010423863563
686	3594	0.00048387183456937956
686	3664	0.00036062321614682843
686	3684	0.0005847271211728625
686	3692	0.0008617513934422113
462	3550	0.0006561617815047804
462	3703	0.0006674649557553126
3550	3293	0.0006561617815047804
3550	249	0.00022599699185052829
3550	463	0.0006561617815047804
3550	3292	0.0006561617815047804
3550	667	0.0007065785047836732
3550	1079	0.0006561617815047804
3550	3287	0.0006561617815047804
3550	2989	0.0004698932261871481
3550	3286	0.0006561617815047804
3550	1112	0.0006561617815047804
3550	3703	0.0018399456095564762
3293	3703	0.0006674649557553126
249	3564	0.0011566023545393044
249	3703	0.00033723670464927424
463	3703	0.0006674649557553126
3292	3703	0.0006674649557553126
667	3704	7.375454043409247e-05
667	3703	0.0006558835228724808
1079	3703	0.0006674649557553126
3287	3703	0.0006674649557553126
2989	3643	0.0009330430352208999
2989	3704	0.0002567452740825994
2989	3703	0.000420779604264354
3286	3703	0.0006674649557553126
1112	3703	0.0006674649557553126
3551	3552	0.00036173642866019423
3551	2656	0.0013236267372600927
3551	3375	0.0013236267372600927
3551	3628	0.00015352156254285921
3551	3685	0.0003498777952500828
3551	3690	0.0041131752308456795
3552	2602	0.0005748275677413591
3552	3284	0.00016767114925393995
3552	3376	0.000631600531511762
3552	1522	0.000932335238509246
3552	2695	0.0002052843085707234
3552	610	0.001172000350889588
3552	3686	0.0008802909563565814
2602	3617	0.0017627465886141302
3284	3690	0.0013373325794111353
3376	3617	0.004095523922035458
3376	3628	0.0005013402108934849
3376	3685	0.001957646826414147
1522	3605	0.003177606081413622
1522	3654	0.002748817801880045
1522	3690	0.0011611452256127077
2695	3685	0.0003216406045827889
2695	3690	0.001594312045590293
610	3625	0.00047973379604114385
610	3648	0.001437737604827605
3553	481	0.0013236267372600927
3553	3635	0.006636480647541855
3554	3555	0.001097479933752757
3554	1967	0.00038666205644043297
3554	1020	0.0005958230161692957
3554	335	0.0006750603264656257
3554	121	0.0013236267372600927
3554	371	0.0006911710090085276
3554	1358	0.0005958230161692956
3554	2432	0.0013236267372600927
3554	1270	0.0007778740937796302
3554	2439	0.0003866620564404329
3554	2807	0.0005958230161692957
3554	1100	0.0008043167901173738
3554	903	0.0003866620564404329
3554	1259	0.0006469013898824159
3554	891	0.00041505258038876874
3555	2489	0.0005689057890826754
3555	1358	0.0007278037210907966
3555	2190	0.0013236267372600927
3555	3453	0.0013236267372600927
3555	903	0.0003859576881480608
3555	1020	0.0007278037210907966
3555	638	0.0013236267372600927
3555	1847	0.0006633172319013975
3555	2439	0.0003859576881480608
3555	1871	0.0005689057890826754
3555	764	0.0005666701394179512
3555	3382	0.0008157611577350777
3555	495	0.0013236267372600927
3555	891	0.0005524535844983616
3555	70	0.0005626665200275878
3555	2098	0.0013236267372600927
3555	177	0.0006014869789696308
3555	1967	0.0003859576881480608
3555	1123	0.0008144964329512218
3555	2268	0.0013236267372600927
3555	595	0.00085851674413325
3555	1053	0.0009165093784290616
3555	2807	0.0007278037210907966
3555	3565	0.004499639994753798
2489	3565	0.0007547209481774212
1967	3565	0.0005731250468638407
903	3565	0.0005731250468638405
1847	3671	0.0008575285175594036
2439	3565	0.0005731250468638405
335	3556	0.0006529948976658842
335	3565	0.0009031393544918906
335	3667	0.0006633660943406796
335	3703	0.000810738659785065
1871	3565	0.0007547209481774212
764	3565	0.0005933142196626342
764	3643	0.0003557701251832515
764	3668	0.00023010709135070525
371	3565	0.0009499228149566504
371	3642	0.0010195891529623817
371	3647	0.0011754735123209199
3382	3667	0.0007268451434784881
3382	3703	0.0005307130629088077
891	3667	0.0004563107331893736
70	3592	0.0003420686525557211
70	3636	0.0005281874705514559
70	3671	0.0007247180924800382
177	3591	0.0004941635827825501
177	3671	0.0007051045039640065
1270	3591	0.0008606182353611653
1270	3636	0.0009964097954525684
1270	3643	0.0008735973681434062
1270	3667	0.0009924521143899615
1270	3671	0.0012798321218297493
1270	3675	0.0015291822242652533
1270	3703	0.0018351669763970067
1123	3556	0.0006108521644977682
1123	3667	0.0007826846015564719
1123	3671	0.0011572763048784812
1123	3703	0.0008085075841997926
1100	3564	0.0007897068082103272
1100	3600	0.0005087103308709319
595	3592	0.0004968199099958655
595	3591	0.000720900306661163
595	3643	0.000529308967160824
595	3703	0.000728418402311318
1053	3623	0.0005302966133058609
1259	3671	0.0008431071522381183
1327	3556	0.0013236267372600927
3556	3122	0.0013236267372600927
3556	713	0.0013236267372600927
3556	3201	0.0008848337554850468
3556	167	0.0013236267372600927
3556	576	0.0013236267372600927
3556	1677	0.0013236267372600927
3556	2173	0.0013236267372600927
3556	409	0.0004048887694245946
3556	553	0.0013214894691261016
3201	3571	9.471453062893691e-05
3201	3604	0.00017760252513930697
3201	3673	0.0006640553040956657
409	3564	0.0011549792484318454
409	3600	0.0003166372536517747
553	3704	0.0003106770173691386
3557	3558	0.004056983830123234
3557	2112	0.0013236267372600927
3557	1187	0.0013236267372600927
3557	470	0.0013236267372600927
3557	1638	0.0003520213445654448
3557	160	0.0013236267372600927
3557	254	0.0015693012341849231
3557	2198	0.0013236267372600927
3557	3642	0.0030743309416782897
3558	2503	0.0010084591897439967
3558	1360	0.0008016766498300464
3558	2024	0.0005544592147832761
3558	2570	0.0006337379891466098
3558	2980	0.0013236267372600927
2503	3570	0.0022004450331176637
2503	3579	0.0025932999714313324
1360	3585	0.0010391823075679072
1360	3642	0.0009012455103298234
2024	3560	0.00042167395335376937
2024	3581	0.0006982823769591244
2024	3645	0.0005100540548390589
1638	3706	0.0006881543756658652
1638	3705	0.000610799624788567
254	3561	0.0018195085843969146
254	3560	0.0010066246097183633
254	3579	0.0034038777947805643
2570	3561	0.0003849503592793958
2570	3687	0.0004740226293930544
2605	3559	0.0013236267372600927
3559	513	0.0004006287733918213
3559	749	0.0004006287733918213
3559	796	0.0004508597827995387
3559	1379	0.0005934099196071071
513	3598	0.0007140224785978995
513	3608	0.000423072310163841
513	3654	0.000887586769734534
749	3598	0.0007140224785978995
749	3608	0.000423072310163841
749	3654	0.000887586769734534
796	3598	0.0011162725286261819
796	3608	0.00024341454187029891
1379	3608	0.00027202102632653926
1379	3654	0.0011113108151642455
3560	3561	0.0008136185744610065
3560	2343	0.0013236267372600927
3560	159	0.0004977890683132814
3560	1625	0.0003416576051951802
3561	3404	0.0004888168237695574
3561	1108	0.0006458160645754421
3561	1346	0.0012053578384794718
3561	508	0.0007807320769471311
3561	3004	0.0013236267372600927
3561	1625	0.0002955381012871214
3561	3688	0.002826056123127594
3404	3687	0.0004999801663144519
3404	3697	0.0004002633247717134
159	3602	0.0006162764204840035
159	3678	0.000655239632589978
1108	3637	0.00041224071970996743
1108	3638	0.0001694916483771389
1108	3642	0.0006423463232905082
1625	3687	0.00037918001574574895
1625	3695	0.0002390605976944988
1625	3701	0.0002883146807303152
1346	3584	0.00045091414491444266
508	3562	0.0016670598487347013
508	3584	0.001126609963003651
508	3642	0.0012429967996901976
508	3651	0.0008748505417291578
508	3652	0.0006856965222955644
508	3687	0.0009110765326373762
508	3695	0.00047425596541742914
508	3697	0.0006468540653777013
508	3705	0.0005132783572616345
3562	2286	0.0013236267372600924
3562	1348	0.0013236267372600924
3562	1872	0.0013236267372600924
3562	1454	0.0013236267372600924
3562	1940	0.0013236267372600924
3562	583	0.0004260496283382575
583	3642	0.0012857369398919705
3563	2523	0.0013236267372600927
3563	2188	0.00045377061739289434
2188	3577	0.0005643690554128297
2188	3616	0.0004341409913140234
3564	554	0.0013236267372600929
3564	893	0.0012278173982606703
3564	872	0.0011358192368579633
3564	766	0.0012278173982606703
3564	2470	0.0013236267372600929
3564	2537	0.0012278173982606703
3564	612	0.0006578695151584585
3564	241	0.0013236267372600929
3564	661	0.00037131486170239317
3564	1840	0.0013236267372600929
893	3703	0.0003863246912053273
872	3571	0.0006981852488654369
872	3591	0.0013595052649069785
872	3604	0.001142913681519823
872	3671	0.0010400255022749634
872	3673	0.0003345090630216213
766	3703	0.0003863246912053273
2537	3703	0.0003863246912053273
612	3607	0.0007338705809794559
661	3575	0.000403697075678773
661	3592	0.000323429241766633
661	3668	0.00013133182724969558
661	3671	0.0004958295645355213
3565	2192	0.0005239440303127327
3565	3074	0.0007966459827788914
3565	1482	0.0013236267372600927
3565	436	0.0013236267372600927
3565	1180	0.0013236267372600927
3565	2070	0.0013236267372600927
3565	1953	0.0013236267372600927
3565	169	0.0020809219425580575
3565	2912	0.0013236267372600927
2192	3570	0.0008890808786067796
2192	3671	0.0008300398081903416
3074	3667	0.0006499973912242545
169	3604	0.000580115296150265
169	3643	0.0004976717432447289
169	3650	0.0006901587124885698
169	3673	0.00027455503007354636
3566	3567	0.00022575603947877948
3566	435	0.00030720130704617316
3566	269	0.00028887072297147445
3566	741	0.0013236267372600927
3567	2246	0.0013236267372600927
435	3570	0.0005830946355907332
435	3588	0.0003316977745429867
435	3636	0.0004595108512048086
269	3570	0.0005346672161439235
269	3588	0.0003157608780037418
269	3591	0.0005707413559343617
269	3698	0.00038881908960623936
3568	782	0.0013236267372600927
3568	16	0.0006074084488230469
3568	193	0.0013236267372600927
3568	192	0.0006623089341927684
3568	819	0.0013236267372600927
16	3707	0.0007942880493567229
192	3642	0.0009347487821543744
192	3693	0.0010640672539327391
192	3696	0.0007762413973881148
3569	1130	0.0006428618153728296
3569	1418	0.0013236267372600927
3569	349	0.0013236267372600927
3569	424	0.0013236267372600927
3569	3426	0.0013236267372600927
3569	1343	0.000726881090762893
3569	3633	0.006512123459113898
1130	3633	0.0006807649218872629
1343	3606	0.0007680618627012855
3570	2973	0.0013236267372600927
3570	104	0.0013236267372600927
3570	1083	0.0013236267372600927
3570	170	0.0013236267372600927
3570	3362	0.0008284147583287205
3570	3087	0.0013236267372600927
3570	2111	0.0013236267372600927
3570	1510	0.0010116216526059312
3570	3306	0.0013236267372600927
3362	3692	0.0009555841997733642
1510	3642	0.0005649991908107841
3571	985	0.00037175889071434546
3571	1933	0.0001785496841042197
3571	3455	8.95872014275881e-05
3571	909	5.492831985505865e-05
3571	3208	8.184963907718329e-05
3571	3285	0.0013236267372600927
3571	2291	0.0013236267372600927
3571	704	4.1098670851518025e-05
3571	151	0.00038750936075243104
3571	2677	0.0013236267372600927
3571	3604	0.0001648632656506991
3571	3650	8.047458821485195e-05
3571	3673	0.0004949769768834961
985	3575	0.0021898098553962235
985	3604	0.0008812700675952359
985	3650	0.0008027268556421516
985	3673	0.00038538938900452204
985	3703	0.0016365833742608652
1933	3643	0.001203335294868325
1933	3650	0.0002711902412384568
3455	3673	0.0012340395358325076
909	3604	9.615530080948731e-05
909	3673	0.0011725431165955514
3208	3604	0.0001499291411755533
3208	3643	0.0009933692877248403
3208	3650	0.00014679900608641694
3208	3673	0.0005224456475668444
704	3604	7.646515360224828e-05
704	3650	5.615989937858278e-05
704	3673	0.0011499030134277423
151	3600	0.0005046151518495362
151	3650	0.0008261787831725743
151	3671	0.0018976844541922706
151	3673	0.00043646250595683197
151	3703	0.0013973445624646348
2800	3572	0.0013236267372600927
3572	2455	1.6213519605635312e-05
3572	1386	0.0038690732278499717
3572	3090	1.6213519605635312e-05
3572	3046	1.6213519605635315e-05
3572	2182	1.6213519605635315e-05
3572	3347	0.0013236267372600927
3572	184	1.6213519605635315e-05
3572	3468	1.2999414945621842e-05
3572	3626	5.8289071518538945e-05
2455	3625	3.0188533184692093e-05
2455	3648	0.0012943847265459733
1386	3625	0.0012329652624620529
1386	3647	0.006353695688285867
3090	3625	3.0188533184692093e-05
3090	3648	0.0012943847265459731
3046	3625	3.0188533184692086e-05
3046	3648	0.0012943847265459731
2182	3625	3.0188533184692086e-05
2182	3648	0.0012943847265459731
184	3625	3.0188533184692086e-05
184	3648	0.0012943847265459731
3468	3625	2.6974428524678608e-05
3468	3626	9.64231398004041e-06
3468	3648	0.0012911706218859586
3573	534	0.0013236267372600924
3573	975	0.0013236267372600924
3573	3008	0.0013236267372600924
3573	814	0.016469587864043417
3573	3007	0.0013236267372600924
814	3585	0.0063451571486620685
814	3602	0.007775913089238368
814	3627	0.00468562942550445
3574	3112	0.0013236267372600929
3575	1149	0.0010378772239959932
3575	1474	0.0013236267372600927
3575	1744	0.0008448959724197747
3575	471	0.0005447110549128816
3575	1697	0.0013236267372600927
3575	1308	0.002224686637439453
3575	678	0.0013236267372600927
3575	3673	0.019703905694446824
1149	3668	0.00029788466509916156
1744	3577	0.0005635774694857738
471	3577	0.0004521731731728117
471	3671	0.0006289831284635685
1308	3708	0.0012472909028860572
3576	3577	0.0026455003265238143
3576	1485	0.0013236267372600927
3577	831	0.0013236267372600927
3577	2143	0.0006275561558190406
3577	794	0.0013236267372600927
3577	383	0.0009412140660273123
3577	2966	0.0006275561558190406
2143	3671	0.0008555533385139213
383	3658	0.0004459442298255903
2966	3671	0.0008555533385139213
3579	3580	0.014961894811271371
3579	3000	0.0013236267372600927
3579	3505	0.0013236267372600927
3579	1564	0.0021204741472726782
3579	2809	0.0013236267372600927
3579	149	0.0015468609781239516
3579	1326	0.0014795323391180739
3579	1436	0.0013236267372600927
3579	3508	0.0010830589311653397
3579	1928	0.0013236267372600927
3579	1236	0.001479532339118074
3579	1942	0.0013236267372600927
3579	732	0.0013236267372600927
3579	262	0.0013236267372600927
3579	602	0.0013236267372600927
3579	537	0.001439157349375805
3579	1890	0.0013236267372600927
3579	3483	0.0013236267372600927
3579	417	0.0013236267372600927
3579	3322	0.0013236267372600927
3579	1558	0.0013236267372600927
3579	303	0.0013236267372600927
3579	3019	0.0021174490081530706
3579	1280	0.0013236267372600927
3579	2987	0.0013236267372600927
3579	2703	0.0013236267372600927
3579	1693	0.0013236267372600927
3579	709	0.0013236267372600927
3579	2382	0.0013236267372600927
3579	60	0.0013236267372600927
3579	2544	0.0013236267372600927
3579	1010	0.0013236267372600927
3579	340	0.0020115327249509278
3579	1599	0.0013236267372600927
3579	1538	0.0013236267372600927
3579	2608	0.0013236267372600927
3579	1948	0.0013167728259462774
3579	720	0.0013236267372600927
3579	1767	0.0013236267372600927
3579	1861	0.0021882449039790407
3579	677	0.0013236267372600927
3579	1968	0.0013236267372600927
3579	2302	0.0013236267372600927
3579	2046	0.0013236267372600927
3579	3371	0.0013236267372600927
3579	653	0.0013236267372600927
3579	1009	0.0013236267372600927
3579	2032	0.0021172951087383035
3579	1125	0.0016047397858524534
3579	1429	0.0013236267372600927
3579	295	0.0003929482166750442
3579	1960	0.0013236267372600927
3579	2154	0.0013236267372600927
3579	1609	0.0013236267372600927
3579	3305	0.002279498959213356
3579	431	0.0013236267372600927
3579	238	0.0013236267372600927
3579	1985	0.0013236267372600927
3579	3248	0.0013236267372600927
3579	3416	0.0013236267372600927
3579	696	0.0010391949387371503
3579	1213	0.0014391573493758045
3579	1630	0.0013236267372600927
3579	3239	0.0013236267372600927
3579	1568	0.0013236267372600927
3579	2403	0.0013236267372600927
3579	1341	0.0013236267372600927
3579	2200	0.0013236267372600927
3579	1733	0.0013236267372600927
3579	768	0.0013236267372600927
3579	72	0.0013236267372600927
3579	620	0.0013236267372600927
3579	3	0.0013236267372600927
3579	2021	0.0013236267372600927
3579	415	0.0013236267372600927
3579	1828	0.0013236267372600927
3579	1490	0.0013236267372600927
3579	1042	0.0013236267372600927
3579	1239	0.0014391573493758025
3579	754	0.0031734850443821292
3579	1400	0.0013236267372600927
3579	78	0.0013236267372600927
3579	253	0.0013236267372600927
3579	2366	0.0013236267372600927
3579	8	0.0013236267372600927
3579	1036	0.0013236267372600927
3579	2361	0.0013236267372600927
3579	3240	0.0017566583876293229
3579	2628	0.0013236267372600927
3579	2665	0.0013236267372600927
3579	3459	0.0013236267372600927
3579	3414	0.0013236267372600927
3579	3449	0.002077536217347272
3579	3380	0.0013236267372600927
3579	208	0.0013236267372600927
3579	3581	0.01703373627889292
3579	3594	0.013126672073182235
3579	3692	0.016539350342157352
3580	1889	0.0013236267372600922
3580	215	0.0006620519335975968
1564	3596	0.0017740941380047705
1564	3597	0.001558705080827063
1564	3693	0.0005204285903762431
149	3633	0.0009697574136857676
149	3693	0.0004240041476600591
1326	3611	0.00045387434463597004
1326	3633	0.0011019660876916808
3508	3589	0.0015118655609811457
1236	3611	0.00045387434463597004
1236	3633	0.0011019660876916808
537	3633	0.0009256604921907223
3019	3597	0.0013187621152468498
3019	3680	0.0010905398467798324
340	3678	0.0023286857905814766
1948	3611	0.0002818611224719222
1861	3699	0.0024884270135788486
2032	3636	0.0021498896079207496
1125	3597	0.0009813227548702047
295	3692	0.0009306785205850487
3305	3611	0.000782045000414591
3305	3699	0.0030347577520286706
696	3593	0.0011808159256003641
1213	3633	0.0009256604921907226
215	3679	0.0004610219577407172
215	3707	0.00047811943259690865
1239	3633	0.0009256604921907226
754	3602	0.00336919706616892
3240	3680	0.0007760995458726003
3449	3596	0.0011665187603677374
3449	3680	0.0008829835374288651
3581	853	0.0013236267372600927
3581	3425	0.0013236267372600927
3581	2752	0.0013236267372600927
3581	3365	0.0019413012693297504
3581	3633	0.009637497384314606
3365	3585	0.001900294228598099
3582	2105	0.0013236267372600927
3582	1467	0.0003173673799292478
3582	3598	0.0027573395122808286
1467	3658	0.0010948863675346008
3583	3584	0.003965620767791165
3583	3443	0.0013236267372600927
3583	2642	0.0013236267372600927
3584	3369	0.0013236267372600927
3584	3442	0.0013236267372600927
3585	1003	0.0013236267372600927
3585	1941	0.0013236267372600927
3585	1303	0.0013236267372600927
3585	2099	0.00068760935454847
3585	1669	0.0010394642154192765
3585	2203	0.0013236267372600927
3585	744	0.0013236267372600927
3585	520	0.0013236267372600927
3585	2492	0.0013236267372600927
3585	3047	0.0013236267372600927
3585	1046	0.0013236267372600927
3585	2661	0.0013236267372600927
3585	3383	0.0012846757337122508
3585	2167	0.000618960540050978
3585	2509	0.0013236267372600927
3585	825	0.0011529144110108674
3585	1179	0.0005279489265959944
3585	418	0.0008160428056802776
3585	1347	0.0013236267372600927
3585	3637	0.0010233836208852513
3585	3676	0.0027212296962163844
2099	3676	0.0006360173827116228
1669	3613	0.0003622493182853155
1669	3688	0.0003777889051889494
1669	3701	0.0010049774121514718
3383	3688	0.000361418872670022
2167	3682	0.0008314407619740438
825	3613	0.0004039931593713024
1179	3617	0.000909259243202327
1179	3637	0.0002495530982214029
418	3637	0.0005075839315798147
3586	3587	0.001798578088368904
3586	381	0.000738310123086058
3586	1735	0.0013236267372600927
3586	727	0.0011633789179457258
3586	64	0.0013236267372600927
3586	1713	0.000738310123086058
3586	1714	0.000738310123086058
3586	3233	0.0004973423713599939
3586	3681	0.003140525405691019
3586	3698	0.0004636735966754659
3587	451	0.0013236267372600927
3587	28	0.0005047516830328912
3587	3051	0.0006188716320151703
3587	876	0.0006090828456388669
3587	443	0.0013236267372600927
381	3698	0.0005853166141740353
727	3597	0.002247184514867334
727	3601	0.0012351338144272511
727	3678	0.0012249720566302042
1713	3698	0.0005853166141740353
1714	3698	0.0005853166141740353
28	3644	0.0008716656856381474
3051	3700	0.0007868024371552649
3233	3678	0.0006190110878224318
3233	3677	0.0003239159775011218
876	3679	0.0008495303273592107
3588	2625	0.0013236267372600927
3588	472	0.0004836872630716831
472	3614	0.0008642514050232022
3589	811	0.0013236267372600927
3589	1797	0.001480673108213413
3589	3651	0.002947304924706272
3589	3699	0.0017875928180076989
1797	3597	0.0008867570581446388
3590	503	0.0013236267372600927
3590	146	0.0004697179108111898
3590	3195	0.0013236267372600927
3590	874	0.0013236267372600927
3590	128	0.0007282980722778487
3590	283	0.0007992041422478593
146	3657	0.0006089212140695164
146	3700	0.00043178244371137794
128	3601	0.0010895653288469868
128	3615	0.002831575794826784
128	3624	0.0010724189006368198
128	3682	0.0008070216713930168
128	3684	0.0008613863338844108
283	3612	0.0009706351273424302
283	3692	0.001259336530333898
3591	3592	0.0006763554423051875
3591	2957	0.0007597831239746888
3591	989	0.000594400586217619
3591	1812	0.0013236267372600927
3591	3067	0.003687526596859154
3591	2253	0.0013236267372600927
3591	1525	0.0013236267372600927
3591	1116	0.0007597831239746888
3591	687	0.0021962894786278454
3592	2957	0.0005638436132854039
3592	989	0.00036311889093720894
3592	1116	0.0005638436132854039
3592	2095	0.0013236267372600927
989	3595	0.001025114618917873
989	3677	0.0006028826788343038
3067	3633	0.003280667464788906
687	3600	0.0003774193599464718
687	3604	0.0006024029908429332
687	3650	0.0007211310304750335
3593	126	0.0005804475076049157
126	3699	0.0008101167585608102
3594	1031	0.0006116339579897849
3594	3452	0.0013236267372600927
3594	440	0.0013236267372600927
3594	386	0.0011615283187992528
3594	3137	0.0013236267372600927
3594	545	0.0013236267372600927
3594	983	0.0006116339579897847
3594	737	0.0006116339579897847
3594	1373	0.0013236267372600927
1031	3692	0.0008343968941915828
386	3611	0.0009395596764150429
386	3642	0.001212163307224676
386	3672	0.0007169483030623877
983	3692	0.0008343968941915826
737	3692	0.0008343968941915826
3595	3596	0.00517126918304988
3595	1978	0.0010576061110008875
3595	1433	0.0008613455566302065
3596	248	0.0013236267372600927
3596	2373	0.0013625829261258281
3596	2217	0.0013236267372600927
3596	1974	0.0013236267372600927
3596	3332	0.0013236267372600927
3596	2363	0.0007957070140067393
3596	521	0.0013236267372600927
3596	3126	0.0008313234496648365
3596	432	0.0013236267372600927
3596	1913	0.0013236267372600927
3596	145	0.0013236267372600927
3596	3193	0.0013236267372600927
3596	1460	0.0013236267372600927
3596	817	0.0013236267372600927
3596	3282	0.0013236267372600927
2373	3677	0.0015909161338386842
2363	3623	0.0014717241627005232
2363	3680	0.0007689046522579382
1978	3677	0.0006736741815190392
3126	3699	0.001502645278140996
1433	3639	0.0005061126984613227
3597	1532	0.0009143012619552402
3597	864	0.0008762831647761219
3597	943	0.0013236267372600927
3597	3277	0.0013236267372600927
3597	1531	0.0013236267372600927
3597	281	0.0013236267372600927
3597	3433	0.0013236267372600927
3597	721	0.0013236267372600927
3597	3130	0.0013236267372600927
3597	3297	0.0009367383747100039
3597	3357	0.000596299797551232
3597	1635	0.0013236267372600927
3597	91	0.0013236267372600927
3597	2279	0.001024130902140635
3597	1553	0.0013236267372600927
3597	772	0.0013236267372600927
3597	1203	0.00019372833902632394
3597	3314	0.0009367383747100039
3597	1484	0.0013236267372600927
3597	2964	0.0013236267372600927
3597	3495	0.0013236267372600927
3597	647	0.0013236267372600927
3597	1757	0.0013236267372600927
3597	3395	0.0008762831647761219
3597	3612	0.007599121161907528
3597	3692	0.012598985153635642
1532	3693	0.00048028233526909456
864	3633	0.0009611152141533446
3297	3611	0.0005526286920531171
3297	3693	0.0003858697493837714
3357	3624	0.00110284111685419
2279	3602	0.0018309614639150473
2279	3612	0.0007487036172388
1203	3692	0.0011298983982337698
3314	3611	0.000552628692053117
3314	3693	0.00038586974938377146
3395	3633	0.0009611152141533446
3598	2211	0.0013236267372600927
579	3599	0.0013236267372600927
3599	2744	0.0013236267372600927
3599	3599	0.0
3599	485	0.0013236267372600927
3600	787	0.0013236267372600927
3600	2002	0.0013236267372600927
3600	2076	0.0013236267372600927
3600	2979	0.0013236267372600927
3600	1254	0.000466816260160155
1254	3604	0.0001480637287673844
1254	3673	0.0008530313641348565
360	3601	0.0013236267372600927
3601	1487	0.0013236267372600927
3601	1589	0.0013236267372600927
3601	952	0.0013236267372600927
3601	368	0.0011345029468900905
368	3671	0.0013142416074471616
3602	2451	0.0005911626776802977
3602	2078	0.0013236267372600927
3602	194	0.0013236267372600927
3602	105	0.0013236267372600927
3602	2113	0.0013236267372600927
3602	3602	0.0
2451	3617	0.0008278489105959766
3603	3064	0.0013236267372600924
3603	125	0.0013236267372600924
3603	2700	0.0013236267372600924
3604	1169	0.0006935534817048057
3604	1001	0.0006935534817048057
3604	1969	0.0013236267372600927
3604	706	0.00011866249459039382
3604	1964	0.0013236267372600927
3604	277	0.00011866249459039382
3604	3246	0.00011866249459039382
3604	542	0.0013236267372600927
3604	510	0.00034911194405923507
3604	705	0.00011866249459039382
3604	3278	0.0013236267372600927
3604	3176	8.766515275741407e-05
3604	514	0.00011866249459039382
3604	701	0.00011866249459039382
3604	279	8.766515275741405e-05
3604	1355	0.0013236267372600927
3604	947	0.0013236267372600927
3604	587	0.0004122879960567309
3604	3650	0.0002989495327362009
3604	3673	0.0009188236734783531
1169	3650	0.0006300732555552872
1001	3650	0.0006300732555552872
706	3673	0.0012049642426696988
277	3673	0.0012049642426696988
3246	3673	0.0012049642426696988
510	3650	0.00044565446734392265
510	3671	0.0017829119825944046
510	3673	0.00015972373752681164
705	3673	0.0012049642426696988
3176	3650	6.797040768427443e-05
3176	3673	0.0011679911768184075
514	3673	0.0012049642426696988
701	3673	0.0012049642426696988
279	3650	6.797040768427443e-05
279	3673	0.0011679911768184075
587	3671	0.0015132533406432935
3605	3606	0.003986490545519366
3605	344	0.0005620622814804379
3605	1247	0.0013236267372600927
3605	3252	0.0013236267372600927
3605	1472	0.0013236267372600927
3605	3391	0.0013236267372600927
3605	3364	0.0013236267372600927
3605	2156	0.0013236267372600927
3605	3189	0.0013236267372600927
3605	1410	0.0013236267372600927
3605	568	0.0005620622814804375
3605	1290	0.0013236267372600927
3605	3605	0.0
3605	1283	0.0005620622814804375
3605	2590	0.0013236267372600927
3606	1084	0.0013236267372600927
344	3617	0.0008080639392113194
568	3617	0.000808063939211319
1283	3617	0.0008080639392113188
3607	404	0.0011431081434690525
3607	1189	0.0013236267372600927
3607	255	0.0008604002212164533
3607	1663	0.0013236267372600927
404	3612	0.0005604743443098657
255	3612	0.000799821029016058
255	3651	0.0007265397131997424
3609	3649	0.0021467120018729404
65	3610	0.003965620767791165
65	3700	0.005283988061062145
3610	2529	0.0013236267372600927
3610	293	0.0013236267372600927
3611	1729	0.0013236267372600927
3611	3413	0.0013236267372600927
3611	797	0.0013236267372600927
3611	2137	0.0013236267372600927
3611	2913	0.0013236267372600927
3612	3033	0.0007876528361818104
3612	3217	0.0012649238188871168
3612	1644	0.0013236267372600927
3612	264	0.0013236267372600927
3612	1228	0.0007874319665867188
3612	3192	0.0013236267372600927
3612	1970	0.0013236267372600927
3612	2151	0.0013236267372600927
3612	560	0.0013236267372600927
3612	307	0.0013236267372600927
3612	3205	0.0017818997051550697
3612	3133	0.0013236267372600927
3612	3216	0.0006940934844643014
3612	1749	0.0007948122844687707
3033	3664	0.0011462467667348105
3217	3633	0.0018442241545154733
3217	3641	0.0017742542477251128
1228	3667	0.0012946640574657555
3205	3680	0.0016083076227157121
3216	3657	0.0011467926445549476
1749	3677	0.0011578479519378053
3613	3614	0.004400388377875471
3613	1491	0.0013236267372600927
3613	2616	0.0013236267372600927
3613	1054	0.0013236267372600927
3613	2443	0.0013236267372600927
3613	1878	0.0013236267372600927
3613	1821	0.0013236267372600927
3613	3676	0.0021946103826046585
3613	3687	0.0026542528117136878
3615	635	0.0013236267372600927
3615	2701	0.0013236267372600927
3616	220	0.0013236267372600927
3616	1887	0.0009494759250793508
3616	1245	0.0013236267372600927
3616	2345	0.0013236267372600927
3616	376	0.0005994012191162445
1887	3627	0.0004873138838604231
376	3671	0.001040732134050346
3617	3617	0.0
3617	97	0.0010363246313603897
97	3642	0.0006466769426149432
2998	3618	0.0004504271030438736
2998	3661	0.0016157491790032034
3618	607	0.0013236267372600927
3618	423	0.0004504271030438736
3618	1198	0.0013236267372600927
3618	1232	0.005171810423181301
3618	1688	0.0013236267372600927
3618	2643	0.0015859003365743594
3618	3500	0.0013236267372600927
3618	1451	0.0013236267372600927
423	3661	0.001615749179003203
1232	3651	0.006395786541353786
2643	3661	0.0009168042810185604
2643	3690	0.0020225775766771013
3619	31	0.0013236267372600924
3620	3620	0.0
3620	1892	0.0005262126343178579
3620	1333	0.0021696249897804713
1892	3640	0.0002603684038885785
1892	3694	0.0005895483575817208
1333	3628	0.0007252536195084994
1333	3685	0.002951224886870524
1333	3690	0.0005048529781678602
1333	3694	0.002297721506297304
3621	1056	0.0013236267372600927
3622	2926	0.0013236267372600927
3622	231	0.0013236267372600927
3622	2521	0.0013236267372600927
3622	502	0.0013236267372600927
3622	3666	0.004443769424532562
3623	3624	0.0008536203294433885
3624	640	0.0013236267372600927
3625	3626	0.00025350554643873904
3626	183	0.0013236267372600927
3626	3156	0.0013236267372600927
3626	3350	0.0013236267372600927
3626	3361	0.0013236267372600927
3626	3089	0.0013236267372600927
3626	2925	0.0013236267372600927
3626	2181	0.0013236267372600927
3626	2936	0.0013236267372600927
3626	2940	0.0013236267372600927
3626	1385	0.0013236267372600927
3626	3648	0.014159194080199508
3627	535	0.0013236267372600927
3627	1957	0.0013236267372600927
3627	1903	0.0013236267372600927
3627	2048	0.0013236267372600927
3629	608	0.0013236267372600927
3629	3691	0.0008947985000370446
3630	680	0.0005729484304620437
3630	2079	0.0013236267372600924
680	3675	0.000780314078070447
3631	3632	0.0006294598321536738
3632	1858	0.001323626737260093
3633	296	0.0013236267372600924
3633	1679	0.0013236267372600924
3633	289	0.0013236267372600924
3633	1319	0.0013236267372600924
3633	954	0.0013236267372600924
3633	1374	0.0013236267372600924
3633	854	0.0013236267372600924
3633	2309	0.0013236267372600924
3633	966	0.0013236267372600924
3633	2517	0.0013236267372600924
3633	3124	0.0013236267372600924
3633	1595	0.0013236267372600924
3633	1226	0.0013236267372600924
3633	35	0.0013236267372600924
3633	2115	0.0013236267372600924
3633	1382	0.0013236267372600924
3633	110	0.0013236267372600924
3633	738	0.0013236267372600924
3633	2250	0.0013236267372600924
3633	1860	0.0013236267372600924
3633	898	0.0013236267372600924
3633	550	0.0009877496461245764
3633	2959	0.0013236267372600924
3633	2196	0.0013236267372600924
3633	1439	0.0013236267372600924
3633	3451	0.0013236267372600924
3633	1261	0.0013236267372600924
3633	1098	0.0013236267372600924
3633	171	0.0013236267372600924
3633	3298	0.0013236267372600924
3633	3692	0.019631721381240124
550	3693	0.0005168313500627977
3634	3635	0.011376712437710258
3634	1818	0.0013236267372600927
3635	2668	0.0013236267372600927
3635	2767	0.0013236267372600927
3635	3368	0.0013236267372600927
3635	2118	0.0013236267372600927
3635	1068	0.0013236267372600927
3635	3183	0.0013236267372600927
3635	2171	0.0013236267372600927
3635	2249	0.0013236267372600927
3635	1389	0.0013236267372600927
3635	2808	0.0013236267372600927
3635	1285	0.0013236267372600927
3635	559	0.0013236267372600927
3635	1463	0.0013236267372600927
3635	1514	0.0013236267372600927
3635	2922	0.0013236267372600927
3636	434	0.0007124554814114007
3636	3469	0.0006195197320999557
3636	631	0.0013236267372600927
3636	1397	0.0013236267372600927
434	3692	0.0010741443358362546
3469	3671	0.0009500448628429744
3637	3638	0.00025965062039624034
3637	2804	0.0013236267372600927
3637	2354	0.0013236267372600927
3639	2891	0.0013236267372600927
3639	791	0.0013236267372600927
3640	3641	0.00184214711880071
3640	2721	0.0013236267372600927
3640	625	0.0013236267372600927
3641	2028	0.0009678591411565378
3641	1505	0.0009678591411565378
3641	2929	0.0009678591411565378
3641	3390	0.0013236267372600927
3641	3202	0.0009678591411565378
3641	3379	0.0009678591411565378
3641	138	0.0005537181084792346
3641	2928	0.0009678591411565378
3641	3656	0.0010931149508396926
2028	3656	0.00035576759610355123
1505	3656	0.00035576759610355123
2929	3656	0.00035576759610355123
3202	3656	0.00035576759610355123
3379	3656	0.00035576759610355123
138	3656	0.0002818124691097957
138	3670	0.00033827452105568266
138	3669	0.0005773669102890135
2928	3656	0.00035576759610355123
3493	3642	0.0013236267372600927
3642	668	0.0013236267372600927
3642	2278	0.0013236267372600927
3642	1423	0.0013236267372600927
3642	3497	0.0013236267372600927
3642	2221	0.0013236267372600927
3642	577	0.0013236267372600927
3642	468	0.0013236267372600927
3643	1137	0.0013236267372600927
3643	781	0.0013236267372600927
3643	726	0.0013236267372600927
3643	662	0.0013236267372600927
3643	1265	0.0013236267372600927
3643	1230	0.000360564299065105
1230	3671	0.0011099847248802063
3644	270	0.0008762973056190877
3644	1424	0.0013236267372600927
3644	3258	0.0005799322734887053
3644	1106	0.0013236267372600927
270	3677	0.0005774623363375774
3258	3681	0.0008127647584518552
3645	3646	0.0026455003265238143
3645	582	0.0005840046414442087
3645	1160	0.0005840046414442087
3646	3646	0.0
3646	1523	0.0013236267372600927
582	3658	0.0007685740971303968
1160	3658	0.0007685740971303968
3647	3648	0.023807382428463555
3647	2798	0.0013236267372600927
3649	3428	0.0005817831933663792
3649	1406	0.0013236267372600927
3649	618	0.0013236267372600927
3649	2759	0.0013236267372600927
3428	3679	0.0008568754797372784
3650	2408	0.0013236267372600927
3650	479	0.0013236267372600927
3650	1128	0.0013236267372600927
3650	1126	0.0013236267372600927
3650	1154	0.0013236267372600927
3650	1446	0.0013236267372600927
3650	2186	0.0013236267372600927
3650	3037	0.0013236267372600927
3650	2012	0.0013236267372600927
3650	3673	0.0010692793291369844
3651	1117	0.0013236267372600927
3651	3352	0.0013236267372600927
3651	2274	0.0013236267372600927
3651	3316	0.0013236267372600927
3652	1899	0.0013236267372600927
3652	306	0.000818495294794317
3652	2962	0.0013236267372600927
306	3696	0.000538471886065222
3653	3654	0.0032217223745947066
3653	2773	0.0013236267372600927
3653	3418	0.0013236267372600927
3654	879	0.0013236267372600927
3655	442	0.0005798518763451938
3655	1716	0.0013236267372600927
3655	3096	0.0013236267372600927
442	3681	0.0012578288140924982
3656	3657	0.001344047253603276
3656	3389	0.0013236267372600927
3656	86	0.0013236267372600927
3657	1216	0.0013236267372600927
3657	232	0.00039932371584425484
3657	2029	0.00060789508469783
232	3664	0.0003654783235229473
232	3684	0.0005981429139569982
232	3692	0.0009139025595966112
2029	3692	0.000820619772051079
2229	3658	0.0013236267372600927
3658	3479	0.0013236267372600927
3658	2728	0.0013236267372600927
3660	3661	0.0035144622330280416
3660	3660	0.0
3660	1500	0.0013236267372600927
3660	3690	0.003650066234617379
3661	1929	0.0015231701021156119
3661	3009	0.0013236267372600927
3661	1768	0.0013236267372600927
3661	3694	0.0034370715282119784
1929	3685	0.0002767550897316824
3662	3663	0.009106072141212779
3662	2429	0.0013236267372600927
3662	50	0.0013236267372600927
3662	669	0.0013236267372600927
3662	2222	0.0013236267372600927
3662	904	0.0013236267372600927
3663	547	0.0013236267372600927
3663	2275	0.0013236267372600927
3663	1815	0.0013236267372600927
3663	2985	0.0013236267372600927
3663	3147	0.0013236267372600927
3663	802	0.0013236267372600927
3663	2652	0.0013236267372600927
3663	3082	0.0013236267372600927
3664	318	0.0013236267372600927
3664	1526	0.001282176523802687
1526	3709	0.00028626814606560856
1526	3708	0.0002625080996665412
3154	3666	0.00039309933099395864
3154	3677	0.001344921769562374
3666	561	0.0013236267372600927
3666	565	0.0013236267372600927
3666	3223	0.0013236267372600927
3666	2946	0.0013236267372600927
1238	3667	0.0013236267372600927
3667	883	0.0013236267372600927
3667	498	0.0013236267372600927
3667	53	0.0018397024097446004
3667	1431	0.0013236267372600927
3667	1307	0.0013236267372600927
3667	3471	0.0013236267372600927
3667	1486	0.0013236267372600927
3667	250	0.0009804089684464382
3667	2320	0.0013236267372600927
3667	556	0.0013236267372600927
3667	743	0.0013236267372600927
53	3704	0.0006713792228189842
250	3696	0.0005104464265282564
3669	3670	0.0020701719954637457
3669	3323	0.0013236267372600927
3669	2468	0.0013236267372600927
3669	2272	0.0013236267372600927
3669	1107	0.0013236267372600927
3669	2452	0.0013236267372600927
3669	1080	0.0010541327518608992
3669	1868	0.0010541327518608992
3670	1868	0.00026949398539919485
3670	1080	0.00026949398539919485
3670	379	0.0013236267372600927
3670	1391	0.0013236267372600927
3670	2935	0.00034922122634633527
3670	2927	0.000293841418214138
3670	3078	0.0005519343588556366
3670	2756	0.0013236267372600927
2935	3676	0.0007932678563791926
2935	3696	0.0004804212480984725
2927	3672	0.0003736777967292922
2927	3676	0.0006844174770967575
2927	3696	0.0004272270772525963
3078	3679	0.0010095888613646234
3671	25	0.00107159096347316
3671	2061	0.0013236267372600927
3671	1579	0.0012258297727780112
3671	486	0.0013236267372600927
3671	1033	0.0013236267372600927
3671	588	0.0013236267372600927
3671	387	0.0013236267372600927
3671	532	0.0013236267372600927
3671	2130	0.0013236267372600927
3671	1407	0.0013236267372600927
3671	1115	0.0013236267372600927
3671	3344	0.0011096117962306584
3671	3673	0.01721381832334197
25	3678	0.0009731896540400794
1579	3677	0.0008379154335305592
3344	3673	0.00021401494102943504
3672	1344	0.0013236267372600927
3672	2893	0.0013236267372600927
3672	1590	0.0006701947678784522
1590	3699	0.0010106979469031068
3673	1086	0.0013236267372600929
3673	1704	0.0013236267372600929
3673	3456	0.0013236267372600929
3673	1279	0.0013236267372600929
3673	71	0.0013236267372600929
3673	3279	0.0013236267372600929
3673	1255	0.0013236267372600929
3673	695	0.0013236267372600929
3673	291	0.0013236267372600929
3673	1430	0.0013236267372600929
3673	789	0.0013236267372600929
3673	3301	0.0013236267372600929
3674	690	0.0013236267372600927
3675	3676	0.0014337246862720144
3675	1253	0.0013236267372600927
3675	2292	0.0012816183947612124
3676	27	0.0013236267372600927
3676	26	0.0005558827738501811
3676	1867	0.0013236267372600927
3676	600	0.0013236267372600927
26	3687	0.0008338452851612913
2292	3709	0.0005037741391180966
3677	3678	0.003317701337508508
3677	3153	0.0013236267372600927
3677	3356	0.0013236267372600927
3677	1158	0.0013236267372600927
3677	3406	0.000500074073006177
3677	762	0.0013236267372600927
3677	2466	0.0013236267372600927
3677	809	0.000500074073006177
3677	2447	0.0013236267372600927
3677	1708	0.0013236267372600927
3677	990	0.0013236267372600927
3678	3406	0.0008235526642539177
3678	968	0.0013236267372600927
3678	895	0.0013236267372600927
3678	1314	0.0013236267372600927
3678	809	0.0008235526642539177
3678	2679	0.0013236267372600927
3678	806	0.0013236267372600927
3679	3680	0.008411300067689184
3679	818	0.0013236267372600927
3679	362	0.0013236267372600927
3679	739	0.0013236267372600927
3680	3226	0.0013236267372600927
3680	3321	0.0013236267372600927
3680	1018	0.0013236267372600927
3680	3010	0.0013236267372600927
3680	1699	0.0013236267372600927
3680	3485	0.0013236267372600927
3680	3410	0.0013236267372600927
3680	405	0.0013236267372600927
3681	805	0.0013236267372600927
3681	1129	0.0013236267372600927
3681	1367	0.0013236267372600927
3681	856	0.0013236267372600927
3682	2425	0.0013236267372600927
3683	3684	0.007915463203614992
3683	218	0.0013236267372600927
3683	414	0.0013236267372600927
3683	311	0.0013236267372600927
3683	1037	0.0013236267372600927
3683	1504	0.0013236267372600927
3684	2372	0.0013236267372600927
3684	1660	0.0013236267372600927
3684	155	0.0013236267372600927
3685	3686	0.000530933348804414
3685	1394	0.0013236267372600927
3685	615	0.0013236267372600927
3685	1215	0.0013236267372600927
3687	3688	0.003018631600005236
3687	2918	0.0007458407219798675
3687	1475	0.0013236267372600929
3687	2241	0.0007458407219798675
3687	2103	0.0013236267372600929
3687	3439	0.0013236267372600929
3687	406	0.0013236267372600929
3688	2880	0.0013236267372600927
3688	1571	0.0013236267372600927
3688	3405	0.0003446455983902785
3688	3128	0.0013236267372600927
3688	1652	0.0013236267372600927
2918	3695	0.0005939683016350651
2241	3695	0.000593968301635065
3405	3695	0.0012775036659186715
3689	3690	0.0013236267372600927
3691	2567	0.0013236267372600924
3691	3486	0.0013236267372600924
3691	1645	0.0013236267372600924
3691	1891	0.0013236267372600924
3692	3693	0.004425468685830783
3692	2396	0.0013236267372600927
3692	689	0.0013236267372600927
3692	3331	0.0013236267372600927
3692	32	0.0013236267372600927
3692	2031	0.0013236267372600927
3693	55	0.0013236267372600924
3693	3417	0.0013236267372600924
3694	3694	0.0
3696	3697	0.0019639386120896525
3696	499	0.0013236267372600927
3696	2909	0.0013236267372600927
3697	1820	0.0013236267372600927
3697	2025	0.0013236267372600927
3697	2472	0.0013236267372600927
3698	3699	0.0034807486600528423
3698	522	0.0013236267372600927
3699	1469	0.0013236267372600927
3699	2147	0.0013236267372600927
3699	3435	0.0013236267372600927
3699	3232	0.0013236267372600927
3699	120	0.0013236267372600927
3699	2751	0.0013236267372600927
3699	536	0.0013236267372600927
3699	996	0.0013236267372600927
3699	385	0.0013236267372600927
3699	2001	0.0013236267372600927
3699	2401	0.0013236267372600927
3699	3709	0.007559022745267656
3699	3708	0.007609321523628487
490	3700	0.0013236267372600927
3700	793	0.0013236267372600927
3700	907	0.0013236267372600927
3701	507	0.0013236267372600927
3701	2257	0.0013236267372600927
3701	186	0.0013236267372600927
3703	3704	0.0016111431038742388
3703	894	0.0013236267372600927
3703	765	0.0013236267372600927
3703	1664	0.0013236267372600927
3703	487	0.0013236267372600927
3703	733	0.0013236267372600927
3703	1405	0.0013236267372600927
3703	3101	0.0013236267372600927
3703	302	0.0013236267372600927
3703	1195	0.0013236267372600927
3704	557	0.0013236267372600927
3705	3706	0.0003134595246876765
3706	3424	0.0013236267372600927
3707	2194	0.0013236267372600927
3707	936	0.0013236267372600927
3707	539	0.0013236267372600927
3707	401	0.0013236267372600927
3707	1157	0.0013236267372600927
3708	3709	0.0006098787798292967
3708	1700	0.0006244342097337645
3708	828	0.0013236267372600927
3708	1152	0.0006244342097337645
3708	1508	0.0006244342097337645
3708	803	0.0013236267372600927
3708	315	0.0006244342097337645
3708	972	0.0013236267372600927
3708	2646	0.0006244342097337645
3708	1545	0.0013236267372600927
3708	2823	0.0013236267372600927
3708	2788	0.0006244342097337645
3708	2619	0.0013236267372600927
3709	1152	0.0006991925275263276
3709	1508	0.0006991925275263276
3709	2615	0.0013236267372600927
3709	315	0.0006991925275263276
3709	2646	0.0006991925275263276
3709	1155	0.0013236267372600927
3709	2066	0.0013236267372600927
3709	1700	0.0006991925275263277
3709	1242	0.0013227501632619072
3709	2788	0.0006991925275263276
3709	3448	0.0013227501632619072
3709	1696	0.0013236267372600927
3448	1242	8.765739981854919e-07
