3509	166	3510
3509	266	1178
3509	166	3247
3510	144	2421
3510	28	1005
3510	24	94
3509	6	257
3509	166	767
3509	364	1395
1673	378	3509
606	170	3509
316	170	3509
285	170	3509
3509	346	189
3510	50	63
3509	218	3509
3510	34	40
3509	300	3509
3510	28	815
3184	170	3509
3509	164	998
3509	50	63
3015	452	3511
3511	452	3015
3511	452	2145
2969	452	3511
3511	202	2916
3511	202	1021
3511	452	3114
3014	416	3511
2145	452	3511
2367	428	3511
3458	452	3511
3511	452	3261
3511	202	976
3511	202	1143
454	428	3511
3511	452	3458
3511	202	477
3511	202	263
2144	416	3511
3512	28	3513
3512	78	2296
3513	28	3512
3512	70	649
3512	70	416
3512	70	862
3512	144	2165
1204	140	3512
3513	70	3412
3512	254	644
3512	20	592
3513	70	117
1698	28	3513
3512	70	657
3512	70	1593
3513	70	1006
1698	28	3512
3512	70	980
3512	70	132
3512	24	94
133	322	3513
3135	26	3512
3513	34	40
3512	34	40
3512	70	88
3512	50	63
3514	70	416
1680	54	3514
3514	20	21
3514	136	1621
3514	14	154
3514	70	88
3421	126	3514
3514	70	3412
3514	78	1680
3514	14	3421
3514	144	3421
3515	156	286
3515	156	605
3515	156	2298
3515	170	1659
3515	170	2138
3515	104	202
3515	170	2498
3515	156	1039
3515	170	1604
3515	170	530
3515	170	1249
3515	156	142
3515	170	1850
3515	170	2982
3515	156	317
3515	156	604
3515	170	3185
3515	170	174
3515	170	6
3515	170	483
3515	104	630
3515	156	1111
3515	156	1617
3515	170	73
3515	170	3256
3515	170	141
3515	170	564
3515	156	19
3515	170	2119
3515	156	1672
3515	170	1499
3515	170	1717
758	144	3516
3516	48	21
173	16	3516
3516	46	21
3023	16	3516
3516	40	1222
109	16	3516
3516	328	14
20	14	3516
3516	132	185
3516	90	2438
3516	52	716
3516	62	566
34	30	3516
3516	96	9
792	168	3516
1015	16	3516
3516	50	63
3516	126	20
601	30	3516
758	14	3516
3516	18	1445
3517	74	3518
274	160	3517
3518	320	1045
3517	58	3518
3517	34	40
3518	114	3518
3517	70	862
3517	70	400
3517	70	1224
3517	70	980
3517	70	292
3517	24	94
2970	60	3518
3518	10	1330
3519	76	3520
1415	230	3519
61	76	3520
3520	338	111
3519	258	658
23	76	3520
98	76	3520
3519	164	224
3520	316	111
3519	76	275
822	38	3520
1588	222	3519
426	76	3520
275	66	3519
113	38	3520
3487	76	3520
3519	116	217
460	76	3520
3519	76	1576
3519	76	636
3520	316	1017
650	80	3519
111	4	3520
1548	222	3519
33	76	3520
629	76	3520
2180	4	3520
403	76	3520
82	66	3519
3519	76	3503
849	38	3520
3519	76	389
134	76	3520
3519	258	1834
402	60	3519
3519	76	5
3444	4	3520
113	76	3520
3520	360	658
548	76	3520
460	88	3519
21	38	3520
3519	88	3409
3519	258	1377
119	38	3520
3519	88	460
3520	338	4
3519	76	46
61	38	3520
157	76	3520
1114	38	3520
135	88	3519
3073	76	3520
3519	76	99
112	76	3520
3519	106	189
519	76	3520
3521	94	3522
94	190	3522
90	60	3522
3522	50	63
3521	74	3522
3521	74	357
3521	74	90
3185	166	3521
3522	10	1330
3522	114	3522
2538	166	3521
3523	144	320
322	54	3523
320	126	3523
3523	144	3190
3523	70	106
3523	74	321
3523	14	3190
3523	34	40
3524	136	3525
1087	166	3525
3524	24	94
457	136	3525
3423	136	3525
3524	20	21
2312	136	3525
2010	136	3525
3524	148	69
3525	68	2258
3525	70	2378
3525	330	338
3524	70	649
3525	148	69
1244	136	3524
3525	68	1519
3525	24	94
3525	82	1088
3524	70	117
3526	28	3527
483	166	3526
3526	70	2378
3527	34	101
3031	12	3526
2412	12	3527
3527	28	3031
3031	28	3526
3526	14	654
3437	28	3526
3032	28	3526
3032	28	3527
3527	28	2412
3527	12	3437
3527	12	3031
3526	12	3032
3031	12	3527
3527	20	21
3527	12	3032
3526	12	3031
3527	12	2412
3526	50	63
3526	28	3437
3526	70	3412
3437	28	3527
2412	28	3526
3526	12	3437
2412	28	3527
3527	14	654
3032	12	3526
3528	142	2153
3528	332	1103
585	286	3528
2016	60	3528
911	88	3528
2016	84	3528
3528	164	659
111	80	3528
3528	186	394
3528	334	189
3528	88	3377
3528	106	189
3528	142	1200
3377	88	3528
1043	78	3529
3302	78	3529
2516	78	3529
3529	54	176
2179	78	3529
3529	54	2039
3529	54	1907
3529	54	74
2039	78	3529
3529	54	1877
2022	78	3529
1877	78	3529
1795	78	3529
3354	78	3529
2052	78	3529
1240	78	3529
3529	54	2022
1488	78	3529
3255	78	3529
1151	78	3529
74	78	3529
2317	78	3529
1479	78	3529
3529	54	2052
3530	154	496
3530	152	928
3530	160	3398
252	154	3530
3457	152	3530
377	154	3530
3530	270	1670
496	154	3530
3530	152	858
3530	154	509
3530	154	3303
2067	154	3530
509	154	3530
3530	152	1206
1670	270	3530
1670	154	3530
3530	212	1218
3530	154	290
3530	154	268
1718	154	3530
278	154	3530
3530	152	3021
3021	152	3530
38	152	3530
3530	152	3457
3530	154	42
3530	152	1176
3530	154	377
252	152	3530
3530	154	278
857	152	3530
3530	152	38
272	154	3530
3531	46	3532
3531	46	327
3532	164	224
636	66	3532
3531	46	112
650	80	3532
111	80	3532
3532	122	946
1853	46	3532
258	46	3532
1830	46	3532
1063	46	3532
3531	40	366
3532	334	189
179	30	3531
1426	46	3532
3531	40	1222
3531	52	69
1573	86	3532
3531	46	325
3531	46	384
3532	122	2057
3531	46	426
3531	46	1684
3531	52	350
3532	122	2465
3531	18	179
5	66	3532
3531	90	357
908	14	3531
3532	116	217
3531	46	629
3531	46	3054
2971	46	3532
134	88	3532
3531	46	519
3531	46	201
3531	52	882
3531	46	822
3036	46	3532
226	46	3532
3531	46	1844
3532	186	394
3531	46	691
284	46	3532
3532	258	1834
603	46	3532
3532	122	191
3531	48	21
3532	106	189
3531	46	113
3531	46	119
3531	46	403
3532	76	99
3531	40	1248
753	46	3532
3531	46	388
3531	46	43
3531	46	157
3531	138	672
3532	258	1377
810	46	3532
1124	46	3532
958	46	3532
3532	314	189
3531	18	759
3531	46	23
1748	46	3532
3531	46	494
3053	46	3532
1023	222	3532
3396	46	3532
3531	118	189
585	286	3532
3531	46	717
3531	18	67
3028	46	3532
3533	18	3534
1680	16	3533
3533	348	1052
3533	18	7
1619	18	3534
3533	48	21
2430	18	3534
1028	18	3534
29	18	3534
3533	18	1922
2420	144	3533
3533	126	2420
2490	18	3534
3141	18	3534
3533	52	69
3533	138	1931
1586	30	3533
836	18	3534
2740	144	3533
3533	118	189
3533	18	3005
1529	112	3533
3535	20	21
999	54	3535
3535	70	106
3535	50	63
3535	78	1584
3535	78	3276
2978	54	3535
3535	78	562
3535	94	75
3535	78	999
3535	70	657
3535	28	3504
3536	46	21
1186	14	3536
123	16	3536
3206	292	3536
3536	138	1186
3536	380	3408
3536	90	357
3536	18	179
179	30	3536
3536	292	1894
3536	18	759
3536	132	1359
3536	48	21
1380	100	3536
3537	18	3538
396	18	3538
1029	18	3538
3175	18	3538
3537	50	63
1315	144	3537
2402	18	3538
3537	48	134
1168	18	3538
258	18	3538
2114	18	3538
1390	18	3538
988	18	3538
892	18	3538
3411	18	3538
3537	108	157
3537	132	569
3235	18	3538
574	18	3538
1822	18	3538
206	306	3538
804	18	3538
622	306	3538
2266	18	3538
836	18	3538
1135	18	3538
1814	18	3538
3537	18	3005
1124	18	3538
639	306	3538
1880	18	3538
3537	108	21
3307	18	3538
473	18	3538
3358	18	3538
365	18	3538
1723	18	3538
1773	18	3538
3538	30	1880
29	18	3538
3537	48	21
3537	18	759
2117	18	3538
3537	108	23
2068	18	3538
3053	18	3538
425	18	3538
3538	30	1390
1766	18	3538
887	18	3538
2134	306	3538
133	18	3538
1159	18	3538
3538	30	820
655	306	3538
3353	18	3538
187	18	3538
533	18	3538
712	18	3538
2051	18	3538
3537	96	9
57	18	3538
3197	306	3538
3538	30	3244
1351	18	3538
312	18	3538
700	18	3538
3264	18	3538
1632	18	3538
2965	18	3538
480	18	3538
1506	306	3538
1846	18	3538
569	14	3537
3538	30	1119
2609	18	3538
2308	306	3538
1426	18	3538
3165	18	3538
821	18	3538
326	18	3538
1022	18	3538
2389	18	3538
3538	30	866
2755	18	3538
1119	18	3538
1842	18	3538
1012	18	3538
3088	18	3538
330	2	3539
3539	294	1790
3539	26	3143
123	2	3539
3539	268	1489
282	2	3539
708	2	3539
3539	26	103
3539	26	1551
79	2	3539
3539	26	339
95	2	3539
1399	2	3539
3539	268	107
3539	268	3313
731	2	3539
955	2	3539
3539	26	3020
3539	268	3358
889	2	3539
3540	166	3218
3540	50	63
925	236	3540
3540	300	3540
940	30	3541
3541	40	3065
3541	40	1222
569	100	3541
3541	96	9
3541	40	1148
3541	40	48
3541	46	21
3541	118	189
3541	18	299
3542	80	3543
3542	80	239
3542	4	3151
3542	4	3011
3542	80	201
3542	80	384
3542	80	33
3542	80	519
3542	80	2474
3542	80	455
3542	80	119
3011	338	3542
3542	80	1113
3542	80	134
3543	258	1834
3542	80	730
3542	80	403
3542	80	45
3542	80	157
3543	164	659
3543	240	716
111	80	3543
3542	80	822
82	316	3542
3542	80	651
961	316	3542
3542	80	460
3542	80	327
3543	142	1200
3543	332	1103
3542	80	135
3542	4	136
3543	164	447
136	316	3542
3543	38	99
3542	80	3487
3542	80	21
961	338	3542
3543	116	217
3543	38	82
585	286	3543
3542	80	112
3542	80	691
3543	164	224
3543	88	922
1642	338	3542
3542	80	617
3072	338	3542
3544	6	3545
1248	310	3545
3544	6	604
3544	166	203
1808	6	3545
3544	50	63
3544	204	2349
3544	6	2237
3544	6	175
3544	6	142
285	156	3545
316	156	3545
3544	86	21
3544	6	286
444	170	3544
3544	164	998
3184	156	3545
444	156	3545
1535	156	3545
1334	194	3544
3544	44	2479
3544	308	69
3544	312	189
2763	156	3545
2624	280	3544
1030	6	3545
1023	194	3544
3544	400	2019
3544	72	976
3184	170	3544
3544	166	2578
1023	236	3544
3544	386	21
3544	6	605
3545	238	2237
3544	408	189
606	170	3544
3191	6	3545
3515	170	3544
2312	280	3544
2119	6	3545
3212	6	3545
3546	20	21
3546	78	322
3100	28	3546
3546	78	1578
3016	166	3546
3546	144	2508
2158	28	3546
1910	28	3546
3546	78	294
3546	28	3100
3546	78	950
3546	144	1140
957	28	3546
3547	48	112
3547	130	309
3276	16	3547
1237	16	3547
3547	62	1783
211	100	3547
3402	14	3547
3547	126	3402
1694	14	3547
2932	16	3547
392	16	3547
391	16	3547
3150	16	3547
1153	16	3547
1781	14	3547
3084	16	3547
2082	112	3547
3547	46	21
79	16	3547
34	30	3547
3547	18	601
2	16	3547
601	30	3547
3548	46	1844
3548	46	403
3548	46	2972
3548	46	822
3548	46	201
3548	46	426
3548	46	1684
3041	268	3548
3548	40	1248
3548	46	98
492	14	3548
3548	46	113
3548	18	3005
3548	46	446
3548	48	134
3548	62	1798
2558	144	3548
1680	16	3548
3548	46	1447
3548	46	112
3548	46	3409
3548	46	3450
1325	16	3548
1798	16	3548
3548	260	648
3548	46	617
3548	118	189
3548	46	61
3548	18	3538
3548	126	492
3548	46	460
3548	46	21
708	16	3548
330	16	3548
1637	14	3548
3548	46	23
3548	46	691
3548	358	1743
3548	46	629
3548	50	63
179	30	3549
3549	18	759
3549	40	1248
3549	18	179
3549	130	309
3549	52	350
3549	46	21
3549	18	299
3549	48	21
686	100	3549
3549	18	1445
3549	96	9
3549	52	69
3549	18	34
3549	40	366
3549	118	189
3549	40	48
3549	90	822
462	28	3550
3293	12	3550
249	0	3550
3550	28	463
3292	12	3550
3550	28	667
3550	24	94
1079	12	3550
3550	12	3287
3550	12	1079
2989	26	3550
3286	12	3550
3550	28	462
3550	12	3292
3550	34	40
3550	12	3286
463	28	3550
3293	28	3550
3550	28	1079
1112	12	3550
3550	70	980
3551	278	3552
3552	448	3551
3552	454	2602
3552	378	483
3552	354	3284
3552	454	3376
3552	354	1522
2656	448	3551
3552	378	1030
3375	448	3551
3551	278	3375
3552	448	2695
3552	378	610
3553	70	106
3553	70	3412
3553	70	88
3553	70	649
3553	94	481
3554	28	3555
2489	228	3555
3554	78	1967
3554	298	189
3554	28	1020
3555	298	189
3555	78	1358
3555	78	2190
3555	28	3453
903	28	3555
3555	28	1020
3554	50	63
3554	70	292
638	28	3555
3555	78	1847
3555	28	2439
3554	78	335
3554	74	121
1240	42	3555
1871	54	3555
3555	242	2022
764	26	3555
371	140	3554
3555	70	400
3555	24	94
2190	54	3555
3382	26	3555
3554	78	1358
3555	28	638
3555	78	3529
3555	78	495
3555	78	891
3555	70	106
70	54	3555
2098	0	3555
3555	78	177
3555	70	292
3555	34	40
2432	228	3554
3554	70	1270
2439	28	3554
3555	78	1967
3555	42	638
3555	78	1123
3529	54	3555
2807	54	3554
3554	144	3165
3555	94	2268
3554	78	1100
595	26	3555
903	28	3554
3554	70	106
3555	58	1053
1847	54	3555
2807	54	3555
1259	0	3554
3554	94	121
891	54	3555
3554	78	891
3555	28	2022
3554	78	2807
1327	26	3556
3122	28	3556
713	0	3556
3556	32	3201
252	160	3556
3556	70	980
3556	78	1123
3556	264	858
3556	32	252
3556	70	400
3556	32	3303
167	12	3556
1123	54	3556
3556	32	576
3556	78	1677
3556	20	384
2173	304	3556
335	54	3556
3556	34	40
3556	78	335
3556	28	167
3122	12	3556
409	0	3556
553	26	3556
3556	32	1206
3557	262	3558
3558	78	123
3558	78	731
3558	14	2503
3557	262	2112
3558	14	1880
3557	262	1187
3558	70	88
3558	78	1360
3558	70	132
3558	70	3412
1880	126	3558
3558	20	21
3557	262	1931
2024	250	3558
3557	262	470
3557	262	1638
3557	262	160
3557	262	254
3558	78	3084
3558	78	2570
3558	12	2980
2503	126	3558
3558	70	649
3558	24	94
3557	262	2198
1360	54	3558
2503	272	3558
2605	404	3559
513	278	3559
3559	214	749
3559	214	796
1379	278	3559
3559	290	1379
3559	362	4
3560	226	3561
3561	252	69
254	14	3561
2570	16	3561
3404	16	3561
3561	344	21
3560	28	254
3561	62	3404
3560	78	2343
3560	94	159
2024	250	3560
3560	34	40
3561	62	1108
3561	126	254
3560	78	1625
3560	12	254
3561	306	1586
1346	256	3561
3560	70	400
254	12	3560
3561	220	508
3560	70	649
3560	20	21
3561	244	3004
1625	16	3561
2343	54	3560
3560	74	159
3561	306	3005
3562	78	2286
3562	12	1348
3562	94	1872
3562	70	88
3562	78	1454
3562	20	384
2286	54	3562
3562	28	1940
3562	210	508
3562	70	583
3563	94	2523
3563	24	94
3563	20	21
3563	164	2188
252	160	3563
3564	78	1100
249	0	3564
3564	50	63
3564	28	554
893	26	3564
872	160	3564
409	0	3564
3564	70	1224
3564	70	106
38	160	3564
252	160	3564
3564	24	94
3564	78	766
2470	0	3564
3564	78	2537
3564	74	612
3564	70	400
3564	20	21
3564	70	980
241	166	3564
3564	70	661
1840	26	3564
3565	412	2192
3565	78	3074
3565	20	21
3565	70	292
272	160	3565
3565	24	94
3565	70	1224
3565	50	63
3565	28	3555
1482	228	3565
858	160	3565
3565	28	436
3565	78	1967
436	28	3565
1180	28	3565
3565	12	3555
764	26	3565
3565	144	2070
3565	78	1871
3565	28	1953
3565	32	169
1967	54	3565
3555	12	3565
3565	70	400
2489	228	3565
903	28	3565
3565	28	2439
1953	28	3565
3565	74	75
1871	54	3565
3565	42	2912
371	140	3565
3565	78	335
3566	180	3567
3566	20	21
2246	256	3567
3566	136	1244
3566	68	435
3567	252	69
3567	344	21
1529	30	3567
3566	148	69
269	140	3566
3566	136	741
3567	306	67
3567	50	63
3566	70	862
3568	14	782
3568	78	16
3568	70	649
193	28	3568
192	28	3568
3568	144	473
3568	144	782
3568	20	21
3568	144	2117
819	28	3568
3568	78	322
3568	70	416
3569	78	322
3569	144	810
3569	70	106
3569	14	1130
3569	78	731
1418	28	3569
3569	70	657
349	140	3569
3569	94	424
3569	144	3426
3569	28	3546
3569	78	1343
3569	28	1418
269	140	3570
3570	68	435
3570	20	21
2973	126	3570
3570	34	40
3570	78	322
3570	144	104
3276	54	3570
3570	24	94
3570	144	1083
3570	78	3276
3570	144	170
3570	78	1783
3570	78	3362
1680	54	3570
3570	144	3087
3570	78	2111
3570	70	3412
3570	28	1510
2503	126	3570
2111	54	3570
3570	78	2932
3570	14	1853
3570	70	1006
3570	70	106
3570	144	3306
3570	144	1853
3570	14	1083
3570	14	2973
3570	412	2192
3571	154	985
3571	152	858
3571	212	1933
3571	154	872
3571	270	3457
3571	152	278
3455	32	3571
909	152	3571
3571	152	3208
3571	152	3285
3571	92	2291
290	152	3571
704	154	3571
3571	154	3201
928	152	3571
3571	152	290
3571	154	151
252	152	3571
252	154	3571
1176	154	3571
3571	152	1206
857	270	3571
928	270	3571
872	152	3571
985	154	3571
2677	246	3571
858	270	3571
3571	152	252
3571	152	909
3571	154	42
858	152	3571
704	270	3571
3457	152	3571
272	152	3571
278	154	3571
3571	154	278
3021	152	3571
3285	152	3571
3571	154	704
2800	342	3572
3572	434	2455
3572	362	1386
3572	456	2455
3090	278	3572
3572	98	3046
2182	278	3572
3572	454	3347
3572	434	3090
3572	434	2182
3572	456	3090
3572	98	184
3572	98	3468
2367	428	3573
534	416	3573
3573	452	975
3573	452	3261
3511	452	3573
3573	452	3458
454	428	3573
3015	452	3573
3008	452	3573
3573	202	263
3114	452	3573
3573	202	814
2145	452	3573
2144	416	3573
2969	452	3573
975	452	3573
3014	416	3573
3007	416	3573
3574	50	63
3574	70	88
3574	136	1186
3574	34	40
3574	24	94
3574	70	117
3574	70	649
3574	136	3112
3574	20	592
3575	20	21
1149	228	3575
1474	0	3575
1744	250	3575
509	160	3575
3575	254	644
3575	70	292
3575	70	106
274	160	3575
272	160	3575
471	262	3575
928	160	3575
985	160	3575
3575	70	980
1697	0	3575
3575	74	1308
3575	34	40
678	0	3575
3575	70	661
252	160	3575
3575	32	252
3575	50	63
3575	144	1028
3576	0	3577
3577	94	831
3577	164	2188
2143	28	3577
3576	134	1485
3577	34	40
1744	250	3577
794	28	3577
3577	20	21
3577	70	400
383	336	3577
471	262	3577
3577	28	2143
2966	54	3577
3577	70	106
3578	240	716
3578	332	1103
585	286	3578
3578	106	189
3578	164	659
82	66	3578
2016	84	3578
3578	186	394
3578	142	1200
3578	314	189
3578	164	224
716	230	3578
2016	60	3578
3578	258	1834
3578	38	99
4	80	3578
3579	16	3580
3579	16	3000
3580	52	69
3505	62	3579
3579	16	1564
2809	78	3579
3580	46	61
3579	16	149
392	16	3580
3579	16	1326
3579	16	1436
3508	78	3579
3579	16	1928
3579	16	1236
3579	2	1942
3579	2	732
3579	16	3396
3579	16	262
3579	16	602
3579	16	820
537	78	3579
3580	46	157
3579	2	1890
3579	16	3483
3580	46	3409
3276	16	3580
417	62	3579
254	78	3579
3579	16	3322
3580	234	1889
3579	54	1558
3579	16	2503
303	62	3579
3579	16	3019
3579	2	1280
2987	62	3579
3579	2	2703
1693	78	3579
3579	2	709
3579	16	320
3579	16	2382
3579	16	60
3580	46	21
3579	16	2544
1010	62	3579
3579	16	3536
3579	16	340
3579	54	1599
3579	54	1538
3579	2	2608
3579	54	3508
1948	78	3579
3579	16	720
1767	62	3579
1861	78	3579
3579	54	339
3579	16	677
3579	54	1968
3579	16	2302
3579	16	2046
3579	2	3371
653	78	3579
1009	78	3579
3579	2	2032
1125	78	3579
3579	54	1429
3580	46	201
3483	62	3579
295	78	3579
1558	78	3579
1960	78	3579
3579	2	3041
3579	16	2154
1538	78	3579
1609	78	3579
3579	54	3305
431	78	3579
3579	16	238
3579	16	1985
3580	46	3054
3579	16	3248
3579	16	3416
3579	16	1767
696	78	3579
1213	78	3579
3579	54	1630
3580	90	90
1429	78	3579
3580	46	426
3579	54	254
3579	384	1790
3579	16	3239
1153	16	3580
3579	16	1568
3579	16	2403
3579	16	1341
3579	2	2200
3580	52	215
3579	2	1733
768	78	3579
3579	16	72
1630	78	3579
620	78	3579
339	78	3579
3579	2	3539
123	16	3580
3580	18	34
3579	2	3
3579	16	2021
3579	54	768
792	78	3579
415	78	3579
3580	46	519
3579	2	1828
1490	62	3579
3580	46	98
1042	78	3579
3579	16	1239
3248	62	3579
754	78	3579
3579	16	1400
3579	16	78
3579	16	253
3579	16	396
2366	78	3579
3579	16	8
569	100	3580
3019	62	3579
3579	16	3505
3579	16	1036
3579	16	2361
3240	62	3579
3579	2	2628
320	62	3579
3579	16	836
1599	78	3579
2665	78	3579
3579	16	3240
3459	78	3579
3580	48	21
3579	2	3414
3449	62	3579
3380	78	3579
3579	16	3547
208	62	3579
3581	34	40
3581	78	392
3581	20	592
853	322	3581
3581	78	3425
3581	70	657
3581	78	123
3581	78	3579
3579	54	3581
3581	70	88
3581	20	112
2752	250	3581
3581	70	649
3581	78	3150
2024	250	3581
3365	28	3581
3582	34	40
3582	342	2105
3582	20	1467
3583	16	3584
3584	220	508
3443	62	3583
3584	62	3583
3369	14	3584
3442	14	3584
3584	50	63
1346	256	3584
3583	16	2642
3585	30	1003
3585	14	1941
3585	30	1303
2099	12	3585
3585	308	69
3585	256	1669
3585	30	2203
744	276	3585
3585	28	520
2492	28	3585
3585	28	3047
3585	256	1046
3585	28	3365
2661	12	3585
3585	30	3383
3585	256	1941
3585	100	206
3585	30	1880
3585	30	1669
3585	72	814
3585	14	1669
3585	44	357
3585	28	2167
3585	30	2509
3585	50	63
3585	276	2099
3585	256	825
3585	14	3383
3585	124	1179
3585	78	1360
418	236	3585
3585	276	1347
206	422	3585
3586	144	3587
3586	12	381
3586	34	40
1735	126	3586
3586	70	106
3586	12	727
727	28	3586
381	12	3586
3586	12	64
3586	12	1713
3586	70	1006
451	100	3587
1714	12	3586
3586	28	1714
3587	118	189
3586	28	727
3586	20	384
381	28	3586
3587	52	882
3586	144	1735
3587	62	28
3586	24	94
3587	62	3051
3586	28	3020
1713	12	3586
3586	28	3233
3587	126	1043
3586	78	322
112	30	3587
3586	28	64
3587	18	876
3586	70	400
64	28	3586
443	16	3587
3587	96	9
3587	48	112
3020	28	3586
3588	144	3411
2625	166	3588
269	140	3588
3588	68	435
3588	78	1578
3588	34	101
3588	20	21
3588	74	472
3588	74	357
1586	30	3589
3589	40	366
3589	96	9
1529	112	3589
3589	138	3508
3589	18	3005
3508	168	3589
3589	138	811
3589	40	1222
1797	144	3589
3589	52	69
3589	48	21
3589	118	189
3590	126	503
3590	96	9
3590	18	146
3590	130	309
3195	144	3590
3590	18	67
179	30	3590
3590	304	874
3590	48	822
3590	18	128
3590	52	69
3590	46	21
3590	18	179
283	16	3590
3590	48	21
3591	12	3592
3592	28	2957
3592	144	1880
3591	94	357
3591	28	2957
3591	70	649
989	28	3591
3592	34	40
3591	70	657
3591	144	1812
3591	246	872
252	160	3591
595	26	3592
3592	28	989
3591	144	3067
3591	144	2253
3592	94	357
3592	24	94
595	26	3591
989	28	3592
3592	28	1116
3591	68	1519
3592	70	661
3591	28	1525
1116	28	3591
3591	246	687
3592	12	3591
3592	78	70
3591	180	154
3591	70	1270
3592	70	106
177	54	3591
3592	70	132
3591	70	400
3592	28	3591
3591	148	69
3592	246	252
3591	70	416
3591	78	999
269	140	3591
3591	28	1116
3592	78	2095
1249	166	3592
3591	24	94
696	280	3593
3593	72	126
3593	50	63
3593	386	21
3594	118	189
1031	16	3594
3452	16	3594
3084	16	3594
95	16	3594
3594	62	392
3276	16	3594
686	100	3594
3594	62	95
3594	48	112
3594	62	1153
440	112	3594
391	16	3594
386	16	3594
392	16	3594
3594	324	3137
908	14	3594
282	16	3594
545	14	3594
1153	16	3594
3594	18	983
3594	62	282
3579	16	3594
3594	62	737
3594	96	9
3594	52	350
3594	62	3579
1373	14	3594
211	100	3594
737	16	3594
3594	52	69
3594	18	34
1783	16	3594
3595	18	3596
248	18	3596
3596	30	2373
2217	18	3596
3531	18	3596
1974	18	3596
3595	118	189
3332	18	3596
3595	96	9
989	144	3595
3596	30	2363
3596	30	521
521	18	3596
1978	144	3595
3595	52	69
3596	30	3126
432	18	3596
3595	18	179
1913	18	3596
95	16	3595
3596	30	3408
145	18	3596
3595	52	350
3595	18	3538
1433	100	3595
179	30	3595
3595	18	67
3596	30	145
3596	30	3449
3595	46	21
3596	30	1564
3536	18	3596
79	16	3595
3193	18	3596
3596	30	1460
3596	30	3332
817	18	3596
3595	48	21
3282	18	3596
3597	16	3019
3597	54	1532
3597	16	864
3597	16	943
820	62	3597
3597	16	3277
1910	78	3597
3019	62	3597
3597	2	1531
281	62	3597
3433	78	3597
721	78	3597
3130	78	3597
3297	78	3597
3597	16	284
727	78	3597
3357	78	3597
3402	78	3597
3597	16	1635
3597	2	91
2279	78	3597
821	62	3597
1553	78	3597
3597	16	365
3597	16	772
1203	78	3597
1797	78	3597
1125	78	3597
3314	78	3597
1484	62	3597
1564	62	3597
1532	78	3597
3597	16	2964
3597	16	821
3495	62	3597
3597	16	647
3597	16	1757
3597	16	3395
3597	54	1203
513	278	3598
3598	214	513
796	278	3598
3582	460	3598
749	278	3598
3598	290	749
3598	214	749
3582	342	3598
3598	362	4
2211	404	3598
579	236	3599
606	170	3599
3599	166	2744
285	170	3599
3599	6	142
3599	218	3599
3599	204	485
858	92	3600
787	0	3600
928	92	3600
3600	78	1100
2002	228	3600
3600	78	2076
151	92	3600
2979	0	3600
409	0	3600
252	92	3600
3600	58	357
1254	92	3600
278	92	3600
42	92	3600
509	92	3600
687	92	3600
272	92	3600
360	144	3601
3601	52	350
3601	40	1248
3601	40	1487
3601	18	128
3601	48	61
1237	16	3601
3601	52	716
3601	40	1222
3601	18	3538
3601	324	1589
3601	132	952
3601	40	48
3601	118	368
727	144	3601
79	16	3601
3601	48	112
3601	52	69
3601	48	384
159	60	3602
2451	170	3602
2078	170	3602
194	170	3602
3602	72	814
3602	44	159
3602	166	105
3602	408	189
21	60	3602
3602	166	2279
3602	6	2113
285	170	3602
3602	218	3602
3602	300	3602
3602	166	754
814	60	3602
3603	20	21
3603	70	117
3064	272	3603
3603	78	125
3603	78	2700
3604	92	1169
3604	154	1001
3604	154	1670
3604	270	272
3604	154	928
1969	32	3604
3604	154	706
1964	32	3604
3604	152	3021
277	152	3604
3021	154	3604
290	154	3604
1001	154	3604
3604	152	858
3604	154	3246
3604	152	542
3604	154	278
704	154	3604
274	152	3604
496	152	3604
3604	154	858
3604	152	3208
510	152	3604
705	154	3604
3604	152	510
3278	32	3604
290	152	3604
928	154	3604
268	154	3604
3604	154	290
3604	152	985
38	152	3604
274	154	3604
3604	152	38
1254	154	3604
3604	152	857
3303	154	3604
3303	152	3604
3604	154	252
3604	154	705
687	154	3604
705	152	3604
74	32	3604
3604	152	278
3604	152	274
3604	152	3176
3604	152	1670
3604	154	274
3246	152	3604
3604	154	377
3604	152	272
3604	152	3530
514	154	3604
3201	154	3604
3604	152	928
1718	152	3604
3457	154	3604
3604	154	701
3604	212	277
928	152	3604
3604	154	514
279	152	3604
909	152	3604
1355	32	3604
3176	152	3604
3604	154	3457
1670	152	3604
872	152	3604
3604	152	279
3201	152	3604
3604	152	169
1206	152	3604
947	152	3604
3208	152	3604
3571	152	3604
169	152	3604
3604	160	74
587	152	3604
3605	166	3606
3605	6	142
344	170	3605
3605	6	1247
1343	54	3606
3606	70	649
316	170	3605
1023	236	3605
3605	166	3252
444	170	3605
3605	6	1472
3605	166	3391
3605	166	3364
3605	266	1522
3605	6	604
3605	44	2156
3605	6	286
3189	280	3605
3605	6	3545
3606	24	94
3515	170	3605
3605	166	1410
1023	194	3605
21	60	3605
3606	78	731
2156	60	3605
3605	234	568
3605	6	317
606	170	3605
3605	166	1290
3605	204	2349
3606	78	123
3605	166	2312
3606	28	1084
3605	86	21
3605	300	3605
3606	78	392
3605	308	69
1283	170	3605
3605	364	2590
3605	6	1617
3607	70	657
3607	20	21
3607	174	404
3607	174	1189
255	140	3607
3607	298	189
3607	70	3412
612	146	3607
1663	140	3607
3607	162	1189
3607	70	1006
174	166	3607
3607	70	106
3607	74	612
3607	148	69
796	278	3608
3608	214	749
3608	290	749
513	278	3608
1379	278	3608
3608	214	513
3608	290	1379
3608	290	796
3608	214	796
3609	70	106
3609	34	101
3609	70	117
2308	244	3609
3609	70	88
3609	208	201
655	244	3609
65	78	3610
3610	54	2529
3610	54	65
3610	54	293
2529	78	3610
3611	26	1729
330	2	3611
123	2	3611
3413	2	3611
95	2	3611
3611	268	797
3611	26	2137
3611	268	1326
3611	26	3314
3611	268	2913
3611	26	1948
386	2	3611
3276	2	3611
3611	26	3305
392	2	3611
3611	26	3297
3611	268	1236
708	2	3611
3611	294	1790
282	2	3611
3612	318	3033
3612	14	3217
1644	12	3612
3612	28	404
3612	162	264
3033	174	3612
3612	78	173
1228	28	3612
3192	174	3612
3612	12	1644
3612	34	40
3612	162	1043
3612	94	1970
2151	174	3612
560	28	3612
3612	174	3033
3612	28	1228
255	140	3612
322	54	3612
3612	162	404
3612	174	307
999	54	3612
3612	144	3205
3612	12	3133
3133	28	3612
404	174	3612
3612	68	191
3612	78	322
3612	12	3216
283	54	3612
3216	28	3612
3612	78	3597
3612	28	560
1644	28	3612
2279	12	3612
3612	78	999
3612	28	3133
3612	78	1749
3613	26	3614
3613	268	1669
3613	268	825
3613	268	1491
3614	24	94
3614	70	657
3614	34	40
3613	268	2616
3613	26	1054
3613	26	2443
3614	70	88
1878	2	3613
3614	70	132
1578	2	3613
6	166	3614
3614	70	106
3614	50	63
3614	74	472
3614	20	21
3613	294	1821
3615	54	1244
3615	302	128
3615	302	635
3615	302	2701
3616	148	69
220	136	3616
3616	164	2188
3616	148	716
3616	70	2378
3616	20	592
1887	136	3616
1245	136	3616
3616	94	321
3616	70	117
3616	78	2345
3616	24	94
3616	68	2258
3616	70	376
2345	54	3616
3616	34	40
2602	232	3617
3617	234	568
444	170	3617
3617	386	21
3617	382	189
3617	50	63
3617	218	3617
3617	400	2019
3617	312	189
97	60	3617
3617	6	1672
3617	6	2298
3617	410	189
2451	170	3617
3617	124	1179
1283	170	3617
606	170	3617
3617	308	69
3617	86	21
285	170	3617
21	60	3617
3376	232	3617
1535	170	3617
316	170	3617
3184	170	3617
344	170	3617
3617	364	1395
2998	204	3618
607	204	3618
423	204	3618
1198	204	3618
1499	204	3618
1232	204	3618
1688	204	3618
2643	204	3618
3500	204	3618
1451	204	3618
3150	16	3619
569	100	3619
3619	18	759
3619	40	48
3619	118	189
601	30	3619
3619	40	1222
1910	144	3619
3619	18	34
3619	132	569
3619	132	1359
31	144	3619
759	30	3619
3619	50	63
3619	46	21
3620	218	3620
3620	204	1892
3620	410	189
3620	266	1333
21	60	3620
3620	204	2349
3620	50	63
3620	400	2019
3621	284	1056
384	60	3621
3621	128	384
3622	46	388
3622	46	822
3622	46	651
3020	144	3622
123	16	3622
211	100	3622
3622	40	48
3622	46	112
2926	144	3622
3622	260	758
3622	18	34
1153	16	3622
3622	46	61
3622	46	33
3622	130	231
3622	46	327
3622	46	98
3622	46	157
3622	46	548
3622	46	357
3020	14	3622
3622	46	2521
3622	46	502
3622	46	691
3622	46	730
566	16	3622
3622	46	3054
3622	46	134
3622	46	113
3084	16	3622
3622	46	384
3623	144	3624
3624	46	519
3624	46	21
3623	94	1053
3624	40	1222
3624	46	33
3623	78	322
3357	144	3624
3623	148	69
3624	46	61
3624	52	640
128	30	3624
3624	48	21
3624	118	189
3623	24	94
3623	70	1006
3623	144	2363
3625	98	3626
183	434	3626
3625	378	610
3156	98	3626
3350	98	3626
3626	278	3156
3572	98	3626
3361	98	3626
3089	434	3626
3156	434	3626
3626	278	2925
2181	434	3626
3625	362	1386
2182	278	3625
3626	278	2936
3350	434	3626
2455	278	3625
3625	456	2455
3625	456	3468
3625	434	3090
3626	464	3468
2936	434	3626
2181	98	3626
3046	278	3625
3625	456	184
3090	278	3625
3625	456	3090
184	278	3625
3468	464	3626
2940	434	3626
3089	98	3626
1385	98	3626
1385	434	3626
3625	98	184
2181	456	3626
3626	444	3468
3625	434	3468
3626	278	3572
3625	434	2182
3627	70	535
3627	94	357
1887	136	3627
1957	140	3627
3627	74	357
1903	140	3627
3627	350	814
3627	34	40
3627	24	94
2048	250	3627
3628	354	1333
3628	454	3376
3551	278	3628
3628	378	1499
3628	448	3551
3629	332	1103
3629	164	447
3629	88	608
585	286	3629
650	80	3629
3629	240	716
608	88	3629
716	230	3629
2016	84	3629
1023	222	3629
275	66	3629
3629	334	189
3629	314	189
3629	102	189
2016	60	3629
3630	70	1006
483	166	3630
680	166	3630
2079	184	3630
3630	20	21
3631	174	3632
1858	146	3632
3632	34	101
3632	24	94
3632	70	862
3632	20	21
3631	34	40
3631	20	384
3631	70	657
3631	70	132
3632	298	189
3632	70	106
3633	16	296
1679	78	3633
289	62	3633
1319	62	3633
3633	16	954
3633	16	1374
3633	54	3581
3633	16	1239
3633	16	854
3633	16	1236
3633	16	2309
966	62	3633
3633	16	2517
3124	62	3633
3633	16	149
3633	16	1595
1226	78	3633
3633	16	35
2115	78	3633
3633	16	1382
3633	2	110
3633	16	738
3633	16	864
3569	78	3633
537	78	3633
3633	16	1130
2250	78	3633
3633	16	1860
3633	16	289
3217	62	3633
1213	78	3633
3633	54	1213
3633	16	3395
3633	16	898
3633	16	3421
550	62	3633
3633	16	2959
2196	78	3633
1439	78	3633
3633	16	966
3633	16	3067
3451	78	3633
3633	16	820
3633	54	1261
3633	16	1098
3633	16	1326
3633	16	171
3633	16	3298
3633	16	3244
3634	148	3635
3634	34	101
2668	148	3635
3553	148	3635
2767	148	3635
3635	230	3368
2118	148	3635
3635	30	1068
3183	148	3635
2171	52	3635
2249	148	3635
1389	148	3635
3634	148	1818
3635	30	2171
2808	172	3635
1285	52	3635
3635	230	559
3634	148	69
1573	308	3635
3634	254	644
1463	148	3635
1514	148	3635
2922	148	3635
3634	50	63
3636	70	1593
3636	68	435
3636	78	434
3469	54	3636
3636	78	3469
3636	28	20
631	0	3636
3636	78	70
3636	94	357
3636	70	1270
3636	34	40
3636	120	1397
3636	28	1397
3636	70	649
708	54	3636
3636	70	292
1397	120	3636
3636	50	63
2032	26	3636
3637	12	3638
3637	308	69
3637	12	3585
3637	86	384
3637	124	1179
3637	274	2804
3638	50	63
2354	194	3637
418	236	3637
1108	54	3637
1108	54	3638
3637	50	63
3639	46	1684
3639	46	822
3639	40	366
34	30	3639
3639	40	1148
601	30	3639
3639	46	134
3639	358	2891
3639	48	21
3639	46	112
3639	46	388
3639	48	134
1433	100	3639
791	30	3639
3639	46	33
3639	40	1222
3639	46	519
3639	46	21
3639	46	548
3640	166	3641
2028	26	3641
3641	28	1505
3641	144	3217
3641	12	2929
3641	28	3390
3640	204	1892
3390	12	3641
3640	410	189
3202	28	3641
3202	12	3641
3641	24	94
3640	266	2721
3379	28	3641
3641	34	40
3641	12	3202
3641	28	3202
138	54	3641
3641	20	21
1023	236	3640
6	166	3641
3390	28	3641
3379	12	3641
1505	12	3641
3640	150	189
1506	126	3641
1505	28	3641
2928	28	3641
625	60	3640
3493	244	3642
3642	298	189
371	140	3642
3642	74	668
3642	34	101
3642	70	106
2278	28	3642
3642	42	1510
3642	242	192
3642	74	97
3642	78	1360
1423	260	3642
3642	78	386
3557	262	3642
3497	162	3642
3642	14	2221
3642	70	583
3642	210	508
3642	28	577
1108	54	3642
3642	42	468
468	42	3642
3643	32	3208
3643	246	272
3643	32	169
3643	78	1137
3643	264	858
3643	32	377
3643	32	1933
3643	246	274
3643	50	63
3643	70	781
3643	70	726
764	26	3643
3457	160	3643
3643	78	662
2989	26	3643
3643	70	1270
1265	28	3643
595	26	3643
3643	24	94
272	160	3643
1230	0	3643
3644	62	1680
3644	90	357
3644	40	48
3644	260	270
3644	8	1424
3644	22	112
3644	62	3258
270	14	3644
3258	16	3644
3644	322	270
211	100	3644
28	16	3644
1680	16	3644
3644	138	270
3644	46	21
3644	48	21
3644	52	69
1106	144	3644
3644	18	34
3644	96	9
1586	30	3644
3644	18	3005
3645	94	3646
3645	78	582
3645	70	106
3646	114	3646
3645	68	1160
1523	60	3646
3645	34	40
3645	24	94
2024	250	3645
3647	342	3648
3648	434	2182
184	278	3648
3648	434	3468
3626	278	3648
1386	424	3647
3647	24	94
3647	70	2798
3648	98	2182
3647	20	21
3648	378	610
3648	456	3046
3648	456	3468
2455	278	3648
3648	98	2455
371	140	3647
3648	456	2182
3648	456	3090
3648	434	2455
1359	100	3649
3609	144	3649
3649	40	3428
3649	18	299
1406	144	3649
1406	14	3649
1399	16	3649
3649	40	1222
3649	40	1148
618	144	3649
3649	18	2759
3649	18	67
3649	18	3538
3649	40	48
3649	118	189
3650	152	1001
3650	154	1176
3650	160	2408
3650	152	3021
3176	152	3650
509	154	3650
3650	152	928
3457	152	3650
252	152	3650
479	246	3650
3650	152	169
3650	152	278
3650	154	377
858	154	3650
1128	246	3650
3650	152	279
3650	152	252
3650	152	1126
1154	32	3650
509	152	3650
510	152	3650
3650	152	3303
3650	154	496
3571	152	3650
687	154	3650
3650	152	510
272	152	3650
3650	152	42
3650	212	1446
3650	152	1933
3650	154	704
3604	152	3650
42	152	3650
3021	152	3650
151	154	3650
3650	154	858
3650	160	2186
278	152	3650
3650	154	268
704	154	3650
42	154	3650
985	152	3650
3650	152	3604
1206	152	3650
3650	92	1169
928	152	3650
3650	152	858
3303	152	3650
3650	154	985
3037	32	3650
1126	152	3650
169	152	3650
3650	152	272
496	154	3650
274	154	3650
3650	152	985
3530	154	3650
3650	152	268
3650	152	1206
3650	160	2012
3650	154	928
278	154	3650
3650	154	509
38	152	3650
3650	152	3457
3650	154	274
3650	154	3208
3651	144	3589
3651	74	357
3651	70	3412
3651	70	862
3651	70	649
3651	68	191
255	140	3651
1117	174	3651
1232	166	3651
3352	348	3651
3651	210	508
3651	50	63
3651	70	106
3651	70	88
3651	68	2274
3651	70	416
3651	136	3316
3652	70	3412
3652	28	1899
306	42	3652
3652	298	189
3652	24	94
3652	34	40
3652	44	338
3652	210	508
2962	28	3652
3653	342	3654
3653	460	3654
3653	20	592
513	278	3654
3653	70	2773
3654	354	1522
3653	342	3418
3654	214	749
3653	34	40
749	278	3654
3654	354	879
3654	214	513
1379	278	3654
3654	290	749
3655	34	101
442	318	3655
3655	70	106
3655	318	442
3655	70	1006
3655	24	94
1716	244	3655
3655	70	400
3655	144	3096
3656	144	3657
3657	18	179
3656	12	3641
3656	12	2929
3389	12	3656
3656	148	69
3656	12	3379
2929	28	3656
3657	40	366
3656	12	3389
3389	28	3656
3657	18	146
3656	28	3389
3657	40	1222
3656	28	3641
2928	28	3656
3656	148	882
3656	12	2928
3657	48	21
3656	28	1505
3657	90	338
3656	12	1505
138	54	3656
3657	132	1216
2929	12	3656
3656	78	138
3657	40	232
3202	12	3656
2028	26	3656
3656	12	3202
3379	12	3656
3656	68	86
1506	126	3656
3657	18	299
3657	18	3538
3657	118	189
3379	28	3656
3657	18	2029
1506	244	3656
3656	28	2929
3656	28	2928
3216	144	3657
3641	28	3656
2229	376	3658
3658	68	1160
3658	14	3479
3658	20	1467
3658	70	106
3658	78	582
3658	34	40
3658	78	562
3658	78	2728
383	336	3658
3658	20	112
3659	50	63
112	60	3659
3660	204	3661
3660	50	63
1929	204	3661
3660	218	3660
3544	204	3661
3660	364	1395
483	204	3661
3540	204	3661
1604	204	3661
3009	204	3661
3660	6	2237
3660	6	1500
2138	204	3661
2498	204	3661
1768	204	3661
606	170	3660
1850	204	3661
316	170	3660
2643	204	3661
444	170	3660
1023	236	3660
3185	204	3661
423	204	3661
3256	204	3661
530	204	3661
2998	204	3661
3660	150	189
1659	204	3661
21	60	3660
90	60	3660
3662	52	3663
3662	46	325
3663	30	547
3662	18	3005
2429	14	3662
3662	46	43
1680	16	3662
50	14	3662
3662	132	211
3662	46	548
3662	18	299
3662	46	112
3662	46	119
3662	46	33
3662	48	21
3662	46	426
669	14	3662
3662	50	63
2275	52	3663
1815	172	3663
3662	46	134
2222	144	3662
3662	118	189
3662	18	1445
2985	52	3663
3353	52	3663
3662	46	388
3663	230	3054
1723	52	3663
3662	322	669
3662	96	9
3147	52	3663
3662	46	61
547	52	3663
904	16	3662
3663	30	802
3662	46	23
2652	172	3663
3662	52	69
3663	230	3082
1586	30	3662
3662	46	519
3662	46	201
3663	30	2275
3662	46	691
3662	46	730
3664	46	113
3664	46	629
3664	46	134
3664	46	43
3664	40	232
3664	48	21
318	144	3664
3664	46	3450
3033	144	3664
3664	46	33
3664	46	21
3664	40	48
3664	46	23
686	100	3664
3664	46	1526
3664	40	1222
3664	46	426
3664	46	112
3664	46	157
3664	18	179
3665	70	649
3665	34	40
3665	70	862
3665	24	94
1204	140	3665
3154	28	3666
3666	12	561
3666	12	3154
561	12	3666
561	28	3666
3666	144	3622
3666	34	101
3666	12	565
3223	140	3666
565	12	3666
3666	94	2946
1238	12	3667
3667	50	63
3667	70	1270
3667	70	980
883	0	3667
3667	242	1238
3667	78	498
53	26	3667
1431	54	3667
3667	78	335
3667	298	189
3667	70	292
1307	28	3667
3667	78	1123
3471	146	3667
3382	26	3667
3667	34	40
3667	78	891
3667	28	1238
3667	42	1877
1486	42	3667
3667	68	250
3667	70	106
1228	28	3667
1238	28	3667
1238	42	3667
3667	78	3074
3667	42	1486
2320	228	3667
3667	78	556
743	42	3667
764	26	3668
3668	70	661
3668	70	400
252	160	3668
3668	70	1006
3668	34	40
1149	228	3668
3668	50	63
928	160	3668
3668	70	980
3669	28	3670
3323	28	3669
3669	20	21
3669	70	106
3670	74	357
3669	70	3412
3669	144	2468
1868	26	3670
1080	126	3670
3670	78	379
2468	244	3669
3669	34	40
3670	34	101
3669	74	2272
1391	26	3670
3670	78	138
3670	78	2935
2927	54	3670
3669	74	1107
3669	12	3670
3669	12	3323
3670	28	3078
3670	78	2
3669	42	2452
3669	78	138
3670	28	3669
3669	74	75
3669	144	3533
3670	78	2927
1080	244	3670
3669	148	69
2756	244	3670
1080	244	3669
3670	14	1080
1868	26	3669
3670	70	106
3323	12	3669
3669	28	3323
3671	32	252
3671	208	338
1670	160	3671
3671	246	151
3671	42	1488
3671	78	1123
3671	78	70
3671	32	278
3671	24	25
3671	406	2061
1579	26	3671
3671	58	338
3671	70	88
3671	110	1488
3671	78	486
1033	228	3671
509	160	3671
3303	160	3671
588	228	3671
471	262	3671
387	26	3671
3671	20	592
486	54	3671
3671	370	2143
3671	28	532
3671	32	510
3671	298	368
3671	412	2130
3671	70	661
3671	12	532
532	12	3671
1407	28	3671
3671	70	400
3671	412	2192
3671	50	63
3671	148	69
3671	78	1115
3671	70	376
3671	78	3469
1259	0	3671
3469	54	3671
274	160	3671
3671	32	872
3671	32	857
3671	70	1270
587	160	3671
3671	20	112
252	160	3671
3671	32	38
3671	78	1847
3671	70	980
3671	78	177
1230	0	3671
3671	32	3303
3671	78	2966
3671	70	106
3671	32	3344
3672	208	1344
2893	250	3672
3672	148	69
3672	78	2927
1590	28	3672
3672	70	106
3672	78	322
3672	436	69
3672	78	1578
3672	78	386
3672	78	2
3673	152	1086
3673	152	1704
3673	154	872
705	152	3673
3673	154	706
3456	32	3673
3673	154	3571
42	152	3673
278	154	3673
909	152	3673
3673	152	1279
3673	154	272
3673	152	3650
252	154	3673
274	270	3673
3673	152	3344
3344	152	3673
3673	152	3571
3457	154	3673
3673	152	509
3673	154	3246
858	154	3673
701	152	3673
3673	154	3604
704	154	3673
3604	152	3673
3673	154	151
274	154	3673
274	152	3673
3673	154	705
3673	152	872
3673	152	510
514	152	3673
3673	154	858
3673	152	277
3201	152	3673
3673	154	509
268	154	3673
872	152	3673
3673	270	858
3673	152	268
3673	152	3604
928	152	3673
3673	160	3575
277	152	3673
1254	152	3673
872	154	3673
3457	152	3673
151	154	3673
3671	32	3673
3673	152	3176
509	152	3673
71	32	3673
858	270	3673
3279	152	3673
3673	152	169
290	154	3673
3208	56	3673
3673	152	290
3673	154	3457
3455	32	3673
3673	154	928
985	154	3673
252	152	3673
3673	152	151
1255	32	3673
858	152	3673
695	32	3673
1279	152	3673
38	154	3673
291	32	3673
857	152	3673
510	152	3673
3673	160	1430
3673	154	3201
3673	152	928
3673	152	274
3673	154	3208
789	32	3673
3673	154	1176
3673	152	279
3673	154	268
3673	152	857
169	152	3673
38	152	3673
3571	154	3673
3208	152	3673
272	152	3673
3301	32	3673
3673	152	1254
3673	154	3021
3674	338	111
112	76	3674
134	76	3674
592	38	3674
690	4	3674
1114	76	3674
61	38	3674
119	38	3674
3409	76	3674
21	76	3674
519	76	3674
61	76	3674
113	76	3674
21	38	3674
3674	338	2180
3674	198	338
403	76	3674
112	38	3674
3487	76	3674
1114	38	3674
3073	76	3674
23	76	3674
629	38	3674
3674	338	4
1447	76	3674
3675	14	3676
562	16	3676
3676	46	1684
27	14	3676
1253	126	3675
3676	40	366
3675	70	1270
3676	40	48
3676	46	157
2099	100	3676
3676	46	629
2927	16	3676
3676	138	3100
3676	132	3585
26	268	3676
3613	268	3676
680	166	3675
3676	46	113
3675	20	21
3676	52	69
1867	16	3676
1659	166	3675
3676	260	600
3675	74	2292
3676	62	2935
3676	18	34
3677	28	3678
3406	126	3678
3153	54	3677
3677	12	3678
3677	144	3356
3677	12	1978
3678	70	106
3678	78	968
3677	144	1158
270	28	3677
3678	78	322
3678	28	3020
3677	144	3406
3677	28	3020
3677	78	322
3678	78	895
3678	28	1314
3677	28	762
3677	70	106
3678	28	3546
3677	12	3154
3406	126	3677
3020	28	3677
3678	12	3233
3677	12	3233
3020	12	3678
3678	74	159
3678	20	21
3678	144	340
1315	28	3678
3677	14	2373
809	12	3678
2466	28	3677
3677	144	2373
809	12	3677
3677	24	94
1978	12	3677
3677	34	101
3233	28	3677
3677	78	294
3677	12	762
3678	376	727
3677	78	1749
3677	12	3020
1204	140	3677
2679	26	3678
2447	54	3677
3678	14	3406
968	54	3678
806	244	3678
809	28	3678
3677	12	989
3154	28	3677
3678	28	727
3678	12	3020
3678	28	3233
3678	74	75
1579	26	3677
3678	24	25
989	28	3677
3677	78	1708
3677	12	990
3677	20	112
3677	28	990
3678	12	3677
3679	40	3680
1846	40	3680
3679	52	69
3679	18	818
3679	52	215
3226	40	3680
3679	40	366
3321	40	3680
34	30	3679
3449	40	3680
1018	40	3680
3010	40	3680
3679	40	3065
3205	40	3680
1699	40	3680
3240	40	3680
3679	40	362
3078	144	3679
3485	40	3680
2389	40	3680
3679	40	3428
3410	40	3680
3679	18	3005
739	144	3679
405	40	3680
3679	96	9
3019	40	3680
2363	40	3680
3679	18	876
3679	40	1222
3679	48	21
3681	18	759
3681	118	189
3681	132	805
3681	52	716
3586	144	3681
805	100	3681
3681	132	1129
3681	138	1367
3258	16	3681
3681	46	21
3681	50	63
442	14	3681
3681	292	1063
1325	16	3681
3681	18	3538
3681	90	338
3681	18	299
3681	18	179
442	144	3681
856	144	3681
3682	40	3065
3682	18	3538
3682	132	2167
3682	52	69
3682	40	1222
3682	40	1248
3682	18	299
3682	40	2425
3682	48	21
128	30	3682
3683	16	3684
3684	18	128
3684	18	34
3683	16	218
3684	96	9
3684	40	1222
3684	48	822
3683	16	414
3684	40	232
311	78	3683
2372	144	3684
3684	18	179
414	62	3683
686	100	3684
1037	62	3683
3683	54	311
3684	52	69
3684	18	1660
155	100	3684
601	30	3684
3684	48	21
3683	54	1504
3684	40	1248
3684	48	157
3685	468	3686
3551	278	3685
3685	378	1394
3685	454	3376
615	442	3685
3685	448	3551
3552	468	3686
3685	448	2695
3685	378	1215
3685	378	1929
2695	278	3685
3685	354	1333
3687	306	3688
3687	50	63
3687	422	2918
3687	62	1475
3404	16	3687
3687	252	69
2880	306	3688
3687	62	3404
2570	16	3687
1669	306	3688
2918	180	3687
3383	306	3688
3687	306	1586
2134	306	3688
1571	306	3688
3687	126	2241
3561	306	3688
2103	14	3687
3687	344	21
3439	14	3687
3687	126	2918
3405	306	3688
3687	220	508
3128	306	3688
2103	256	3687
2241	180	3687
1529	30	3687
26	268	3687
3613	268	3687
406	16	3687
1625	16	3687
3687	62	1625
3687	62	406
1652	306	3688
3689	278	3690
3690	378	3660
2695	278	3690
3690	50	63
3690	378	2643
3690	448	2695
3690	354	3284
3690	378	3016
3690	354	1522
3690	354	1333
3690	378	2119
3551	278	3690
3691	324	2567
4	80	3691
21	288	3691
3691	288	21
3691	38	275
3486	80	3691
3691	288	113
3691	314	189
3691	38	46
111	80	3691
1645	20	3691
1891	20	3691
3691	334	189
650	80	3691
1548	222	3691
3691	332	1103
3691	288	548
426	288	3691
822	288	3691
2016	60	3691
3691	288	61
3691	258	1834
61	288	3691
3691	88	3629
3692	62	3693
1031	16	3692
3692	18	299
686	14	3692
295	14	3692
3692	130	309
3693	54	55
1203	14	3692
3692	62	737
295	168	3692
3692	18	983
3692	46	134
3692	62	3597
3693	54	3402
3693	54	3297
550	62	3693
3692	18	2029
3692	126	2396
1532	78	3693
3692	96	689
3362	16	3692
3693	54	192
3692	304	2396
3692	62	3331
3692	118	189
392	16	3692
1564	62	3693
434	16	3692
3633	16	3692
95	16	3692
3597	16	3692
173	16	3692
1783	16	3692
686	100	3692
3692	126	32
708	16	3692
2031	16	3692
3692	18	3538
3579	16	3692
1325	16	3692
3692	40	48
3692	132	686
149	62	3693
3693	54	3314
283	16	3692
3692	18	34
79	16	3692
3692	40	232
109	16	3692
1140	62	3693
3417	62	3693
3692	46	21
3692	40	366
1023	236	3694
3694	204	1892
3694	50	63
21	60	3694
3694	266	1333
3694	400	2019
3694	386	21
444	170	3694
3694	300	3694
3694	204	3661
3694	408	189
90	60	3694
3695	210	508
3695	70	649
3695	12	2918
3695	34	40
3695	28	2241
3695	28	2918
3695	20	21
1625	54	3695
3405	422	3695
3695	14	3405
2918	12	3695
3695	226	3405
3696	14	3697
3696	70	3412
3696	70	106
3696	68	250
1698	14	3697
3696	42	192
3696	24	94
2935	54	3696
1529	30	3697
3697	252	69
1820	16	3697
3697	306	1586
3696	242	306
3696	70	649
3404	16	3697
3696	174	499
3697	344	21
3247	14	3697
2025	14	3697
306	242	3696
2472	180	3697
3696	70	88
3697	220	508
3697	306	3005
3696	78	2909
3696	78	2927
3697	62	3404
3696	78	2935
3697	126	1698
3698	74	3699
134	146	3698
3206	90	3699
1861	94	3699
1469	330	3699
2147	200	3699
3698	42	381
3435	44	3699
21	60	3699
381	12	3698
1713	28	3698
1590	74	3699
3589	90	3699
1714	12	3698
522	166	3698
3232	46	3699
3698	34	40
3212	44	3699
3586	12	3698
120	44	3699
2751	222	3699
3698	28	3586
536	222	3699
3698	12	1713
996	74	3699
21	356	3699
3305	74	3699
3699	128	21
3698	12	381
3699	60	3435
3699	326	21
1315	74	3699
3699	418	189
3126	46	3699
3698	70	106
3698	94	75
3698	28	1714
3699	320	1045
385	90	3699
269	140	3698
3698	74	112
3699	284	126
2001	74	3699
3699	374	2401
490	16	3700
3700	40	366
65	14	3700
793	144	3700
3700	40	48
185	100	3700
65	144	3700
3700	48	21
3051	16	3700
3700	118	189
3700	328	14
3700	358	1637
3700	18	907
3700	18	146
3701	70	3412
3701	20	21
3701	78	1625
3701	70	657
3701	70	649
3701	28	507
3701	14	1669
3701	74	75
3701	70	132
2257	28	3701
3701	14	186
2138	166	3701
592	60	3702
3703	78	3704
3703	32	985
3703	70	292
3703	12	894
595	26	3703
3704	54	3703
3703	12	462
3287	28	3703
3703	28	765
3703	78	1123
3704	54	667
3704	2	557
1664	28	3703
3703	28	487
3292	12	3703
3703	12	3550
3703	264	733
3703	70	106
3550	12	3703
1405	26	3703
3703	28	3292
3287	12	3703
249	0	3703
3703	28	3101
667	28	3703
3703	12	1112
3703	70	1270
3703	12	302
3703	78	2537
3704	2	53
3703	78	766
3703	34	101
3703	12	765
3703	28	3287
1112	12	3703
3703	78	1195
3703	264	151
765	28	3703
3293	28	3703
3703	28	3293
3704	2	553
766	54	3703
3703	12	3286
3286	28	3703
3550	28	3703
3704	2	2989
3703	12	463
3703	12	667
462	28	3703
487	28	3703
2989	26	3703
3703	28	1664
487	12	3703
1123	54	3703
1079	12	3703
335	54	3703
3703	12	3287
893	26	3703
3704	2	3135
3382	26	3703
3703	12	1664
3705	126	3706
3526	12	3706
3705	344	21
3031	426	3705
3706	12	3031
3706	12	3032
3705	220	508
1638	12	3706
3706	254	644
3031	14	3705
3706	12	3437
3706	70	3424
3526	14	3705
3032	12	3706
3705	126	3526
3705	126	3031
3526	28	3706
3706	50	63
3032	14	3705
3527	14	3705
3706	12	3527
3706	70	2378
2412	12	3706
3705	252	69
3706	426	3705
3706	94	357
3706	298	189
2412	14	3705
3706	12	1638
1638	426	3705
3707	46	98
3707	358	2194
3707	46	157
3707	46	691
3707	48	21
3707	46	548
3707	46	75
3707	52	215
3707	52	936
3707	52	716
3707	62	16
3707	18	34
3707	96	9
539	14	3707
3707	46	629
3707	46	426
3707	46	401
1157	100	3707
3707	46	519
3707	260	539
3707	46	357
3707	18	3005
1586	30	3707
3708	470	3709
1526	340	3709
1700	340	3708
1308	340	3708
1152	340	3709
1508	340	3709
828	340	3708
2615	340	3709
3709	470	3708
315	340	3709
2292	340	3709
3448	470	1242
2646	340	3709
1152	340	3708
1155	340	3709
2066	340	3709
1508	340	3708
1700	340	3709
3709	470	1242
803	340	3708
3054	340	3708
315	340	3708
972	340	3708
3699	340	3709
2646	340	3708
1242	470	3448
2788	340	3709
1526	340	3708
1545	340	3708
75	340	3708
3699	340	3708
75	340	3709
3709	470	3448
338	340	3709
2823	340	3708
1696	340	3709
2788	340	3708
2619	340	3708
1242	470	3709
