3509	0.010596026490066225
3510	0.004635761589403974
1178	0.0006622516556291391
3247	0.0013245033112582781
2421	0.0006622516556291391
1005	0.0006622516556291391
94	0.02119205298013245
257	0.0006622516556291391
767	0.0006622516556291391
1395	0.001986754966887417
1673	0.0006622516556291391
606	0.003973509933774834
316	0.0033112582781456954
285	0.0033112582781456954
189	0.026490066225165563
63	0.027152317880794703
40	0.022516556291390728
815	0.0006622516556291391
3184	0.0026490066225165563
998	0.0013245033112582781
3015	0.0013245033112582781
3511	0.011258278145695364
2145	0.0013245033112582781
2969	0.0013245033112582781
2916	0.0006622516556291391
1021	0.0006622516556291391
3114	0.0013245033112582781
3014	0.0013245033112582781
2367	0.0013245033112582781
3458	0.0013245033112582781
3261	0.0013245033112582781
976	0.0013245033112582781
1143	0.0006622516556291391
454	0.0013245033112582781
477	0.0006622516556291391
263	0.0013245033112582781
2144	0.0013245033112582781
3512	0.012582781456953643
3513	0.004635761589403974
2296	0.0006622516556291391
649	0.010596026490066225
416	0.0033112582781456954
862	0.003973509933774834
2165	0.0006622516556291391
1204	0.001986754966887417
3412	0.007947019867549669
644	0.0026490066225165563
592	0.005298013245033113
117	0.003973509933774834
1698	0.001986754966887417
657	0.005960264900662251
1593	0.0013245033112582781
1006	0.005298013245033113
980	0.005960264900662251
132	0.003973509933774834
133	0.0013245033112582781
3135	0.0013245033112582781
88	0.007947019867549669
3514	0.005298013245033113
1680	0.003973509933774834
21	0.048344370860927154
1621	0.0006622516556291391
154	0.0013245033112582781
3421	0.0013245033112582781
3515	0.022516556291390728
286	0.001986754966887417
605	0.0013245033112582781
2298	0.0013245033112582781
1659	0.001986754966887417
2138	0.001986754966887417
202	0.0006622516556291391
2498	0.0013245033112582781
1039	0.0006622516556291391
1604	0.0013245033112582781
530	0.0013245033112582781
1249	0.0013245033112582781
142	0.0026490066225165563
1850	0.0013245033112582781
2982	0.0006622516556291391
317	0.0013245033112582781
604	0.001986754966887417
3185	0.001986754966887417
174	0.0013245033112582781
6	0.001986754966887417
483	0.0033112582781456954
630	0.0006622516556291391
1111	0.0006622516556291391
1617	0.0013245033112582781
73	0.0006622516556291391
3256	0.0013245033112582781
141	0.0006622516556291391
564	0.0006622516556291391
19	0.0006622516556291391
2119	0.001986754966887417
1672	0.0013245033112582781
1499	0.001986754966887417
1717	0.0006622516556291391
758	0.0013245033112582781
3516	0.012582781456953643
173	0.001986754966887417
3023	0.0006622516556291391
1222	0.009271523178807948
109	0.0013245033112582781
14	0.0013245033112582781
20	0.0013245033112582781
185	0.0013245033112582781
2438	0.0006622516556291391
716	0.005298013245033113
566	0.0013245033112582781
34	0.009271523178807948
9	0.009271523178807948
792	0.0013245033112582781
1015	0.0006622516556291391
601	0.0033112582781456954
1445	0.001986754966887417
3517	0.005960264900662251
3518	0.003973509933774834
274	0.004635761589403974
1045	0.0013245033112582781
400	0.007947019867549669
1224	0.001986754966887417
292	0.005298013245033113
2970	0.0006622516556291391
1330	0.0013245033112582781
3519	0.015894039735099338
3520	0.018543046357615896
1415	0.0006622516556291391
61	0.005960264900662251
111	0.003973509933774834
658	0.0013245033112582781
23	0.004635761589403974
98	0.0033112582781456954
224	0.0026490066225165563
275	0.001986754966887417
822	0.006622516556291391
1588	0.0006622516556291391
426	0.005298013245033113
113	0.005298013245033113
3487	0.001986754966887417
217	0.001986754966887417
460	0.0026490066225165563
1576	0.0006622516556291391
636	0.0013245033112582781
1017	0.0006622516556291391
650	0.0026490066225165563
1548	0.0013245033112582781
33	0.004635761589403974
629	0.004635761589403974
2180	0.0013245033112582781
403	0.0033112582781456954
82	0.0026490066225165563
3503	0.0006622516556291391
849	0.0006622516556291391
389	0.0006622516556291391
134	0.007947019867549669
1834	0.0033112582781456954
402	0.0006622516556291391
5	0.0013245033112582781
3444	0.0006622516556291391
548	0.003973509933774834
3409	0.0026490066225165563
1377	0.0013245033112582781
119	0.0033112582781456954
4	0.003973509933774834
46	0.0013245033112582781
157	0.006622516556291391
1114	0.0013245033112582781
135	0.0013245033112582781
3073	0.0013245033112582781
99	0.0026490066225165563
112	0.013245033112582781
519	0.005960264900662251
3521	0.0033112582781456954
3522	0.004635761589403974
90	0.0033112582781456954
357	0.010596026490066225
2538	0.0006622516556291391
3523	0.003973509933774834
320	0.0013245033112582781
322	0.00728476821192053
3190	0.0006622516556291391
106	0.02052980132450331
321	0.0013245033112582781
3524	0.004635761589403974
3525	0.008609271523178808
1087	0.0006622516556291391
457	0.0006622516556291391
3423	0.0006622516556291391
2312	0.001986754966887417
2010	0.0006622516556291391
69	0.024503311258278145
2258	0.0013245033112582781
2378	0.0026490066225165563
338	0.004635761589403974
1244	0.001986754966887417
1519	0.0013245033112582781
1088	0.0006622516556291391
3526	0.007947019867549669
3527	0.006622516556291391
101	0.00728476821192053
3031	0.0026490066225165563
2412	0.0026490066225165563
654	0.0013245033112582781
3437	0.001986754966887417
3032	0.0026490066225165563
3528	0.00728476821192053
2153	0.0006622516556291391
1103	0.0033112582781456954
585	0.0033112582781456954
2016	0.0026490066225165563
911	0.0006622516556291391
659	0.001986754966887417
394	0.001986754966887417
3377	0.0006622516556291391
1200	0.001986754966887417
1043	0.001986754966887417
3529	0.013245033112582781
3302	0.0006622516556291391
2516	0.0006622516556291391
176	0.0006622516556291391
2179	0.0006622516556291391
2039	0.0006622516556291391
1907	0.0006622516556291391
74	0.0013245033112582781
1877	0.0013245033112582781
2022	0.0013245033112582781
1795	0.0006622516556291391
3354	0.0006622516556291391
2052	0.0006622516556291391
1240	0.0013245033112582781
1488	0.0013245033112582781
3255	0.0006622516556291391
1151	0.0006622516556291391
2317	0.0006622516556291391
1479	0.0006622516556291391
3530	0.016556291390728478
496	0.001986754966887417
928	0.005298013245033113
3398	0.0006622516556291391
252	0.009271523178807948
3457	0.003973509933774834
377	0.0026490066225165563
1670	0.001986754966887417
858	0.005960264900662251
509	0.003973509933774834
3303	0.0033112582781456954
2067	0.0006622516556291391
1206	0.0033112582781456954
1218	0.0006622516556291391
290	0.0026490066225165563
268	0.0026490066225165563
1718	0.0013245033112582781
278	0.004635761589403974
3021	0.0033112582781456954
38	0.003973509933774834
42	0.0033112582781456954
1176	0.0026490066225165563
857	0.0033112582781456954
272	0.005960264900662251
3531	0.025165562913907286
3532	0.025165562913907286
327	0.001986754966887417
946	0.0006622516556291391
1853	0.0013245033112582781
258	0.0013245033112582781
1830	0.0006622516556291391
1063	0.0013245033112582781
366	0.005960264900662251
179	0.005960264900662251
1426	0.0013245033112582781
1573	0.0013245033112582781
325	0.0013245033112582781
384	0.006622516556291391
2057	0.0006622516556291391
1684	0.0026490066225165563
350	0.0033112582781456954
2465	0.0006622516556291391
908	0.0013245033112582781
3054	0.0033112582781456954
2971	0.0006622516556291391
201	0.003973509933774834
882	0.001986754966887417
3036	0.0006622516556291391
226	0.0006622516556291391
1844	0.0013245033112582781
691	0.003973509933774834
284	0.0013245033112582781
603	0.0006622516556291391
191	0.001986754966887417
1248	0.004635761589403974
753	0.0006622516556291391
388	0.0026490066225165563
43	0.001986754966887417
672	0.0006622516556291391
810	0.0013245033112582781
1124	0.0013245033112582781
958	0.0006622516556291391
759	0.003973509933774834
1748	0.0006622516556291391
494	0.0006622516556291391
3053	0.0013245033112582781
1023	0.004635761589403974
3396	0.0013245033112582781
717	0.0006622516556291391
67	0.0033112582781456954
3028	0.0006622516556291391
3533	0.009933774834437087
3534	0.005298013245033113
1052	0.0006622516556291391
7	0.0006622516556291391
1619	0.0006622516556291391
2430	0.0006622516556291391
1028	0.0013245033112582781
29	0.0013245033112582781
1922	0.0006622516556291391
2420	0.0006622516556291391
2490	0.0006622516556291391
3141	0.0006622516556291391
1931	0.0013245033112582781
1586	0.005298013245033113
836	0.001986754966887417
2740	0.0006622516556291391
3005	0.006622516556291391
1529	0.0033112582781456954
3535	0.00728476821192053
999	0.001986754966887417
1584	0.0006622516556291391
3276	0.003973509933774834
2978	0.0006622516556291391
562	0.001986754966887417
75	0.005960264900662251
3504	0.0006622516556291391
3536	0.008609271523178808
1186	0.0013245033112582781
123	0.005298013245033113
3206	0.0013245033112582781
3408	0.0013245033112582781
1894	0.0006622516556291391
1359	0.001986754966887417
1380	0.0006622516556291391
3537	0.00728476821192053
3538	0.054304635761589407
396	0.0013245033112582781
1029	0.0006622516556291391
3175	0.0006622516556291391
1315	0.001986754966887417
2402	0.0006622516556291391
1168	0.0006622516556291391
2114	0.0006622516556291391
1390	0.0006622516556291391
988	0.0006622516556291391
892	0.0006622516556291391
3411	0.0013245033112582781
569	0.0026490066225165563
3235	0.0006622516556291391
574	0.0006622516556291391
1822	0.0006622516556291391
206	0.0013245033112582781
804	0.0006622516556291391
622	0.0006622516556291391
2266	0.0006622516556291391
1135	0.0006622516556291391
1814	0.0006622516556291391
639	0.0006622516556291391
1880	0.0026490066225165563
3307	0.0006622516556291391
473	0.0013245033112582781
3358	0.0013245033112582781
365	0.0013245033112582781
1723	0.0013245033112582781
1773	0.0006622516556291391
2117	0.0013245033112582781
2068	0.0006622516556291391
425	0.0006622516556291391
1766	0.0006622516556291391
887	0.0006622516556291391
2134	0.0013245033112582781
1159	0.0006622516556291391
820	0.0026490066225165563
655	0.0013245033112582781
3353	0.0013245033112582781
187	0.0006622516556291391
533	0.0006622516556291391
712	0.0006622516556291391
2051	0.0006622516556291391
57	0.0006622516556291391
3197	0.0006622516556291391
3244	0.0013245033112582781
1351	0.0006622516556291391
312	0.0006622516556291391
700	0.0006622516556291391
3264	0.0006622516556291391
1632	0.0006622516556291391
2965	0.0006622516556291391
480	0.0006622516556291391
1506	0.001986754966887417
1846	0.0013245033112582781
1119	0.0006622516556291391
2609	0.0006622516556291391
2308	0.0013245033112582781
3165	0.0013245033112582781
821	0.0013245033112582781
326	0.0006622516556291391
1022	0.0006622516556291391
2389	0.0013245033112582781
866	0.0006622516556291391
2755	0.0006622516556291391
1842	0.0006622516556291391
1012	0.0006622516556291391
3088	0.0006622516556291391
330	0.001986754966887417
3539	0.01390728476821192
1790	0.001986754966887417
3143	0.0006622516556291391
1489	0.0006622516556291391
282	0.001986754966887417
708	0.0033112582781456954
103	0.0006622516556291391
1551	0.0006622516556291391
79	0.0033112582781456954
339	0.0013245033112582781
95	0.0033112582781456954
1399	0.0013245033112582781
107	0.0006622516556291391
3313	0.0006622516556291391
731	0.0026490066225165563
955	0.0006622516556291391
3020	0.0033112582781456954
889	0.0006622516556291391
3540	0.003973509933774834
3218	0.0006622516556291391
925	0.0006622516556291391
940	0.0006622516556291391
3541	0.006622516556291391
3065	0.001986754966887417
1148	0.001986754966887417
48	0.00728476821192053
299	0.005298013245033113
3542	0.02119205298013245
3543	0.009271523178807948
239	0.0006622516556291391
3151	0.0006622516556291391
3011	0.0006622516556291391
2474	0.0006622516556291391
455	0.0006622516556291391
1113	0.0006622516556291391
730	0.001986754966887417
45	0.0006622516556291391
651	0.0013245033112582781
961	0.0006622516556291391
136	0.0006622516556291391
447	0.0013245033112582781
922	0.0006622516556291391
1642	0.0006622516556291391
617	0.0013245033112582781
3072	0.0006622516556291391
3544	0.017880794701986755
3545	0.009933774834437087
203	0.0006622516556291391
1808	0.0006622516556291391
2349	0.001986754966887417
2237	0.001986754966887417
175	0.0006622516556291391
444	0.003973509933774834
1535	0.0013245033112582781
1334	0.0006622516556291391
2479	0.0006622516556291391
2763	0.0006622516556291391
2624	0.0006622516556291391
1030	0.0013245033112582781
2019	0.0026490066225165563
2578	0.0006622516556291391
3191	0.0006622516556291391
3212	0.0013245033112582781
3546	0.009271523178807948
3100	0.0013245033112582781
1578	0.0026490066225165563
3016	0.0013245033112582781
2508	0.0006622516556291391
2158	0.0006622516556291391
1910	0.001986754966887417
294	0.0013245033112582781
950	0.0006622516556291391
1140	0.0013245033112582781
957	0.0006622516556291391
3547	0.01456953642384106
309	0.0026490066225165563
1237	0.0013245033112582781
1783	0.0026490066225165563
211	0.0033112582781456954
3402	0.001986754966887417
1694	0.0006622516556291391
2932	0.0013245033112582781
392	0.004635761589403974
391	0.0013245033112582781
3150	0.001986754966887417
1153	0.0026490066225165563
1781	0.0006622516556291391
3084	0.0026490066225165563
2082	0.0006622516556291391
2	0.001986754966887417
3548	0.025165562913907286
2972	0.0006622516556291391
3041	0.0013245033112582781
492	0.0006622516556291391
446	0.0006622516556291391
1798	0.0006622516556291391
2558	0.0006622516556291391
1447	0.0013245033112582781
3450	0.0013245033112582781
1325	0.001986754966887417
648	0.0006622516556291391
1637	0.0013245033112582781
1743	0.0006622516556291391
3549	0.010596026490066225
686	0.0033112582781456954
462	0.0013245033112582781
3550	0.009933774834437087
3293	0.0013245033112582781
249	0.001986754966887417
463	0.0013245033112582781
3292	0.0013245033112582781
667	0.001986754966887417
1079	0.0013245033112582781
3287	0.0013245033112582781
2989	0.0026490066225165563
3286	0.0013245033112582781
1112	0.0013245033112582781
3551	0.003973509933774834
3552	0.006622516556291391
2602	0.0013245033112582781
3284	0.0013245033112582781
3376	0.0026490066225165563
1522	0.0026490066225165563
2656	0.0006622516556291391
3375	0.0006622516556291391
2695	0.001986754966887417
610	0.001986754966887417
3553	0.003973509933774834
481	0.0006622516556291391
3554	0.013245033112582781
3555	0.022516556291390728
2489	0.0013245033112582781
1967	0.001986754966887417
1020	0.0013245033112582781
1358	0.0013245033112582781
2190	0.0006622516556291391
3453	0.0006622516556291391
903	0.001986754966887417
638	0.0006622516556291391
1847	0.0013245033112582781
2439	0.001986754966887417
335	0.0033112582781456954
121	0.0006622516556291391
1871	0.0013245033112582781
764	0.0026490066225165563
371	0.0026490066225165563
3382	0.001986754966887417
495	0.0006622516556291391
891	0.001986754966887417
70	0.0026490066225165563
2098	0.0006622516556291391
177	0.001986754966887417
2432	0.0006622516556291391
1270	0.005298013245033113
1123	0.0033112582781456954
2807	0.0013245033112582781
2268	0.0006622516556291391
1100	0.001986754966887417
595	0.0033112582781456954
1053	0.0013245033112582781
1259	0.0013245033112582781
1327	0.0006622516556291391
3556	0.013245033112582781
3122	0.0006622516556291391
713	0.0006622516556291391
3201	0.0026490066225165563
167	0.0006622516556291391
576	0.0006622516556291391
1677	0.0006622516556291391
2173	0.0006622516556291391
409	0.001986754966887417
553	0.0013245033112582781
3557	0.006622516556291391
3558	0.010596026490066225
2503	0.001986754966887417
2112	0.0006622516556291391
1187	0.0006622516556291391
1360	0.001986754966887417
2024	0.0026490066225165563
470	0.0006622516556291391
1638	0.001986754966887417
160	0.0006622516556291391
254	0.0026490066225165563
2570	0.001986754966887417
2980	0.0006622516556291391
2198	0.0006622516556291391
2605	0.0006622516556291391
3559	0.003973509933774834
513	0.0026490066225165563
749	0.0026490066225165563
796	0.001986754966887417
1379	0.001986754966887417
3560	0.006622516556291391
3561	0.009271523178807948
3404	0.001986754966887417
2343	0.0006622516556291391
159	0.001986754966887417
1108	0.0026490066225165563
1625	0.0033112582781456954
1346	0.0013245033112582781
508	0.006622516556291391
3004	0.0006622516556291391
3562	0.005960264900662251
2286	0.0006622516556291391
1348	0.0006622516556291391
1872	0.0006622516556291391
1454	0.0006622516556291391
1940	0.0006622516556291391
583	0.0013245033112582781
3563	0.0033112582781456954
2523	0.0006622516556291391
2188	0.001986754966887417
3564	0.01456953642384106
554	0.0006622516556291391
893	0.0013245033112582781
872	0.003973509933774834
766	0.0013245033112582781
2470	0.0006622516556291391
2537	0.0013245033112582781
612	0.0013245033112582781
241	0.0006622516556291391
661	0.0033112582781456954
1840	0.0006622516556291391
3565	0.017880794701986755
2192	0.001986754966887417
3074	0.0013245033112582781
1482	0.0006622516556291391
436	0.0006622516556291391
1180	0.0006622516556291391
2070	0.0006622516556291391
1953	0.0006622516556291391
169	0.0033112582781456954
2912	0.0006622516556291391
3566	0.005298013245033113
3567	0.004635761589403974
2246	0.0006622516556291391
435	0.0026490066225165563
269	0.0033112582781456954
741	0.0006622516556291391
3568	0.00728476821192053
782	0.0006622516556291391
16	0.0013245033112582781
193	0.0006622516556291391
192	0.0026490066225165563
819	0.0006622516556291391
3569	0.008609271523178808
1130	0.0013245033112582781
1418	0.0006622516556291391
349	0.0006622516556291391
424	0.0006622516556291391
3426	0.0006622516556291391
1343	0.0013245033112582781
3570	0.016556291390728478
2973	0.0006622516556291391
104	0.0006622516556291391
1083	0.0006622516556291391
170	0.0006622516556291391
3362	0.0013245033112582781
3087	0.0006622516556291391
2111	0.0006622516556291391
1510	0.0013245033112582781
3306	0.0006622516556291391
3571	0.017880794701986755
985	0.003973509933774834
1933	0.001986754966887417
3455	0.0013245033112582781
909	0.001986754966887417
3208	0.0033112582781456954
3285	0.0006622516556291391
2291	0.0006622516556291391
704	0.0026490066225165563
151	0.003973509933774834
2677	0.0006622516556291391
2800	0.0006622516556291391
3572	0.006622516556291391
2455	0.001986754966887417
1386	0.001986754966887417
3090	0.001986754966887417
3046	0.001986754966887417
2182	0.001986754966887417
3347	0.0006622516556291391
184	0.001986754966887417
3468	0.0026490066225165563
3573	0.011258278145695364
534	0.0006622516556291391
975	0.0006622516556291391
3008	0.0006622516556291391
814	0.0026490066225165563
3007	0.0006622516556291391
3574	0.005960264900662251
3112	0.0006622516556291391
3575	0.015231788079470199
1149	0.0013245033112582781
1474	0.0006622516556291391
1744	0.0013245033112582781
471	0.001986754966887417
1697	0.0006622516556291391
1308	0.0013245033112582781
678	0.0006622516556291391
3576	0.0013245033112582781
3577	0.008609271523178808
831	0.0006622516556291391
2143	0.0013245033112582781
1485	0.0006622516556291391
794	0.0006622516556291391
383	0.0013245033112582781
2966	0.0013245033112582781
3578	0.008609271523178808
3579	0.07417218543046358
3580	0.013245033112582781
3000	0.0006622516556291391
3505	0.0006622516556291391
1564	0.0026490066225165563
2809	0.0006622516556291391
149	0.001986754966887417
1326	0.001986754966887417
1436	0.0006622516556291391
3508	0.0013245033112582781
1928	0.0006622516556291391
1236	0.001986754966887417
1942	0.0006622516556291391
732	0.0006622516556291391
262	0.0006622516556291391
602	0.0006622516556291391
537	0.0013245033112582781
1890	0.0006622516556291391
3483	0.0006622516556291391
417	0.0006622516556291391
3322	0.0006622516556291391
1889	0.0006622516556291391
1558	0.0006622516556291391
303	0.0006622516556291391
3019	0.001986754966887417
1280	0.0006622516556291391
2987	0.0006622516556291391
2703	0.0006622516556291391
1693	0.0006622516556291391
709	0.0006622516556291391
2382	0.0006622516556291391
60	0.0006622516556291391
2544	0.0006622516556291391
1010	0.0006622516556291391
340	0.0013245033112582781
1599	0.0006622516556291391
1538	0.0006622516556291391
2608	0.0006622516556291391
1948	0.0013245033112582781
720	0.0006622516556291391
1767	0.0006622516556291391
1861	0.0013245033112582781
677	0.0006622516556291391
1968	0.0006622516556291391
2302	0.0006622516556291391
2046	0.0006622516556291391
3371	0.0006622516556291391
653	0.0006622516556291391
1009	0.0006622516556291391
2032	0.0013245033112582781
1125	0.0013245033112582781
1429	0.0006622516556291391
295	0.0013245033112582781
1960	0.0006622516556291391
2154	0.0006622516556291391
1609	0.0006622516556291391
3305	0.001986754966887417
431	0.0006622516556291391
238	0.0006622516556291391
1985	0.0006622516556291391
3248	0.0006622516556291391
3416	0.0006622516556291391
696	0.0013245033112582781
1213	0.0013245033112582781
1630	0.0006622516556291391
3239	0.0006622516556291391
1568	0.0006622516556291391
2403	0.0006622516556291391
1341	0.0006622516556291391
2200	0.0006622516556291391
215	0.001986754966887417
1733	0.0006622516556291391
768	0.0006622516556291391
72	0.0006622516556291391
620	0.0006622516556291391
3	0.0006622516556291391
2021	0.0006622516556291391
415	0.0006622516556291391
1828	0.0006622516556291391
1490	0.0006622516556291391
1042	0.0006622516556291391
1239	0.0013245033112582781
754	0.0013245033112582781
1400	0.0006622516556291391
78	0.0006622516556291391
253	0.0006622516556291391
2366	0.0006622516556291391
8	0.0006622516556291391
1036	0.0006622516556291391
2361	0.0006622516556291391
3240	0.0013245033112582781
2628	0.0006622516556291391
2665	0.0006622516556291391
3459	0.0006622516556291391
3414	0.0006622516556291391
3449	0.001986754966887417
3380	0.0006622516556291391
208	0.0006622516556291391
3581	0.010596026490066225
853	0.0006622516556291391
3425	0.0006622516556291391
2752	0.0006622516556291391
3365	0.0013245033112582781
3582	0.0026490066225165563
2105	0.0006622516556291391
1467	0.0013245033112582781
3583	0.001986754966887417
3584	0.003973509933774834
3443	0.0006622516556291391
3369	0.0006622516556291391
3442	0.0006622516556291391
2642	0.0006622516556291391
3585	0.019205298013245033
1003	0.0006622516556291391
1941	0.0006622516556291391
1303	0.0006622516556291391
2099	0.0013245033112582781
1669	0.0026490066225165563
2203	0.0006622516556291391
744	0.0006622516556291391
520	0.0006622516556291391
2492	0.0006622516556291391
3047	0.0006622516556291391
1046	0.0006622516556291391
2661	0.0006622516556291391
3383	0.0013245033112582781
2167	0.0013245033112582781
2509	0.0006622516556291391
825	0.0013245033112582781
1179	0.001986754966887417
418	0.0013245033112582781
1347	0.0006622516556291391
3586	0.011920529801324502
3587	0.00728476821192053
381	0.0013245033112582781
1735	0.0006622516556291391
727	0.0026490066225165563
64	0.0006622516556291391
1713	0.0013245033112582781
451	0.0006622516556291391
1714	0.0013245033112582781
28	0.0013245033112582781
3051	0.0013245033112582781
3233	0.001986754966887417
876	0.0013245033112582781
443	0.0006622516556291391
3588	0.005960264900662251
2625	0.0006622516556291391
472	0.0013245033112582781
3589	0.009271523178807948
811	0.0006622516556291391
1797	0.0013245033112582781
3590	0.008609271523178808
503	0.0006622516556291391
146	0.001986754966887417
3195	0.0006622516556291391
874	0.0006622516556291391
128	0.003973509933774834
283	0.001986754966887417
3591	0.016556291390728478
3592	0.010596026490066225
2957	0.0013245033112582781
989	0.0026490066225165563
1812	0.0006622516556291391
3067	0.0013245033112582781
2253	0.0006622516556291391
1116	0.0013245033112582781
1525	0.0006622516556291391
687	0.0026490066225165563
2095	0.0006622516556291391
3593	0.0026490066225165563
126	0.0013245033112582781
3594	0.017880794701986755
1031	0.0013245033112582781
3452	0.0006622516556291391
440	0.0006622516556291391
386	0.0026490066225165563
3137	0.0006622516556291391
545	0.0006622516556291391
983	0.0013245033112582781
737	0.0013245033112582781
1373	0.0006622516556291391
3595	0.009271523178807948
3596	0.01390728476821192
248	0.0006622516556291391
2373	0.0013245033112582781
2217	0.0006622516556291391
1974	0.0006622516556291391
3332	0.0006622516556291391
2363	0.001986754966887417
521	0.0006622516556291391
1978	0.0013245033112582781
3126	0.0013245033112582781
432	0.0006622516556291391
1913	0.0006622516556291391
145	0.0006622516556291391
1433	0.0013245033112582781
3193	0.0006622516556291391
1460	0.0006622516556291391
817	0.0006622516556291391
3282	0.0006622516556291391
3597	0.024503311258278145
1532	0.0013245033112582781
864	0.0013245033112582781
943	0.0006622516556291391
3277	0.0006622516556291391
1531	0.0006622516556291391
281	0.0006622516556291391
3433	0.0006622516556291391
721	0.0006622516556291391
3130	0.0006622516556291391
3297	0.001986754966887417
3357	0.0013245033112582781
1635	0.0006622516556291391
91	0.0006622516556291391
2279	0.001986754966887417
1553	0.0006622516556291391
772	0.0006622516556291391
1203	0.0013245033112582781
3314	0.001986754966887417
1484	0.0006622516556291391
2964	0.0006622516556291391
3495	0.0006622516556291391
647	0.0006622516556291391
1757	0.0006622516556291391
3395	0.0013245033112582781
3598	0.003973509933774834
2211	0.0006622516556291391
579	0.0006622516556291391
3599	0.005298013245033113
2744	0.0006622516556291391
485	0.0006622516556291391
3600	0.011258278145695364
787	0.0006622516556291391
2002	0.0006622516556291391
2076	0.0006622516556291391
2979	0.0006622516556291391
1254	0.001986754966887417
360	0.0006622516556291391
3601	0.012582781456953643
1487	0.0006622516556291391
1589	0.0006622516556291391
952	0.0006622516556291391
368	0.0013245033112582781
3602	0.009271523178807948
2451	0.0013245033112582781
2078	0.0006622516556291391
194	0.0006622516556291391
105	0.0006622516556291391
2113	0.0006622516556291391
3603	0.0033112582781456954
3064	0.0006622516556291391
125	0.0006622516556291391
2700	0.0006622516556291391
3604	0.033112582781456956
1169	0.0013245033112582781
1001	0.0013245033112582781
1969	0.0006622516556291391
706	0.0013245033112582781
1964	0.0006622516556291391
277	0.0013245033112582781
3246	0.0013245033112582781
542	0.0006622516556291391
510	0.0026490066225165563
705	0.0013245033112582781
3278	0.0006622516556291391
3176	0.001986754966887417
514	0.0013245033112582781
701	0.0013245033112582781
279	0.001986754966887417
1355	0.0006622516556291391
947	0.0006622516556291391
587	0.0013245033112582781
3605	0.02119205298013245
3606	0.005298013245033113
344	0.0013245033112582781
1247	0.0006622516556291391
3252	0.0006622516556291391
1472	0.0006622516556291391
3391	0.0006622516556291391
3364	0.0006622516556291391
2156	0.0006622516556291391
3189	0.0006622516556291391
1410	0.0006622516556291391
568	0.0013245033112582781
1290	0.0006622516556291391
1084	0.0006622516556291391
1283	0.0013245033112582781
2590	0.0006622516556291391
3607	0.008609271523178808
404	0.0013245033112582781
1189	0.0006622516556291391
255	0.001986754966887417
1663	0.0006622516556291391
3608	0.0026490066225165563
3609	0.005298013245033113
65	0.0013245033112582781
3610	0.001986754966887417
2529	0.0006622516556291391
293	0.0006622516556291391
3611	0.013245033112582781
1729	0.0006622516556291391
3413	0.0006622516556291391
797	0.0006622516556291391
2137	0.0006622516556291391
2913	0.0006622516556291391
3612	0.016556291390728478
3033	0.0013245033112582781
3217	0.001986754966887417
1644	0.0006622516556291391
264	0.0006622516556291391
1228	0.0013245033112582781
3192	0.0006622516556291391
1970	0.0006622516556291391
2151	0.0006622516556291391
560	0.0006622516556291391
307	0.0006622516556291391
3205	0.0013245033112582781
3133	0.0006622516556291391
3216	0.0013245033112582781
1749	0.0013245033112582781
3613	0.007947019867549669
3614	0.00728476821192053
1491	0.0006622516556291391
2616	0.0006622516556291391
1054	0.0006622516556291391
2443	0.0006622516556291391
1878	0.0006622516556291391
1821	0.0006622516556291391
3615	0.0026490066225165563
635	0.0006622516556291391
2701	0.0006622516556291391
3616	0.009933774834437087
220	0.0006622516556291391
1887	0.0013245033112582781
1245	0.0006622516556291391
2345	0.0006622516556291391
376	0.0013245033112582781
3617	0.015894039735099338
97	0.0013245033112582781
2998	0.0013245033112582781
3618	0.006622516556291391
607	0.0006622516556291391
423	0.0013245033112582781
1198	0.0006622516556291391
1232	0.0013245033112582781
1688	0.0006622516556291391
2643	0.001986754966887417
3500	0.0006622516556291391
1451	0.0006622516556291391
3619	0.008609271523178808
31	0.0006622516556291391
3620	0.005960264900662251
1892	0.001986754966887417
1333	0.0033112582781456954
3621	0.0013245033112582781
1056	0.0006622516556291391
3622	0.02052980132450331
2926	0.0006622516556291391
231	0.0006622516556291391
2521	0.0006622516556291391
502	0.0006622516556291391
3623	0.004635761589403974
3624	0.006622516556291391
640	0.0006622516556291391
3625	0.005960264900662251
3626	0.009271523178807948
183	0.0006622516556291391
3156	0.0006622516556291391
3350	0.0006622516556291391
3361	0.0006622516556291391
3089	0.0006622516556291391
2925	0.0006622516556291391
2181	0.0006622516556291391
2936	0.0006622516556291391
2940	0.0006622516556291391
1385	0.0006622516556291391
3627	0.005960264900662251
535	0.0006622516556291391
1957	0.0006622516556291391
1903	0.0006622516556291391
2048	0.0006622516556291391
3628	0.0026490066225165563
3629	0.00728476821192053
608	0.0006622516556291391
3630	0.0033112582781456954
680	0.0013245033112582781
2079	0.0006622516556291391
3631	0.0033112582781456954
3632	0.005298013245033113
1858	0.0006622516556291391
3633	0.031125827814569535
296	0.0006622516556291391
1679	0.0006622516556291391
289	0.0006622516556291391
1319	0.0006622516556291391
954	0.0006622516556291391
1374	0.0006622516556291391
854	0.0006622516556291391
2309	0.0006622516556291391
966	0.0006622516556291391
2517	0.0006622516556291391
3124	0.0006622516556291391
1595	0.0006622516556291391
1226	0.0006622516556291391
35	0.0006622516556291391
2115	0.0006622516556291391
1382	0.0006622516556291391
110	0.0006622516556291391
738	0.0006622516556291391
2250	0.0006622516556291391
1860	0.0006622516556291391
898	0.0006622516556291391
550	0.0013245033112582781
2959	0.0006622516556291391
2196	0.0006622516556291391
1439	0.0006622516556291391
3451	0.0006622516556291391
1261	0.0006622516556291391
1098	0.0006622516556291391
171	0.0006622516556291391
3298	0.0006622516556291391
3634	0.003973509933774834
3635	0.011920529801324502
2668	0.0006622516556291391
2767	0.0006622516556291391
3368	0.0006622516556291391
2118	0.0006622516556291391
1068	0.0006622516556291391
3183	0.0006622516556291391
2171	0.0006622516556291391
2249	0.0006622516556291391
1389	0.0006622516556291391
1818	0.0006622516556291391
2808	0.0006622516556291391
1285	0.0006622516556291391
559	0.0006622516556291391
1463	0.0006622516556291391
1514	0.0006622516556291391
2922	0.0006622516556291391
3636	0.010596026490066225
434	0.0013245033112582781
3469	0.0013245033112582781
631	0.0006622516556291391
1397	0.0006622516556291391
3637	0.006622516556291391
3638	0.001986754966887417
2804	0.0006622516556291391
2354	0.0006622516556291391
3639	0.011258278145695364
2891	0.0006622516556291391
791	0.0006622516556291391
3640	0.003973509933774834
3641	0.010596026490066225
2028	0.0013245033112582781
1505	0.0013245033112582781
2929	0.0013245033112582781
3390	0.0006622516556291391
3202	0.0013245033112582781
2721	0.0006622516556291391
3379	0.0013245033112582781
138	0.0026490066225165563
2928	0.0013245033112582781
625	0.0006622516556291391
3493	0.0006622516556291391
3642	0.01390728476821192
668	0.0006622516556291391
2278	0.0006622516556291391
1423	0.0006622516556291391
3497	0.0006622516556291391
2221	0.0006622516556291391
577	0.0006622516556291391
468	0.0006622516556291391
3643	0.013245033112582781
1137	0.0006622516556291391
781	0.0006622516556291391
726	0.0006622516556291391
662	0.0006622516556291391
1265	0.0006622516556291391
1230	0.0013245033112582781
3644	0.010596026490066225
270	0.0013245033112582781
1424	0.0006622516556291391
3258	0.0013245033112582781
1106	0.0006622516556291391
3645	0.004635761589403974
3646	0.0026490066225165563
582	0.0013245033112582781
1160	0.0013245033112582781
1523	0.0006622516556291391
3647	0.003973509933774834
3648	0.005960264900662251
2798	0.0006622516556291391
3649	0.009271523178807948
3428	0.0013245033112582781
1406	0.0006622516556291391
618	0.0006622516556291391
2759	0.0006622516556291391
3650	0.02781456953642384
2408	0.0006622516556291391
479	0.0006622516556291391
1128	0.0006622516556291391
1126	0.0006622516556291391
1154	0.0006622516556291391
1446	0.0006622516556291391
2186	0.0006622516556291391
3037	0.0006622516556291391
2012	0.0006622516556291391
3651	0.011258278145695364
1117	0.0006622516556291391
3352	0.0006622516556291391
2274	0.0006622516556291391
3316	0.0006622516556291391
3652	0.005960264900662251
1899	0.0006622516556291391
306	0.0013245033112582781
2962	0.0006622516556291391
3653	0.0033112582781456954
3654	0.003973509933774834
2773	0.0006622516556291391
3418	0.0006622516556291391
879	0.0006622516556291391
3655	0.005298013245033113
442	0.0013245033112582781
1716	0.0006622516556291391
3096	0.0006622516556291391
3656	0.009271523178807948
3657	0.009271523178807948
3389	0.0006622516556291391
1216	0.0006622516556291391
232	0.0026490066225165563
86	0.0006622516556291391
2029	0.0013245033112582781
2229	0.0006622516556291391
3658	0.00728476821192053
3479	0.0006622516556291391
2728	0.0006622516556291391
3659	0.0013245033112582781
3660	0.009933774834437087
3661	0.012582781456953643
1929	0.0013245033112582781
3009	0.0006622516556291391
1500	0.0006622516556291391
1768	0.0006622516556291391
3662	0.02119205298013245
3663	0.007947019867549669
547	0.0006622516556291391
2429	0.0006622516556291391
50	0.0006622516556291391
669	0.0006622516556291391
2275	0.0006622516556291391
1815	0.0006622516556291391
2222	0.0006622516556291391
2985	0.0006622516556291391
3147	0.0006622516556291391
904	0.0006622516556291391
802	0.0006622516556291391
2652	0.0006622516556291391
3082	0.0006622516556291391
3664	0.012582781456953643
318	0.0006622516556291391
1526	0.001986754966887417
3665	0.0033112582781456954
3154	0.0013245033112582781
3666	0.004635761589403974
561	0.0006622516556291391
565	0.0006622516556291391
3223	0.0006622516556291391
2946	0.0006622516556291391
1238	0.0006622516556291391
3667	0.017218543046357615
883	0.0006622516556291391
498	0.0006622516556291391
53	0.0013245033112582781
1431	0.0006622516556291391
1307	0.0006622516556291391
3471	0.0006622516556291391
1486	0.0006622516556291391
250	0.0013245033112582781
2320	0.0006622516556291391
556	0.0006622516556291391
743	0.0006622516556291391
3668	0.006622516556291391
3669	0.010596026490066225
3670	0.009271523178807948
3323	0.0006622516556291391
2468	0.0006622516556291391
1868	0.0013245033112582781
1080	0.0013245033112582781
379	0.0006622516556291391
2272	0.0006622516556291391
1391	0.0006622516556291391
2935	0.001986754966887417
2927	0.0026490066225165563
1107	0.0006622516556291391
3078	0.0013245033112582781
2452	0.0006622516556291391
2756	0.0006622516556291391
3671	0.033112582781456956
25	0.0013245033112582781
2061	0.0006622516556291391
1579	0.0013245033112582781
486	0.0006622516556291391
1033	0.0006622516556291391
588	0.0006622516556291391
387	0.0006622516556291391
532	0.0006622516556291391
2130	0.0006622516556291391
1407	0.0006622516556291391
1115	0.0006622516556291391
3344	0.0013245033112582781
3672	0.006622516556291391
1344	0.0006622516556291391
2893	0.0006622516556291391
1590	0.0013245033112582781
3673	0.03443708609271523
1086	0.0006622516556291391
1704	0.0006622516556291391
3456	0.0006622516556291391
1279	0.0006622516556291391
71	0.0006622516556291391
3279	0.0006622516556291391
1255	0.0006622516556291391
695	0.0006622516556291391
291	0.0006622516556291391
1430	0.0006622516556291391
789	0.0006622516556291391
3301	0.0006622516556291391
3674	0.01390728476821192
690	0.0006622516556291391
3675	0.004635761589403974
3676	0.013245033112582781
27	0.0006622516556291391
1253	0.0006622516556291391
26	0.0013245033112582781
1867	0.0006622516556291391
600	0.0006622516556291391
2292	0.0013245033112582781
3677	0.017880794701986755
3678	0.013245033112582781
3406	0.0013245033112582781
3153	0.0006622516556291391
3356	0.0006622516556291391
968	0.0006622516556291391
1158	0.0006622516556291391
895	0.0006622516556291391
1314	0.0006622516556291391
762	0.0006622516556291391
809	0.0013245033112582781
2466	0.0006622516556291391
2679	0.0006622516556291391
2447	0.0006622516556291391
806	0.0006622516556291391
1708	0.0006622516556291391
990	0.0006622516556291391
3679	0.010596026490066225
3680	0.010596026490066225
818	0.0006622516556291391
3226	0.0006622516556291391
3321	0.0006622516556291391
1018	0.0006622516556291391
3010	0.0006622516556291391
1699	0.0006622516556291391
362	0.0006622516556291391
3485	0.0006622516556291391
3410	0.0006622516556291391
739	0.0006622516556291391
405	0.0006622516556291391
3681	0.011920529801324502
805	0.0006622516556291391
1129	0.0006622516556291391
1367	0.0006622516556291391
856	0.0006622516556291391
3682	0.006622516556291391
2425	0.0006622516556291391
3683	0.003973509933774834
3684	0.011258278145695364
218	0.0006622516556291391
414	0.0006622516556291391
311	0.0006622516556291391
2372	0.0006622516556291391
1037	0.0006622516556291391
1660	0.0006622516556291391
155	0.0006622516556291391
1504	0.0006622516556291391
3685	0.005960264900662251
3686	0.0013245033112582781
1394	0.0006622516556291391
615	0.0006622516556291391
1215	0.0006622516556291391
3687	0.011920529801324502
3688	0.006622516556291391
2918	0.0013245033112582781
1475	0.0006622516556291391
2880	0.0006622516556291391
1571	0.0006622516556291391
2241	0.0013245033112582781
2103	0.0006622516556291391
3439	0.0006622516556291391
3405	0.0013245033112582781
3128	0.0006622516556291391
406	0.0006622516556291391
1652	0.0006622516556291391
3689	0.0006622516556291391
3690	0.00728476821192053
3691	0.01390728476821192
2567	0.0006622516556291391
3486	0.0006622516556291391
1645	0.0006622516556291391
1891	0.0006622516556291391
3692	0.024503311258278145
3693	0.007947019867549669
55	0.0006622516556291391
2396	0.0006622516556291391
689	0.0006622516556291391
3331	0.0006622516556291391
32	0.0006622516556291391
2031	0.0006622516556291391
3417	0.0006622516556291391
3694	0.007947019867549669
3695	0.005298013245033113
3696	0.008609271523178808
3697	0.008609271523178808
1820	0.0006622516556291391
499	0.0006622516556291391
2025	0.0006622516556291391
2472	0.0006622516556291391
2909	0.0006622516556291391
3698	0.007947019867549669
3699	0.017218543046357615
1469	0.0006622516556291391
2147	0.0006622516556291391
3435	0.0006622516556291391
522	0.0006622516556291391
3232	0.0006622516556291391
120	0.0006622516556291391
2751	0.0006622516556291391
536	0.0006622516556291391
996	0.0006622516556291391
385	0.0006622516556291391
2001	0.0006622516556291391
2401	0.0006622516556291391
490	0.0006622516556291391
3700	0.008609271523178808
793	0.0006622516556291391
907	0.0006622516556291391
3701	0.007947019867549669
507	0.0006622516556291391
2257	0.0006622516556291391
186	0.0006622516556291391
3702	0.0006622516556291391
3703	0.023178807947019868
3704	0.004635761589403974
894	0.0006622516556291391
765	0.0006622516556291391
557	0.0006622516556291391
1664	0.0006622516556291391
487	0.0006622516556291391
733	0.0006622516556291391
1405	0.0006622516556291391
3101	0.0006622516556291391
302	0.0006622516556291391
1195	0.0006622516556291391
3705	0.006622516556291391
3706	0.009271523178807948
3424	0.0006622516556291391
3707	0.01456953642384106
2194	0.0006622516556291391
936	0.0006622516556291391
539	0.0006622516556291391
401	0.0006622516556291391
1157	0.0006622516556291391
3708	0.011920529801324502
3709	0.011920529801324502
1700	0.0013245033112582781
1152	0.0013245033112582781
1508	0.0013245033112582781
828	0.0006622516556291391
2615	0.0006622516556291391
315	0.0013245033112582781
3448	0.0013245033112582781
1242	0.0013245033112582781
2646	0.0013245033112582781
1155	0.0006622516556291391
2066	0.0006622516556291391
803	0.0006622516556291391
972	0.0006622516556291391
2788	0.0013245033112582781
1545	0.0006622516556291391
2823	0.0006622516556291391
1696	0.0006622516556291391
2619	0.0006622516556291391
