3509	0.008750327076261978
3510	0.0056220627602860205
1178	0.0
3247	6.542569745304638e-05
2421	0.0
1005	0.0
94	0.035334002528505805
257	0.0
767	0.0
1395	3.6042044977943724e-05
1673	0.0
606	0.002634287710219407
316	0.00020599215440742484
285	0.0021086862124778914
189	0.10276042551170898
63	0.08299351625365672
40	0.05558551115789909
815	0.0
3184	0.00011220948588998349
998	4.8113129713493376e-05
3015	0.0
3511	0.010464128193006595
2145	0.0
2969	0.0
2916	0.0
1021	0.0
3114	0.0
3014	0.0
2367	0.0
3458	0.0
3261	0.0
976	0.010959770574574703
1143	0.0
454	0.0
477	0.0
263	0.0
2144	0.0
3512	0.008492948731923895
3513	0.0011669962940664552
2296	0.0
649	0.006727783362045661
416	0.0004436183782339373
862	0.00036532227136971686
2165	0.0
1204	0.00016061638277353532
3412	0.002600363051843061
644	0.0005109893045845158
592	0.005656330793054295
117	0.0004461162976234736
1698	8.23490852842639e-05
657	0.0024362106068108393
1593	2.0513025601082667e-05
1006	0.0008581996742056952
980	0.0019252351504374739
132	0.0003330144205582529
133	0.0005036872695840897
3135	0.0003351738780754368
88	0.009541119068556878
3514	0.0033970066390736553
1680	0.0008258987492260528
21	0.2448082076099684
1621	0.0
154	4.059533864162107e-05
3421	0.00018680151567652414
3515	0.02059787989134206
286	3.974698044813641e-05
605	0.0
2298	6.777024332471542e-05
1659	0.00043535032428519384
2138	0.00048232305122508146
202	0.0
2498	2.2931580901552332e-05
1039	0.0
1604	2.2931580901552332e-05
530	2.2931580901552332e-05
1249	0.0014504022148635865
142	0.0011877630610478023
1850	2.2931580901552332e-05
2982	0.0
317	0.0
604	3.974698044813641e-05
3185	0.0003619113978196845
174	0.0003575292088566789
6	0.0014320511282850947
483	0.001395148218736645
630	0.0
1111	0.0
1617	0.0
73	0.0
3256	2.2931580901552332e-05
141	0.0
564	0.0
19	0.0
2119	0.00020706844375869844
1672	6.777024332471542e-05
1499	0.0008006672507828715
1717	0.0
758	6.15986783675137e-05
3516	0.011654983914888811
173	0.0008845222665631747
3023	0.0
1222	0.0024091330362993476
109	0.00013966505730629854
14	3.570162064687409e-05
20	5.576059651090137e-05
185	3.570162064687409e-05
2438	0.0
716	0.002628451589437084
566	6.15986783675137e-05
34	0.005602931734258086
9	0.0028653258752896612
792	0.0013163797057846134
1015	0.0
601	0.0002858592633481919
1445	5.5397426055093724e-05
3517	0.0024265884797215163
3518	0.0016248918225028855
274	0.002472712849911723
1045	0.0010624978419368348
400	0.003648817852785094
1224	5.747706840381478e-05
292	0.0022319615508287942
2970	0.0
1330	0.00023819057223969855
3519	0.012581451542164277
3520	0.014902906943091697
1415	0.0
61	0.001697416875691154
111	0.0007837361282253442
658	0.0
23	0.0004661713784463717
98	0.0004833181007292136
224	0.00016674026125501368
275	2.3101799822081583e-05
822	0.0018548676899920885
1588	0.0
426	0.0010328966866687292
113	0.001595420544002743
3487	4.38382016813956e-05
217	0.00011655991476298493
460	0.0003770093748351888
1576	0.0
636	5.246401427533432e-05
1017	0.0
650	0.00018638017921731114
1548	9.873604609868864e-06
33	0.000494482602749454
629	0.0008976378734486979
2180	2.963364231473288e-06
403	0.0003467727762861276
82	0.00014287788294039432
3503	0.0
849	0.0
389	0.0
134	0.00671643821899815
1834	0.0002764723616517939
402	0.0
5	5.246401427533432e-05
3444	0.0
548	0.00046129179488394655
3409	0.0006449054104651237
1377	5.246401427533432e-05
119	0.0002614340395774484
4	0.006679451512736397
46	9.873604609868864e-06
157	0.0024498958851685805
1114	2.963364231473288e-06
135	7.25394938451635e-05
3073	2.963364231473288e-06
99	0.00016674026125501368
112	0.02873462140063974
519	0.0011071027228131399
3521	0.002110959516874427
3522	0.002543219448995538
90	0.0009119551292707528
357	0.019563606507230866
2538	0.0
3523	0.002600418763029143
320	0.0006663114498653674
322	0.004327303672528067
3190	0.0
106	0.047879482857862636
321	2.9614673005656763e-05
3524	0.0036240488673170927
3525	0.008491385163560945
1087	0.0
457	0.0
3423	0.0
2312	0.00036485115397585596
2010	0.0
69	0.07498581840368398
2258	2.6006354577729545e-05
2378	0.00020878073832000753
338	0.0062869047679715555
1244	0.0011501853140799103
1519	8.212028580287208e-05
1088	0.0
3526	0.002282479959989392
3527	0.00321742155119011
101	0.007913584759715899
3031	0.0
2412	0.0
654	0.0
3437	0.0
3032	0.0
3528	0.005428279606516996
2153	0.0
1103	0.0001021838807179446
585	0.00021949908378111676
2016	5.659557675264368e-05
911	0.0
659	2.9045084661784457e-05
394	9.623041503573361e-05
3377	0.0
1200	2.9045084661784457e-05
1043	0.0017766269678503417
3529	0.018651092919453632
3302	0.0
2516	0.0
176	0.0
2179	0.0
2039	0.0
1907	0.0
74	0.0010721161305081305
1877	0.0003878732521400057
2022	0.0
1795	0.0
3354	0.0
2052	0.0
1240	0.0
1488	0.0014670370393528493
3255	0.0
1151	0.0
2317	0.0
1479	0.0
3530	0.005138888908060969
496	0.0
928	0.0020476609863487594
3398	0.0
252	0.012855852027529424
3457	0.00036029507181325755
377	0.0002725291566846791
1670	0.0005366243156491879
858	0.0032965441464245624
509	0.0017486256676754494
3303	0.0013851558304442627
2067	0.0
1206	0.0003849036460751898
1218	0.0
290	4.242480527872122e-06
268	3.12232246855432e-06
1718	0.0
278	0.0014645555880969663
3021	4.242480527872122e-06
38	0.002098810349401771
42	0.00013404725991737328
1176	4.242480527872122e-06
857	0.0007384313103489486
272	0.004029165751060354
3531	0.033313252218666385
3532	0.03461852473892197
327	0.00012817240028880142
946	0.0
1853	0.00046848399814765796
258	0.0005825937388385194
1830	0.0
1063	0.000112282758819535
366	0.0025105751687732195
179	0.001114772200278507
1426	0.0005825937388385194
1573	0.0033816548191037345
325	1.5689493057963857e-05
384	0.011222535557134957
2057	0.0
1684	0.0003180106015826535
350	0.00034416066672821993
2465	0.0
908	7.17797394116393e-05
3054	0.003966004970172455
2971	0.0
201	0.000938511803145597
882	0.00024275365058503957
3036	0.0
226	0.0
1844	3.453146827651051e-05
691	0.0006743561237129946
284	0.0011101017796466012
603	0.0
191	0.0017342460826178863
1248	0.0019015025617816442
753	0.0
388	0.0001468811169581877
43	4.601068795408711e-05
672	0.0
810	0.000626668821228924
1124	0.0005825937388385194
958	0.0
759	0.0003445027780940857
1748	0.0
494	0.0
3053	0.0005825937388385194
1023	0.002506974388628167
3396	0.0032136273735712878
717	0.0
67	0.00032022113775294196
3028	0.0
3533	0.013295811945943748
3534	0.00588662165802864
1052	0.0
7	0.0
1619	0.0
2430	0.0
1028	0.0009498276888141963
29	0.0003711909449651513
1922	0.0
2420	0.0
2490	0.0
3141	0.0
1931	0.00010590410146746974
1586	0.0007208879391540405
836	0.002935518471535497
2740	0.0
3005	0.0014984257497907684
1529	0.00015858249553329256
3535	0.006982742147904638
999	0.0007731962086242525
1584	0.0
3276	0.0017593743772657347
2978	0.0
562	0.0003583116022511393
75	0.005777699598124317
3504	0.0
3536	0.017365855709893824
1186	0.00010283286210402248
123	0.004564552031108679
3206	0.00010217899818469728
3408	0.0
1894	0.0
1359	0.00015442891136287855
1380	0.0
3537	0.007115482773184373
3538	0.08612538087326638
396	0.0016159674101639122
1029	0.0
3175	0.0
1315	0.00032585910167894636
2402	0.0
1168	0.0
2114	0.0
1390	0.0
988	0.0
892	0.0
3411	0.0005638513256846514
569	8.331239217120747e-05
3235	0.0
574	0.0
1822	0.0
206	0.0014353168202402926
804	0.0
622	0.0
2266	0.0
1135	0.0
1814	0.0
639	0.0
1880	0.005740313036851065
3307	0.0
473	0.0002868446921070957
3358	0.0008878000733986924
365	0.0006682445909406519
1723	0.000609940968423072
1773	0.0
2117	0.0002868446921070957
2068	0.0
425	0.0
1766	0.0
887	0.0
2134	0.0008568874636981304
1159	0.0
820	0.0049160450281068154
655	0.0002701546349108553
3353	0.000609940968423072
187	0.0
533	0.0
712	0.0
2051	0.0
57	0.0
3197	0.0
3244	0.0012212666889633652
1351	0.0
312	0.0
700	0.0
3264	0.0
1632	0.0
2965	0.0
480	0.0
1506	0.0009573875541447831
1846	0.0006228612146225252
1119	0.0
2609	0.0
2308	0.0002701546349108553
3165	0.0015586351114330323
821	0.0006682445909406519
326	0.0
1022	0.0
2389	0.0006228612146225252
866	0.0
2755	0.0
1842	0.0
1012	0.0
3088	0.0
330	0.0009968878202892052
3539	0.013012693213373519
1790	0.0001651629713645012
3143	0.0
1489	0.0
282	0.00035847394899388575
708	0.0030132207592422637
103	0.0
1551	0.0
79	0.0014513861030416614
339	0.0
95	0.001620876343194788
1399	0.00020927006323135915
107	0.0
3313	0.0
731	0.0011988783962294377
955	0.0
3020	0.002660808145212251
889	0.0
3540	0.0032275309056283875
3218	0.0
925	0.0
940	0.0
3541	0.002776392200738379
3065	4.799296038634504e-05
1148	4.688525908808024e-05
48	0.0036167572674064207
299	0.0011578562074495479
3542	0.02318542018636992
3543	0.0035314912082421734
239	0.0
3151	0.0
3011	0.0
2474	0.0
455	0.0
1113	0.0
730	0.00012736320973947171
45	0.0
651	4.215213363605924e-05
961	0.0
136	0.0
447	9.93412010930691e-06
922	0.0
1642	0.0
617	8.746768941606266e-05
3072	0.0
3544	0.04649155364549042
3545	0.006404942961130092
203	0.0
1808	0.0
2349	7.865008508632448e-05
2237	1.5689564765560983e-05
175	0.0
444	0.00018847572656694548
1535	9.33607555174939e-06
1334	0.0
2479	0.0
2763	0.0
2624	0.0
1030	0.00012916443199703593
2019	4.941520940946011e-05
2578	0.0
3191	0.0
3212	0.00036962939601111865
3546	0.011855583412704837
3100	0.00020969515226787743
1578	0.0003954464964417505
3016	0.00042656447565277286
2508	0.0
2158	0.0
1910	0.0009028361318307797
294	6.110222648120227e-05
950	0.0
1140	0.00010671962299567408
957	0.0
3547	0.018073307540428952
309	0.00031454327897037005
1237	8.494547046055331e-05
1783	0.0005017312753848101
211	0.0005213229650115331
3402	0.0005015461267569002
1694	0.0
2932	5.110217765142067e-05
392	0.0021534013335593573
391	1.4905541768280537e-05
3150	0.00014495583203635873
1153	0.00026892628058796444
1781	0.0
3084	0.00041302734369298174
2082	0.0
2	0.000454280213188598
3548	0.03391552248796103
2972	0.0
3041	0.0020950679249135957
492	0.0
446	0.0
1798	0.0
2558	0.0
1447	3.692016497920098e-05
3450	2.180391678999818e-05
1325	0.0003072644291077681
648	0.0
1637	9.309489943130644e-05
1743	0.0
3549	0.002559954640712603
686	0.0006358450877137666
462	0.0
3550	0.008327725884329132
3293	0.0
249	0.000198367221047082
463	0.0
3292	0.0
667	5.6369527629014334e-05
1079	0.0
3287	0.0
2989	0.0003789187482338653
3286	0.0
1112	0.0
3551	0.0031551451117092537
3552	0.0024104076077323894
2602	0.000507645642893681
3284	9.08086925158795e-05
3376	0.002935127389887901
1522	0.003352576364792919
2656	0.0
3375	0.0
2695	0.0003993336794770967
610	0.0008840927160062422
3553	0.007987897842621832
481	0.0
3554	0.0108052720625704
3555	0.03688128311967068
2489	0.0
1967	1.107368452103003e-05
1020	0.0
1358	0.0
2190	0.0
3453	0.0
903	1.107368452103003e-05
638	0.0
1847	9.874020127079827e-05
2439	1.107368452103003e-05
335	0.001192414609603699
121	0.0
1871	0.0
764	0.00021139723020330417
371	0.001257929905650918
3382	0.00037534312763052045
495	0.0
891	5.016147547832638e-05
70	0.0004175596923505534
2098	0.0
177	0.00023888035264981917
2432	0.0
1270	0.003915936334212713
1123	0.001426983969547561
2807	0.0
2268	0.0
1100	0.00039006990292217853
595	0.0010065010281731365
1053	6.167125696205261e-05
1259	8.33011620755893e-05
1327	0.0
3556	0.014739005574323756
3122	0.0
713	0.0
3201	0.00024911943018299275
167	0.0
576	0.0
1677	0.0
2173	0.0
409	0.0002768056544893709
553	0.0001544743409855282
3557	0.007349110441843184
3558	0.01118357704128402
2503	0.0022422566393561025
2112	0.0
1187	0.0
1360	0.0007101788769836558
2024	0.0004309919037449056
470	0.0
1638	0.00016389123470014386
160	0.0
254	0.0032421341183151344
2570	8.465417080337922e-05
2980	0.0
2198	0.0
2605	0.0
3559	0.0029651873840739955
513	0.0005515718725920759
749	0.0005515718725920759
796	0.00024378273536457292
1379	0.0003269903250559714
3560	0.00439030582730658
3561	0.00821520595493026
3404	3.2760151009603366e-05
2343	0.0
159	0.00022313453890528451
1108	0.00027349601598577284
1625	0.00011020800595973101
1346	0.00016654306391922094
508	0.0038049282727123488
3004	0.0
3562	0.006991155360818863
2286	0.0
1348	0.0
1872	0.0
1454	0.0
1940	0.0
583	0.00019433714532666657
3563	0.0029612925892648473
2523	0.0
2188	6.441222116797291e-05
3564	0.01857804500943662
554	0.0
893	0.0001454501978738002
872	0.0021965730729430334
766	0.0001454501978738002
2470	0.0
2537	0.0001454501978738002
612	3.410181751636395e-05
241	0.0
661	0.00020125430241212152
1840	0.0
3565	0.025066371784027708
2192	0.0004603282927611024
3074	6.158984033093236e-05
1482	0.0
436	0.0
1180	0.0
2070	0.0
1953	0.0
169	0.0014017533918960913
2912	0.0
3566	0.003066237213273469
3567	0.002245643472721665
2246	0.0
435	0.00017917607780957098
269	0.0003881300019479341
741	0.0
3568	0.007011715163841808
782	0.0
16	3.908661655057318e-05
193	0.0
192	0.0010582705704262265
819	0.0
3569	0.013368706297606845
1130	0.0
1418	0.0
349	0.0
424	0.0
3426	0.0
1343	8.577163773504837e-05
3570	0.01792787139981337
2973	0.0
104	0.0
1083	0.0
170	0.0
3362	0.00023049119472904502
3087	0.0
2111	0.0
1510	0.00012666470987496956
3306	0.0
3571	0.004644955077223381
985	0.002475232131106287
1933	0.0001649425638630945
3455	0.0
909	0.0
3208	0.0002857612333943623
3285	0.0
2291	0.0
704	0.0
151	0.0020658184130499294
2677	0.0
2800	0.0
3572	0.002676070142792986
2455	8.591392835370522e-06
1386	0.005072768172253613
3090	8.591392835370522e-06
3046	8.591392835370522e-06
2182	8.591392835370522e-06
3347	0.0
184	8.591392835370522e-06
3468	8.591392835370522e-06
3573	0.015510270554113017
534	0.0
975	0.0
3008	0.0
814	0.016998830501648226
3007	0.0
3574	0.003135056817850483
3112	0.0
3575	0.04163391551477218
1149	6.075617767656454e-06
1474	0.0
1744	4.247957942984703e-05
471	0.00015132060163881313
1697	0.0
1308	0.001075599093251108
678	0.0
3576	0.0013245033112582781
3577	0.009429513950230988
831	0.0
2143	7.984706624820958e-05
1485	0.0
794	0.0
383	3.180788105822519e-05
2966	7.984706624820958e-05
3578	0.0032867723315994526
3579	0.12180824697718537
3580	0.020390808724419448
3000	0.0
3505	0.0
1564	0.00232811917039178
2809	0.0
149	0.000809569468899548
1326	0.0008570073749683548
1436	0.0
3508	0.0006364913544179424
1928	0.0
1236	0.0008570073749683548
1942	0.0
732	0.0
262	0.0
602	0.0
537	0.0005212855396312212
1890	0.0
3483	0.0
417	0.0
3322	0.0
1889	0.0
1558	0.0
303	0.0
3019	0.0016036847965346635
1280	0.0
2987	0.0
2703	0.0
1693	0.0
709	0.0
2382	0.0
60	0.0
2544	0.0
1010	0.0
340	0.001510294955920964
1599	0.0
1538	0.0
2608	0.0
1948	0.00013768585025178886
720	0.0
1767	0.0
1861	0.0016787446214148371
677	0.0
1968	0.0
2302	0.0
2046	0.0
3371	0.0
653	0.0
1009	0.0
2032	0.0014737296576778735
1125	0.0006320545059747984
1429	0.0
295	0.0
1960	0.0
2154	0.0
1609	0.0
3305	0.0023895002936756607
431	0.0
238	0.0
1985	0.0
3248	0.0
3416	0.0
696	0.00044878608880516457
1213	0.0005212855396312212
1630	0.0
3239	0.0
1568	0.0
2403	0.0
1341	0.0
2200	0.0
215	0.0001389672340842009
1733	0.0
768	0.0
72	0.0
620	0.0
3	0.0
2021	0.0
415	0.0
1828	0.0
1490	0.0
1042	0.0
1239	0.0005212855396312212
754	0.002612986305183111
1400	0.0
78	0.0
253	0.0
2366	0.0
8	0.0
1036	0.0
2361	0.0
3240	0.0006053668779063625
2628	0.0
2665	0.0
3459	0.0
3414	0.0
3449	0.0014035636833606292
3380	0.0
208	0.0
3581	0.031702085066879715
853	0.0
3425	0.0
2752	0.0
3365	0.001260653014370106
3582	0.004222948159188929
2105	0.0
1467	4.437223738166682e-05
3583	0.0026481288867238073
3584	0.006974720305476254
3443	0.0
3369	0.0
3442	0.0
2642	0.0
3585	0.02990479850160068
1003	0.0
1941	0.0
1303	0.0
2099	0.0
1669	0.0007313946504072286
2203	0.0
744	0.0
520	0.0
2492	0.0
3047	0.0
1046	0.0
2661	0.0
3383	0.00016144763096209987
2167	6.347129468515839e-05
2509	0.0
825	0.00011679500955846822
1179	0.0001818079111921171
418	0.0
1347	0.0
3586	0.011125156945809796
3587	0.006084987978179414
381	0.0
1735	0.0
727	0.002276534565324176
64	0.0
1713	0.0
451	0.0
1714	0.0
28	2.643029955663877e-05
3051	4.107803794450857e-05
3233	5.8398647723275175e-05
876	6.758267210075994e-05
443	0.0
3588	0.004242526182076656
2625	0.0
472	1.2172076703566919e-05
3589	0.008094445779144692
811	0.0
1797	0.0005225934331898673
3590	0.006157321036320327
503	0.0
146	9.352120283056109e-05
3195	0.0
874	0.0
128	0.0030373399867194653
283	0.0008539047825332831
3591	0.016951063510869967
3592	0.00989288119872096
2957	0.0
989	0.0006317812613931382
1812	0.0
3067	0.002826024263469259
2253	0.0
1116	0.0
1525	0.0
687	0.0012885135723317669
2095	0.0
3593	0.0017558132266320106
126	3.351312331889145e-05
3594	0.025932108501347376
1031	6.12831735076371e-05
3452	0.0
440	0.0
386	0.0013550800543116468
3137	0.0
545	0.0
983	6.12831735076371e-05
737	6.12831735076371e-05
1373	0.0
3595	0.014801444303806588
3596	0.018474523253096287
248	0.0
2373	0.0008160162622950243
2217	0.0
1974	0.0
3332	0.0
2363	0.0008574895419371831
521	0.0
1978	0.00020409692577787083
3126	0.0005058405393355247
432	0.0
1913	0.0
145	0.0
1433	2.194480564721776e-05
3193	0.0
1460	0.0
817	0.0
3282	0.0
3597	0.030370058993195323
1532	3.552545242079597e-05
864	0.0002572262924328761
943	0.0
3277	0.0
1531	0.0
281	0.0
3433	0.0
721	0.0
3130	0.0
3297	0.00027617058621536066
3357	0.0001880059382593096
1635	0.0
91	0.0
2279	0.0011415956695685727
1553	0.0
772	0.0
1203	0.0
3314	0.00027617058621536066
1484	0.0
2964	0.0
3495	0.0
647	0.0
1757	0.0
3395	0.0002572262924328761
3598	0.003948320200870889
2211	0.0
579	0.0
3599	0.003980174539018622
2744	0.0
485	0.0
3600	0.008000049662930874
787	0.0
2002	0.0
2076	0.0
2979	0.0
1254	7.223792394873431e-05
360	0.0
3601	0.01450350830594999
1487	0.0
1589	0.0
952	0.0
368	0.0005633045134538077
3602	0.01647157577226607
2451	4.775563614494794e-05
2078	0.0
194	0.0
105	0.0
2113	0.0
3603	0.0041664712150654365
3064	0.0
125	0.0
2700	0.0
3604	0.01362839061304542
1169	0.0
1001	0.0
1969	0.0
706	0.0
1964	0.0
277	0.0
3246	0.0
542	0.0
510	0.0007078245926883152
705	0.0
3278	0.0
3176	0.0
514	0.0
701	0.0
279	0.0
1355	0.0
947	0.0
587	0.0003013561828209868
3605	0.03176167323720182
3606	0.005601677982099692
344	2.3280556482851398e-05
1247	0.0
3252	0.0
1472	0.0
3391	0.0
3364	0.0
2156	0.0
3189	0.0
1410	0.0
568	2.3280556482851398e-05
1290	0.0
1084	0.0
1283	2.3280556482851398e-05
2590	0.0
3607	0.008075749721173657
404	0.00019022966833464138
1189	0.0
255	0.0005322716420630012
1663	0.0
3608	1.9001877024698463e-05
3609	0.003740638331610272
65	0.00396824351901834
3610	0.0026481288867238073
2529	0.0
293	0.0
3611	0.008329716525939357
1729	0.0
3413	0.0
797	0.0
2137	0.0
2913	0.0
3612	0.022234715130180282
3033	0.00030554085487309883
3217	0.0017822467714128458
1644	0.0
264	0.0
1228	0.0003797372738049318
3192	0.0
1970	0.0
2151	0.0
560	0.0
307	0.0
3205	0.0010346597986788473
3133	0.0
3216	0.0002589724787767035
1749	0.00031493360411210543
3613	0.008541322530290413
3614	0.008790657069261066
1491	0.0
2616	0.0
1054	0.0
2443	0.0
1878	0.0
1821	0.0
3615	0.0026625478236874363
635	0.0
2701	0.0
3616	0.009069275166365751
220	0.0
1887	5.665652793505758e-05
1245	0.0
2345	0.0
376	0.00015846305388824553
3617	0.018603576977481336
97	0.000179925572656308
2998	0.0003717668529400708
3618	0.006848737703159371
607	0.0
423	0.0003717668529400708
1198	0.0
1232	0.005128773695630387
1688	0.0
2643	0.001602949435235921
3500	0.0
1451	0.0
3619	0.005337120479783764
31	0.0
3620	0.003677960515671397
1892	2.6286122278300992e-05
1333	0.0036673798637256055
3621	0.0013245033112582781
1056	0.0
3622	0.0156328606059519
2926	0.0
231	0.0
2521	0.0
502	0.0
3623	0.0027140557969606177
3624	0.004185059355607945
640	0.0
3625	0.00041079121530099565
3626	0.013214126394744449
183	0.0
3156	0.0
3350	0.0
3361	0.0
3089	0.0
2925	0.0
2181	0.0
2936	0.0
2940	0.0
1385	0.0
3627	0.01026594834002295
535	0.0
1957	0.0
1903	0.0
2048	0.0
3628	0.000128041566578404
3629	0.0034225743725204132
608	0.0
3630	0.0028780501104354638
680	1.4837524980977859e-05
2079	0.0
3631	0.0004598350060374017
3632	0.003947375531998111
1858	0.0
3633	0.046059273581670536
296	0.0
1679	0.0
289	0.0
1319	0.0
954	0.0
1374	0.0
854	0.0
2309	0.0
966	0.0
2517	0.0
3124	0.0
1595	0.0
1226	0.0
35	0.0
2115	0.0
1382	0.0
110	0.0
738	0.0
2250	0.0
1860	0.0
898	0.0
550	9.059704613622262e-05
2959	0.0
2196	0.0
1439	0.0
3451	0.0
1261	0.0
1098	0.0
171	0.0
3298	0.0
3634	0.01342183327579403
3635	0.02011220047367407
2668	0.0
2767	0.0
3368	0.0
2118	0.0
1068	0.0
3183	0.0
2171	0.0
2249	0.0
1389	0.0
1818	0.0
2808	0.0
1285	0.0
559	0.0
1463	0.0
1514	0.0
2922	0.0
3636	0.009126346629435223
434	0.00023179334786653703
3469	0.00012313190952908227
631	0.0
1397	0.0
3637	0.0050124488932823015
3638	0.00010477490992285857
2804	0.0
2354	0.0
3639	0.004895176283361738
2891	0.0
791	0.0
3640	0.003206926975560441
3641	0.013274405294730071
2028	0.0
1505	0.0
2929	0.0
3390	0.0
3202	0.0
2721	0.0
3379	0.0
138	0.00021405596603673278
2928	0.0
625	0.0
3493	0.0
3642	0.01860900332766617
668	0.0
2278	0.0
1423	0.0
3497	0.0
2221	0.0
577	0.0
468	0.0
3643	0.014131513635414872
1137	0.0
781	0.0
726	0.0
662	0.0
1265	0.0
1230	7.355850734969184e-05
3644	0.006299651172569549
270	6.51526901910276e-05
1424	0.0
3258	3.458091956997567e-05
1106	0.0
3645	0.0040973818855243585
3646	0.0013245033112582781
582	1.449518687416444e-05
1160	1.449518687416444e-05
1523	0.0
3647	0.03185913889118873
3648	0.022952271055072516
2798	0.0
3649	0.008639089169789052
3428	5.759219849556909e-05
1406	0.0
618	0.0
2759	0.0
3650	0.01466977391142434
2408	0.0
479	0.0
1128	0.0
1126	0.0
1154	0.0
1446	0.0
2186	0.0
3037	0.0
2012	0.0
3651	0.014964665827190537
1117	0.0
3352	0.0
2274	0.0
3316	0.0
3652	0.004917726642955152
1899	0.0
306	1.6692316195746417e-05
2962	0.0
3653	0.005712223509541487
3654	0.004434381731777426
2773	0.0
3418	0.0
879	0.0
3655	0.0033344327828840957
442	0.00025736763527215204
1716	0.0
3096	0.0
3656	0.005575999984211055
3657	0.009871582365260312
3389	0.0
1216	0.0
232	0.0004772420782052163
86	0.0
2029	5.251356810722299e-05
2229	0.0
3658	0.007512655392586726
3479	0.0
2728	0.0
3659	9.888556343269563e-05
3660	0.011437853781314114
3661	0.012771241369606848
1929	0.00023846486576582532
3009	0.0
1500	0.0
1768	0.0
3662	0.02385778311008484
3663	0.011093020334540685
547	0.0
2429	0.0
50	0.0
669	0.0
2275	0.0
1815	0.0
2222	0.0
2985	0.0
3147	0.0
904	0.0
802	0.0
2652	0.0
3082	0.0
3664	0.0054818859667994735
318	0.0
1526	0.00025399921629129757
3665	0.00034502302557538184
3154	0.00020747179686568025
3666	0.006106818665548366
561	0.0
565	0.0
3223	0.0
2946	0.0
1238	0.0
3667	0.02263408229594937
883	0.0
498	0.0
53	0.0005945143627579813
1431	0.0
1307	0.0
3471	0.0
1486	0.0
250	8.372514970402869e-05
2320	0.0
556	0.0
743	0.0
3668	0.0021991807161193325
3669	0.013867862137907144
3670	0.006244200989323673
3323	0.0
2468	0.0
1868	0.0
1080	0.0
379	0.0
2272	0.0
1391	0.0
2935	0.0001498401291832553
2927	0.00022807039609058883
1107	0.0
3078	0.00011910589322492047
2452	0.0
2756	0.0
3671	0.06398202622956721
25	0.0003610548419690205
2061	0.0
1579	0.00037054970401996154
486	0.0
1033	0.0
588	0.0
387	0.0
532	0.0
2130	0.0
1407	0.0
1115	0.0
3344	0.0
3672	0.0048643633143057585
1344	0.0
2893	0.0
1590	0.0001788697455384153
3673	0.03955837312447472
1086	0.0
1704	0.0
3456	0.0
1279	0.0
71	0.0
3279	0.0
1255	0.0
695	0.0
291	0.0
1430	0.0
789	0.0
3301	0.0
3674	0.008930621819130794
690	0.0
3675	0.005575446588201019
3676	0.011852755713605634
27	0.0
1253	0.0
26	3.309446559520752e-05
1867	0.0
600	0.0
2292	0.00023118890612711714
3677	0.019608973790082872
3678	0.01684137484312458
3406	0.0
3153	0.0
3356	0.0
968	0.0
1158	0.0
895	0.0
1314	0.0
762	0.0
809	0.0
2466	0.0
2679	0.0
2447	0.0
806	0.0
1708	0.0
990	0.0
3679	0.01565848151691583
3680	0.012194693308939106
818	0.0
3226	0.0
3321	0.0
1018	0.0
3010	0.0
1699	0.0
362	0.0
3485	0.0
3410	0.0
739	0.0
405	0.0
3681	0.019064083278901398
805	0.0
1129	0.0
1367	0.0
856	0.0
3682	0.007148402649962298
2425	0.0
3683	0.0066137391983639
3684	0.01390074140642895
218	0.0
414	0.0
311	0.0
2372	0.0
1037	0.0
1660	0.0
155	0.0
1504	0.0
3685	0.004523653641997561
3686	4.3856834028583957e-05
1394	0.0
615	0.0
1215	0.0
3687	0.015155445338460688
3688	0.005981566558359523
2918	8.10186702523596e-06
1475	0.0
2880	0.0
1571	0.0
2241	8.10186702523596e-06
2103	0.0
3439	0.0
3405	0.00014945909157416338
3128	0.0
406	0.0
1652	0.0
3689	0.0
3690	0.012553250891719499
3691	0.01440826389757669
2567	0.0
3486	0.0
1645	0.0
1891	0.0
3692	0.0732653261250252
3693	0.0051079134698023415
55	0.0
2396	0.0
689	0.0
3331	0.0
32	0.0
2031	0.0
3417	0.0
3694	0.007600527291560683
3695	0.003462504195750814
3696	0.0057672006509190635
3697	0.0077364296494419615
1820	0.0
499	0.0
2025	0.0
2472	0.0
2909	0.0
3698	0.00692767134739536
3699	0.03854888416046202
1469	0.0
2147	0.0
3435	0.0
522	0.0
3232	0.0
120	0.0
2751	0.0
536	0.0
996	0.0
385	0.0
2001	0.0
2401	0.0
490	0.0
3700	0.011958138768407204
793	0.0
907	0.0
3701	0.006909375087321414
507	0.0
2257	0.0
186	0.0
3702	0.0
3703	0.022090855923766153
3704	0.001685362597399452
894	0.0
765	0.0
557	0.0
1664	0.0
487	0.0
733	0.0
1405	0.0
3101	0.0
302	0.0
1195	0.0
3705	0.00270935024869338
3706	0.00539165497283687
3424	0.0
3707	0.009826725513552854
2194	0.0
936	0.0
539	0.0
401	0.0
1157	0.0
3708	0.012299609759331911
3709	0.012999331701639789
1700	0.0
1152	0.0
1508	0.0
828	0.0
2615	0.0
315	0.0
3448	0.0
1242	0.0
2646	0.0
1155	0.0
2066	0.0
803	0.0
972	0.0
2788	0.0
1545	0.0
2823	0.0
1696	0.0
2619	0.0
