3010	3011	0.0014519237956239566
3010	552	0.0035725683569193607
3011	1196	0.001275112564381197
1196	3072	0.0036808646633848256
552	3053	0.0036935811400731
552	3082	0.002975719156000016
3012	3013	0.012822139340144747
3012	657	0.0026520395684752215
3012	1783	0.004223509725979659
3012	282	0.0014713218705434035
3012	1471	0.0024238404606502766
3012	1029	0.010271050546508424
3012	1744	0.0024238404606502766
3012	731	0.0024238404606502766
3012	112	0.01225443670448005
3012	416	0.0014589583528217482
3012	2048	0.0024238404606502766
3012	862	0.004885035184242628
3013	553	0.004057725176957576
3013	1488	0.0024238404606502766
3013	87	0.0024238404606502766
3013	845	0.0024238404606502766
657	3017	0.001902446197920508
657	3023	0.0011630625450585708
657	3033	0.0016447238527420164
1783	3028	0.0033113853569237944
1783	3064	0.0038319556997135637
1783	3075	0.004015844366635029
1783	3088	0.0024602195730899193
553	3097	0.0031262161181434102
282	3088	0.0015104796109140614
1029	3060	0.008675757600496577
1029	3109	0.005077595406990875
112	3026	0.005789589918621892
112	3032	0.008825451084369806
112	3034	0.02253151651834894
112	3048	0.022020766410088946
112	3056	0.0044328597539516545
112	3063	0.006155295743974201
112	3064	0.009732707540971006
112	3083	0.0066253711829171134
112	3089	0.004573316002352922
112	3088	0.0072522228801616215
112	3106	0.0028303603614296675
112	3107	0.00756681745291865
416	3045	0.0020197922333147086
862	3026	0.0015008606836808393
862	3037	0.004854309259246228
862	3075	0.0034134325893616837
3014	3015	0.019221898976500205
3014	848	0.0024238404606502766
3014	419	0.0024238404606502766
3014	2002	0.0024238404606502766
3014	2748	0.0024238404606502766
3014	1573	0.0024238404606502766
3014	747	0.0024238404606502766
3014	2747	0.0024238404606502766
3015	418	0.02396707918180311
3015	2596	0.0024238404606502766
418	3049	0.02633062510363124
1245	3016	0.002423840460650276
3016	269	0.0018069243959679905
3016	94	0.008080613160441296
3016	1440	0.002423840460650276
3016	2662	0.002423840460650276
269	3018	0.002773685088099501
269	3033	0.003879003323507146
269	3092	0.006234683016504358
269	3107	0.0030211345798515617
94	3021	0.019532498227758533
94	3025	0.009730584393957293
94	3033	0.009955153352916156
94	3034	0.011822599246678273
94	3036	0.00762400136399799
94	3037	0.011590153284819342
94	3043	0.0054395516377316174
94	3045	0.003750184991622144
94	3065	0.006398986671474943
94	3071	0.006227600507629224
94	3075	0.016412073197965883
94	3077	0.01362174143415861
94	3086	0.008565245766471807
94	3091	0.005642523356682065
94	3092	0.03068090916049379
94	3096	0.004113893023496421
3017	3018	0.0014825067306941237
3017	75	0.001312293545112776
3017	21	0.005834492883574066
3017	649	0.0015678863153247506
3017	106	0.002839599426552755
3017	2518	0.0024238404606502766
3017	999	0.00101504880392056
3017	322	0.001301356705337578
3017	1749	0.0018706414897254854
3017	69	0.005263429785752306
3017	406	0.0013510284699636357
3018	1127	0.0024238404606502766
3018	294	0.0024238404606502766
3018	21	0.007110756756404388
3018	101	0.0018328214912198932
75	3045	0.0011751954879042484
21	3022	0.009670547937188882
21	3027	0.006797725296570239
21	3028	0.01577702664371614
21	3029	0.01920152226624107
21	3036	0.011600344707909094
21	3035	0.006144041011604635
21	3039	0.004510512097965567
21	3041	0.009199567386404933
21	3042	0.012426288876903115
21	3045	0.006774489026224269
21	3048	0.030872745120295534
21	3052	0.006748414655403674
21	3051	0.017248459887497604
21	3054	0.011995331914507053
21	3058	0.011828687357552612
21	3061	0.008219811326352284
21	3062	0.01440132000512973
21	3064	0.01399410994475485
21	3066	0.004427377375677044
21	3069	0.005121505582700988
21	3071	0.008442151544742822
21	3076	0.005363931377283124
21	3075	0.021177494559351258
21	3083	0.00601842437368543
21	3084	0.017807215163945102
21	3087	0.0026348147402500887
21	3096	0.009770062993125843
21	3100	0.007585434506587194
21	3103	0.01920025732502792
21	3105	0.005941781688905541
649	3021	0.003023623592920611
649	3023	0.0009170075600101661
649	3090	0.0013656329898021717
106	3021	0.010508775781373977
106	3023	0.0028078738181185553
106	3033	0.004770647264965427
106	3036	0.0030378264236007335
106	3043	0.003959515544786378
106	3054	0.0036712161831505903
106	3062	0.003931766988926339
106	3065	0.0033141320533202003
106	3088	0.007721412702265735
106	3091	0.002667327925783588
106	3090	0.0031332770998188254
106	3096	0.0023475206315817275
106	3099	0.007253433020304186
106	3100	0.0020759960972391834
999	3022	0.0022266802333558164
999	3055	0.0017936973276149475
322	3022	0.004260114873861961
322	3028	0.005366378110542712
322	3055	0.0051909615152667555
322	3054	0.0015509730721534128
322	3058	0.006385129292577318
322	3065	0.004310385627500151
322	3075	0.0042683142692350115
322	3091	0.0033140880909077793
101	3023	0.0015499679871109604
101	3039	0.0019539383463764953
101	3062	0.0023749952452365337
101	3092	0.0062223713443096745
101	3096	0.0017065100614120086
1749	3055	0.0007805126703215446
69	3027	0.007560709770982819
69	3031	0.01284722116452151
69	3032	0.008039707766182782
69	3037	0.04282857030257004
69	3042	0.009534115418278146
69	3051	0.009933808156910955
69	3054	0.008541898264312456
69	3058	0.010109689564891193
69	3059	0.00965269692072168
69	3066	0.004813728672308075
69	3069	0.005745219501231344
69	3075	0.015170293725402767
69	3076	0.0061690504296635735
69	3083	0.006213401853882479
69	3087	0.0017965341936420339
69	3094	0.006769860221152714
69	3108	0.021121173795071634
406	3036	0.0011939018375538362
1957	3019	0.0024238404606502766
3019	592	0.005001571579942433
3019	331	0.0024238404606502766
3019	338	0.002110311184473537
3019	644	0.0024238404606502766
3019	3042	0.009809599515189614
592	3034	0.005649059293270318
592	3056	0.002033600098371076
592	3067	0.004730198585240655
592	3092	0.003952946299098625
592	3106	0.0017353571806284045
338	3092	0.0022059190595924557
3020	1001	0.0010286952007132165
3020	274	0.0004055952795239183
3020	587	0.0005150044761931071
3020	278	0.0015760492174378788
3020	1176	0.0003544810730017592
3020	1761	0.0024238404606502766
3020	290	0.010752453535069477
3020	252	0.0029457893975755162
3020	1206	0.00032881545703227047
3020	701	0.0005085405992209658
3020	2347	0.0024238404606502766
3020	38	0.00042528860036901753
3020	279	0.000508540599220966
3020	1279	0.0005608936059290919
3020	728	0.0013031530757214123
3020	302	0.0024238404606502766
3020	268	0.00032881545703227047
3020	1819	0.0024238404606502766
3020	706	0.0009082460242421734
3020	1542	0.0024238404606502766
3020	272	0.006726518530897424
3020	42	0.00042528860036901753
3020	1430	0.0024238404606502766
3020	928	0.0008901100490730118
3020	169	0.0006096082128718366
3020	3040	0.0005487365698547222
3020	3044	0.0004838240230754295
3020	3098	0.000703792085193664
3020	3102	0.0008974737636930341
1001	3044	0.0006010092352512452
1001	3098	0.0008011814770081814
274	3040	0.00031454911251152447
274	3044	0.0002825227319192661
274	3067	0.000840009598056684
274	3072	0.0004130540330183795
274	3102	0.0006007571037875456
587	3040	0.00038702767200125376
587	3044	0.00038244377408913627
587	3072	0.00043986658787334524
587	3102	0.0007751811094592962
278	3040	0.0016810285215249367
278	3044	0.0007517103965170938
278	3053	0.008140601924111333
278	3067	0.0006397592787715315
278	3073	0.0006593407598766238
278	3072	0.0033348896470672983
278	3082	0.004054927628707639
278	3102	0.0023657223789953575
1176	3040	0.0002799243465042603
1176	3067	0.0007722324056815272
1176	3073	0.0003122431483072802
1176	3072	0.0003616923249086114
1176	3098	0.00027486029833454027
1176	3102	0.0005093304026853319
290	3021	0.05237798986841186
290	3040	0.01227730345283163
290	3067	0.0022714735942432084
290	3073	0.005845206954256543
290	3102	0.020133855399818434
252	3040	0.002750606650597072
252	3053	0.008378484620208434
252	3067	0.0006896660788601839
252	3072	0.005338057048036248
252	3073	0.0010452266206501502
252	3080	0.0036168015425579792
252	3092	0.009172091237145024
252	3098	0.0018572725347690586
252	3102	0.0038105039118350656
1206	3040	0.000264137356681134
1206	3044	0.000230276262027475
1206	3067	0.0007429294762560172
1206	3072	0.00035084345661119573
1206	3073	0.0002926076787921063
1206	3098	0.0002501607467101995
1206	3102	0.0004789319859048901
701	3040	0.00038598610410833735
701	3072	0.0004131344093688577
701	3098	0.00041500171542646906
701	3102	0.0007487712384014485
38	3040	0.0003190541906988919
38	3044	0.00032796244578599503
38	3072	0.0003871048529506533
38	3073	0.0004127056636579609
38	3102	0.0006430179680514735
279	3040	0.00038598610410833735
279	3072	0.0004131344093688578
279	3098	0.00041500171542646906
279	3102	0.0007487712384014485
1279	3040	0.00047090084659424
1279	3044	0.0004486059235483631
1279	3102	0.0009580213833271675
728	3098	0.0011206873849288665
268	3040	0.000264137356681134
268	3044	0.000230276262027475
268	3067	0.0007429294762560172
268	3072	0.00035084345661119573
268	3073	0.0002926076787921063
268	3098	0.0002501607467101995
268	3102	0.0004789319859048901
706	3040	0.0007942735940702566
706	3044	0.0007213208423378531
272	3037	0.033851145698810675
272	3044	0.003286853540204033
272	3067	0.0013102124197980197
272	3073	0.003649888931360839
272	3082	0.003104152440477625
272	3098	0.00577391623644975
272	3102	0.012986580687917927
42	3040	0.0003190541906988919
42	3044	0.00032796244578599503
42	3072	0.0003871048529506534
42	3073	0.0004127056636579609
42	3102	0.0006430179680514735
928	3044	0.0005773663291201528
928	3072	0.0021568065644602956
928	3073	0.00042173082960772273
928	3080	0.002981523619411725
928	3082	0.003650839778591267
928	3098	0.0008750355721881954
928	3102	0.0013916393156851703
169	3040	0.00043120340845753316
169	3072	0.0005058249546523324
169	3102	0.0009172606731916139
3021	63	0.00793794883305344
3021	1028	0.018212317380053248
3021	384	0.02200006661334974
3021	1119	0.013368339208375254
3021	1465	0.0024238404606502766
3021	1916	0.0017273513197017948
3021	2165	0.018212317380053248
3021	1695	0.0024238404606502766
63	3037	0.011090217092116971
63	3041	0.004975078025523052
63	3059	0.017800255053933883
63	3064	0.018229029977949562
63	3074	0.00182878195305333
63	3080	0.011636944299507852
63	3079	0.008314013958185736
63	3082	0.02453016554836198
63	3084	0.011895332120255397
63	3105	0.005133407694979642
63	3106	0.002414952064235202
1028	3060	0.01769690173112179
384	3029	0.009765459874946987
384	3048	0.010802944894901974
384	3058	0.006383112324397277
384	3063	0.00391946329820668
384	3083	0.0031450221097038605
384	3084	0.007234000065769006
384	3085	0.0029523028630922825
384	3091	0.009599718690684019
384	3103	0.011102002291001199
1119	3109	0.0126899819195768
1916	3054	0.0015598443301849778
2165	3060	0.01769690173112179
3022	189	0.003724080435836277
3022	1120	0.0024238404606502766
3022	1584	0.002154832290370334
3022	1006	0.0014439734117391461
3022	1060	0.0024238404606502766
3022	1620	0.0024238404606502766
3022	2404	0.0024238404606502766
3022	582	0.002154832290370334
3022	2983	0.0024238404606502766
3022	326	0.007729029134652148
3022	289	0.004089158074880357
3022	3032	0.0061216994400472855
189	3027	0.0031189409610215507
189	3030	0.004552165378467932
189	3031	0.008083090137607604
189	3032	0.0054107290849681215
189	3048	0.010255663696934578
189	3051	0.005969816709010992
189	3058	0.00491339990989718
189	3064	0.007298579759166126
189	3068	0.003782178708860644
189	3076	0.0036725542436573297
189	3094	0.004520007121031502
189	3104	0.012325021302728468
189	3105	0.0035489472408806776
1584	3107	0.0016177717708462885
1006	3045	0.0007113374422603369
1006	3087	0.0005370988791470866
1006	3091	0.001052975473708175
582	3107	0.0016177717708462885
326	3060	0.004790136320587296
326	3109	0.00571059119776143
289	3060	0.0038454703986389167
3023	1044	0.0024238404606502766
3023	88	0.0007325292602894673
88	3086	0.0010657144870432022
88	3090	0.001349495528532411
3024	1344	1.5073634705536546e-05
3024	2835	1.5073634705536546e-05
3024	2810	1.5073634705536546e-05
3024	2514	1.5073634705536546e-05
3024	2904	1.5073634705536546e-05
3025	2434	0.0024238404606502766
3025	130	0.0024238404606502766
3025	1730	0.0024238404606502766
3025	2530	0.0024238404606502766
3025	376	0.0024238404606502766
3025	2731	0.0024238404606502766
3025	40	0.007461646470978402
40	3026	0.004565647918716642
40	3034	0.011363016174096182
40	3035	0.004095468286757768
40	3037	0.011062449520997759
40	3043	0.004559468762884065
40	3045	0.0031171383534016046
40	3050	0.004916543996094513
40	3053	0.022687612827484747
40	3054	0.006016079295692585
40	3055	0.009506881341253739
40	3075	0.01261585768403788
40	3077	0.009508934292054346
40	3087	0.0028323784036832075
40	3091	0.00411954485289048
40	3090	0.00546262492566795
40	3100	0.0038011279246584415
40	3107	0.006573355429793257
3026	2289	0.0024238404606502766
3026	2629	0.0024238404606502766
3026	2683	0.0024238404606502766
3027	325	0.0008824983410135208
3027	1553	0.0024238404606502766
3027	876	0.001360967654966254
3027	157	0.0008845511421989916
3027	403	0.0006795310343319962
3027	1979	0.00223622991326053
3027	1148	0.001279089082620334
3027	548	0.000919995915126239
3027	43	0.0007646154831235299
3027	1529	0.0012701662913510497
3027	863	0.0024238404606502766
3027	1325	0.0024238404606502766
3027	1714	0.002265138290353892
3027	1680	0.0024238404606502766
3027	23	0.0010903664497835042
3027	48	0.0015707764270593012
3027	730	0.0010939777624574007
3027	446	0.0008922452602295344
3027	426	0.0007803580987047962
3027	629	0.0008372920780004044
325	3048	0.001646158709015044
325	3058	0.0012283304174070732
325	3083	0.0007415859473519677
325	3103	0.0006480314766871294
876	3028	0.0015068314302531928
876	3031	0.002278750121359438
876	3064	0.002265043904374444
157	3061	0.0003369143675254309
157	3066	0.0007533084208587338
157	3103	0.0011405238338181084
403	3058	0.0011754708306210262
403	3066	0.0005764546046365671
403	3103	0.0010207629688445369
1979	3065	0.0015223387437144616
1148	3032	0.0014480705234641992
548	3048	0.0016076571203182668
548	3061	0.0003921125011699713
548	3066	0.0006411878906729894
548	3083	0.0007552763613410497
548	3103	0.0005978775747959331
43	3058	0.0012918268184911623
43	3063	0.0010134422292232823
43	3066	0.0005840155609997294
43	3069	0.0006425072003254254
43	3103	0.0009539731039520178
1529	3066	0.0011922086569077796
1714	3090	0.0008910514480545365
1714	3091	0.001206885640631025
23	3029	0.0019831543537004153
23	3063	0.0012902809689200692
23	3083	0.001131304250075813
48	3028	0.003081353274060676
48	3031	0.00315274305100632
48	3032	0.0023173499638952473
48	3058	0.0030941961212432225
48	3059	0.0034185167973397454
48	3066	0.0010004803830163437
48	3069	0.0014855042978317576
48	3094	0.0019852982805702
730	3063	0.0008717593073707848
730	3066	0.0009965652958867405
446	3048	0.0016153245262581102
446	3083	0.0008644682780083242
426	3058	0.0013852614242949772
426	3069	0.0006602622920326412
629	3029	0.0024488083795302577
629	3058	0.001615387356934051
629	3061	0.0009717046426846494
629	3066	0.0005310124440855975
629	3069	0.0007274748250068719
629	3083	0.0009903359654097146
3028	910	0.0024238404606502766
3028	601	0.0013164646290901496
3028	1900	0.0024238404606502766
3028	185	0.0024238404606502766
3028	9	0.004067289847332381
3028	199	0.0024238404606502766
3028	2972	0.0024238404606502766
3028	2031	0.0024238404606502766
3028	392	0.0009210270361530547
3028	2425	0.0024238404606502766
3028	123	0.0024238404606502766
3028	968	0.0015140635392976334
3028	386	0.0012980333127244111
3028	232	0.001203190993421603
3028	360	0.0024238404606502766
3028	1399	0.0024238404606502766
3028	2962	0.001345478434322297
3028	336	0.0024238404606502766
3028	686	0.0024238404606502766
601	3042	0.0012689083392707274
601	3064	0.0018313608299635735
9	3029	0.004952677663958892
9	3031	0.004772631259782181
9	3032	0.0035079596919253804
9	3042	0.003823573976126897
9	3059	0.00447516374813454
9	3064	0.004358184024512044
9	3066	0.0017218079108666403
9	3076	0.0022543834307204333
9	3083	0.0024790499066642485
9	3089	0.0049368485690815915
9	3094	0.002737751020185627
392	3076	0.0017394582652361793
968	3059	0.0019423214919693599
968	3064	0.0019978762932764006
386	3051	0.002020028847644221
386	3064	0.0018345648461352269
386	3076	0.0010026716452360212
232	3032	0.001340080228309396
232	3069	0.0007702757104036229
232	3083	0.0012097965745549854
2962	3051	0.002035255508533002
3029	1152	0.0024238404606502766
3029	1586	0.001340324681151618
3029	90	0.0024238404606502766
3029	1797	0.0024238404606502766
3029	942	0.0024238404606502766
3029	822	0.0019538635513747585
3029	2678	0.0024238404606502766
3029	3060	0.028259254058139307
1586	3060	0.001083515779498661
822	3066	0.0006872475435279205
822	3083	0.0010405416498192584
822	3103	0.0016601731036583669
3030	357	0.0029734456796801172
3030	2019	0.0024238404606502766
3030	1023	0.0024238404606502766
357	3031	0.007275908250240615
357	3033	0.004921816355607057
357	3034	0.010764597086223784
357	3039	0.0015169947909682876
357	3051	0.005996560499064728
357	3074	0.0013568787663599856
443	3031	0.0024238404606502766
3031	1567	0.0024238404606502766
3031	569	0.0024238404606502766
3031	362	0.0024238404606502766
3031	34	0.0028730330085869177
3031	28	0.0024238404606502766
3031	520	0.001563655929697078
3031	689	0.0024238404606502766
3031	2062	0.0024238404606502766
3031	2167	0.0024238404606502766
3031	3060	0.0260250727766642
34	3042	0.0016738265416306436
34	3058	0.0023087902976826643
34	3064	0.002297441347447151
34	3066	0.0008744776979095208
34	3094	0.0012122244224413374
520	3058	0.00210029345662937
3032	3033	0.009438938652259006
3032	299	0.001330042302323155
3032	1248	0.0024238404606502766
3032	1222	0.0011729931263403225
3032	1359	0.0024238404606502766
3032	1696	0.0024238404606502766
3032	2622	0.0024238404606502766
3032	1649	0.0024238404606502766
3032	1885	0.0024238404606502766
3032	2982	0.0016974750405739137
3032	306	0.0024238404606502766
3032	103	0.0024238404606502766
3033	1506	0.007518118752114315
3033	2606	0.0024238404606502766
3033	811	0.0024238404606502766
3033	833	0.0011818836003090476
3033	676	0.0024238404606502766
3033	83	0.0024238404606502766
3033	1270	0.002030834012887243
3033	132	0.0010905976071947196
3033	723	0.0024238404606502766
1506	3109	0.006936907862094939
299	3042	0.0010851452672116315
299	3058	0.0017344535167989092
833	3054	0.0017761350309698607
1222	3058	0.0012418115283157468
1222	3066	0.0005034640360074888
1222	3069	0.0005348676571578733
1222	3083	0.0007887453574727967
1270	3050	0.0011138593176795387
132	3045	0.0015001450868564476
2982	3091	0.0015049838741466868
2947	3034	0.0024238404606502766
3034	2942	0.0024238404606502766
3034	1694	0.0024238404606502766
3034	541	0.0024238404606502766
3034	1392	0.0024238404606502766
3034	1632	0.023932866117340586
3034	404	0.0029740426391791424
3034	510	0.04270919520622714
3034	405	0.0024238404606502766
3034	2996	0.009176571559474225
3034	565	0.0024238404606502766
1632	3048	0.009904282462233634
1632	3109	0.02064015868765893
404	3055	0.0019594533351268077
510	3044	0.004248881340000526
510	3053	0.006274292174695031
510	3072	0.020907582046551285
510	3098	0.006353015820309536
510	3102	0.013569287703187629
2996	3101	0.007059306740216848
3035	3036	0.00055085760607233
3035	138	0.001056979367437287
3035	564	0.0010320936951372316
3035	1764	0.001056979367437287
3035	1919	0.001056979367437287
3035	1613	0.001056979367437287
3036	1764	0.0013668610932129884
3036	1613	0.0013668610932129884
3036	1919	0.0013668610932129884
3036	138	0.0013668610932129884
3036	255	0.0010286523024429204
3036	1010	0.0024238404606502766
3036	1662	0.0024238404606502766
3036	450	0.0024238404606502766
3036	191	0.0012731760559193932
564	3096	0.001439884798783279
255	3054	0.001357954239839774
255	3055	0.0005105216108833588
191	3055	0.0017295925717460542
191	3062	0.0013158510179925261
191	3084	0.0024239761278173344
1259	3037	0.0026467062230482634
1259	3053	0.0018280595680995142
1259	3082	0.002893610019816222
1259	3096	0.0032094219200498072
3037	2164	0.0024238404606502766
3037	801	0.03338508614582234
3037	400	0.001988291553094858
3037	2901	0.0024238404606502766
3037	2890	0.0024238404606502766
3037	678	0.0022682704167655294
3037	243	0.0024238404606502766
801	3049	0.031039628585640855
400	3053	0.0018802453958796862
400	3091	0.002275999523626271
678	3062	0.0018189565125690582
513	3038	0.0016168985494138671
513	3078	0.004022650648417458
3038	1379	0.0024238404606502766
3038	796	0.0016168985494138671
3038	749	0.0016168985494138671
796	3078	0.004022650648417458
749	3078	0.004022650648417458
3039	1192	0.0024238404606502766
985	3040	0.0005877264205102125
985	3072	0.0005829985672520171
985	3102	0.0012531154728880447
3040	2129	0.0007543014397521448
3040	1254	0.0005099393544993905
3040	297	0.0024238404606502766
3040	1086	0.0011613503158050176
3040	151	0.0008941975466573475
3040	570	0.0014414178321837258
3040	1126	0.0004422847862911425
3040	2892	0.0024238404606502766
3040	875	0.0024238404606502766
3040	509	0.0016073103415764
3040	687	0.0005877264205102125
3040	858	0.0003041891687238267
3040	1933	0.0007543014397521448
3040	1091	0.001221017546245086
3040	3044	0.0008013411639071353
3040	3072	0.0017319976618563636
3040	3102	0.0008338126663361963
2129	3102	0.0016695390208981275
1254	3044	0.00048114327509496066
1254	3072	0.00048296557959497756
1254	3102	0.0009854186219037727
1086	3098	0.0012700269621980247
151	3072	0.002189815210467579
151	3080	0.002396409317564295
151	3082	0.0030060121133844053
151	3102	0.00149011291661362
570	3081	0.0013836328597686362
1126	3067	0.0009183465177472461
1126	3098	0.0004332306519418494
1126	3102	0.0008001115154756318
509	3067	0.0005188587494685876
509	3073	0.0006543321784706328
509	3072	0.003306217963315562
509	3080	0.002897548638223625
509	3092	0.006922433109357678
509	3102	0.0023450585545209952
687	3072	0.0005829985672520173
687	3102	0.0012531154728880444
858	3044	0.0002582380346687035
858	3067	0.0007710032705154152
858	3072	0.0003486888613402905
858	3073	0.0003326432251220348
858	3098	0.0002807708075084188
858	3102	0.0005386057320831385
1933	3102	0.0016695390208981275
1091	3072	0.0012028229144051905
3041	1045	0.0019463664744509526
3041	1330	0.0024238404606502766
3041	459	0.0024238404606502766
3041	2571	0.0024238404606502766
1045	3068	0.0007364992515230336
3042	2029	0.0024238404606502766
3042	1599	0.0024238404606502766
3042	20	0.0024238404606502766
3042	708	0.0011249898189697495
3042	889	0.0024238404606502766
3042	675	0.0024238404606502766
3042	95	0.0010552518800402708
3042	2141	0.0024238404606502766
3042	2549	0.0024238404606502766
708	3064	0.0017896572940690283
95	3076	0.0015727713271429186
397	3043	0.0008984869182947346
397	3100	0.001786863717733896
3043	383	0.0024238404606502766
3043	192	0.0024238404606502766
3043	2484	0.0024238404606502766
3043	2258	0.0024238404606502766
3044	1704	0.0024238404606502766
3046	3047	0.0024238404606502766
3047	217	0.004841651467418339
217	3084	0.005669906500887825
217	3104	0.0033900995718257393
3048	275	0.002507038253335718
3048	2180	0.0024238404606502766
3048	1016	0.0015686954610819328
3048	2952	0.002313896254311668
3048	134	0.0015431828938264438
3048	547	0.0024238404606502766
3048	771	0.0024238404606502766
3048	46	0.001860785646052214
3048	99	0.001860785646052214
3048	1212	0.008917417704773846
3048	2976	0.0024238404606502766
3048	396	0.0047750704671692505
3048	1859	0.0024238404606502766
3048	61	0.00170902315983859
3048	136	0.0024238404606502766
3048	2968	0.0024238404606502766
3048	33	0.003314808501931981
3048	1803	0.0024238404606502766
3048	670	0.0024238404606502766
3048	402	0.002507038253335716
3048	2421	0.0024238404606502766
3048	849	0.0015686954610819321
3048	2959	0.0024238404606502766
3048	2108	0.0024238404606502766
3048	559	0.0018936568720518642
3048	1147	0.0024238404606502766
3048	388	0.0015652707207995137
3048	892	0.004775070467169252
3048	1606	0.008917417704773847
3048	810	0.0024238404606502766
3048	753	0.0024238404606502766
3048	473	0.004775070467169252
3048	887	0.004775070467169252
3048	2937	0.0024238404606502766
3048	111	0.0024238404606502766
3048	440	0.0024238404606502766
3048	1124	0.004342877554254587
3048	1802	0.0024238404606502766
3048	82	0.0025070382533357136
3048	284	0.0024238404606502766
3048	1114	0.0024238404606502766
3048	1748	0.0024238404606502766
3048	658	0.002507038253335713
3048	682	0.0024238404606502766
3048	5	0.0018549532421340954
3048	1377	0.002507038253335713
3048	1159	0.004775070467169255
3048	3103	0.013398799496924432
275	3104	0.0006519269296452203
1016	3061	0.0004111156723221869
1016	3103	0.0006676340406112393
2952	3052	0.0013029635230652487
134	3061	0.0003499631904559296
134	3069	0.0008795335433531018
134	3103	0.0005714878021159601
46	3061	0.0004661524848110783
46	3063	0.0008647410469581725
46	3104	0.0007507075914004471
46	3103	0.000614262065936089
99	3061	0.0004661524848110783
99	3063	0.0008647410469581725
99	3103	0.000614262065936089
99	3104	0.0007507075914004471
1212	3060	0.008055624475976159
396	3109	0.003762860446936649
61	3058	0.0013676215714801617
61	3063	0.0006767893305351361
61	3083	0.0007965363420636671
33	3050	0.004142269198939792
33	3058	0.0020615996608651403
33	3063	0.0009342118438519456
33	3083	0.0010831266826612435
33	3103	0.0012415756638897361
402	3104	0.0006519269296452203
849	3061	0.00041111567232218684
849	3103	0.0006676340406112394
559	3058	0.001476914745985209
559	3085	0.0010120104159936916
559	3103	0.0007606080991008714
388	3061	0.00036211307399539364
388	3066	0.0006567570660521221
388	3069	0.0006836368120142784
388	3083	0.0007519370641060561
388	3103	0.0005405411826499454
892	3109	0.003762860446936649
1606	3060	0.008055624475976159
473	3109	0.003762860446936649
887	3109	0.003762860446936649
1124	3058	0.009468572882046793
1124	3109	0.01174997683514169
82	3104	0.0006519269296452203
658	3104	0.0006519269296452203
5	3061	0.0004271834718164072
5	3103	0.0006077849555385799
5	3104	0.0005533548954176072
1377	3104	0.0006519269296452203
1159	3109	0.003762860446936649
903	3049	0.0024238404606502766
3050	1904	0.0024238404606502766
3050	2043	0.0024238404606502766
3051	3052	0.005656384294598201
3051	1420	0.0024238404606502766
3051	1260	0.0024238404606502766
3051	1708	0.0024238404606502766
3051	2	0.0024238404606502766
3051	3060	0.03474185349299293
3052	79	0.0024238404606502766
3052	2363	0.0024238404606502766
3052	1249	0.006447173553417453
3052	2387	0.0024238404606502766
3052	3064	0.0044907340856097586
1249	3101	0.004861804583190824
1115	3053	0.009677865120014978
1115	3062	0.0026943122015887526
1115	3064	0.00628650431452117
1115	3094	0.004337699028818693
3053	70	0.002423840460650277
3053	292	0.0015292810963526812
3053	2095	0.002423840460650277
3053	2050	0.002423840460650277
3053	1123	0.002423840460650277
3053	1033	0.002423840460650277
292	3067	0.0008005039214554505
292	3092	0.001576126535405099
3054	3055	0.007978028530175756
3054	1644	0.0019208782212231663
3054	2946	0.0019208782212231663
3054	716	0.0021965025443603735
3054	452	0.0024238404606502766
3054	2279	0.0019208782212231663
3054	113	0.002136981502410973
3055	560	0.0024238404606502766
3055	1228	0.0024238404606502766
3055	307	0.0024238404606502766
3055	2279	0.0005029622394271131
3055	1644	0.000502962239427113
3055	2151	0.0024238404606502766
3055	1043	0.0024238404606502766
3055	2946	0.000502962239427113
3055	264	0.0024238404606502766
3055	173	0.0024238404606502766
3055	283	0.00098113539842121
3055	1970	0.0024238404606502766
716	3089	0.000982432677441072
113	3066	0.0007177856976716976
113	3069	0.0006338162960608306
113	3103	0.0017600128948861808
283	3062	0.001933031790041229
3056	2907	0.0024238404606502766
673	3057	3.0147269411073092e-06
3058	401	0.0020163686789409414
3058	180	0.0016406203393044382
3058	309	0.0024238404606502766
3058	330	0.0024238404606502766
3058	45	0.0016406203393044382
3058	391	0.0014175597925716729
3058	709	0.0024238404606502766
3058	874	0.0024238404606502766
3058	128	0.0024238404606502766
3058	1743	0.0024238404606502766
3058	85	0.0027127554369363186
3058	1153	0.0014175597925716729
3058	886	0.0024238404606502766
3058	348	0.0024238404606502766
3058	1031	0.0014175597925716729
3058	1684	0.0012287675671539655
3058	2701	0.0024238404606502766
3058	737	0.0014175597925716729
3058	276	0.0024238404606502766
3058	481	0.0031924663818533815
3058	2369	0.0024238404606502766
3058	2977	0.0018317046237347218
3058	651	0.003104646703899368
401	3063	0.0008185307287996597
180	3103	0.0010912805166782803
45	3103	0.0010912805166782803
391	3064	0.0014032228999157979
391	3076	0.0007451955072001864
85	3090	0.0018345887226014193
1153	3064	0.0014032228999157983
1153	3076	0.0007451955072001863
1031	3064	0.0014032228999157985
1031	3076	0.0007451955072001862
1684	3069	0.0005755210115665412
1684	3083	0.0010116633227025466
737	3064	0.0014032228999157985
737	3076	0.0007451955072001862
481	3086	0.0019690581831092605
2977	3083	0.0012914729708275216
2977	3104	0.0010889437729965927
2977	3103	0.0007166502572813153
651	3064	0.004225743424969846
651	3093	0.004841651467418339
651	3103	0.002574574093111094
3059	3060	0.02721357125105317
3059	1116	0.0024238404606502766
3059	989	0.0024238404606502766
3059	1525	0.0024238404606502766
3060	1309	0.002423840460650277
3060	1619	0.002423840460650277
3060	1098	0.002423840460650277
3060	1595	0.002423840460650277
3060	2464	0.002423840460650277
3060	839	0.002423840460650277
3060	480	0.0028321344818263163
3060	1829	0.002423840460650277
3060	1652	0.002423840460650277
3060	2509	0.002423840460650277
3060	2607	0.002423840460650277
3060	836	0.0028321344818263163
3060	645	0.002423840460650277
3060	2503	0.002423840460650277
3060	639	0.0028321344818263163
3060	746	0.002423840460650277
3060	367	0.002423840460650277
3060	2253	0.002423840460650277
3060	2430	0.002423840460650277
3060	954	0.002423840460650277
3060	1241	0.002423840460650277
3060	2170	0.002423840460650277
3060	1066	0.002423840460650277
3060	2171	0.002423840460650277
3060	2051	0.0028321344818263163
3060	2385	0.002423840460650277
3060	2154	0.002423840460650277
3060	1556	0.002423840460650277
3060	2402	0.0028321344818263163
3060	296	0.002423840460650277
3060	966	0.002423840460650277
3060	2172	0.002423840460650277
3060	2275	0.002423840460650277
3060	2939	0.002423840460650277
3060	2927	0.002423840460650277
3060	1972	0.002423840460650277
3060	2995	0.002832134481826317
3060	622	0.002832134481826317
3060	2232	0.002423840460650277
3060	2697	0.002423840460650277
3060	2227	0.002423840460650277
3060	1351	0.002832134481826318
3060	2117	0.002832134481826318
3060	1253	0.002423840460650277
3060	8	0.002423840460650277
3060	324	0.002423840460650277
3060	1049	0.002423840460650277
3060	2361	0.002423840460650277
3060	461	0.002423840460650277
3060	58	0.002423840460650277
3060	1068	0.002423840460650277
3060	772	0.002423840460650277
3060	1130	0.002423840460650277
3060	1779	0.002423840460650277
3060	1305	0.002423840460650277
3060	1019	0.002423840460650277
3060	1723	0.00283213448182632
3060	186	0.002423840460650277
3060	2450	0.002423840460650277
3060	1571	0.002423840460650277
3060	1669	0.002423840460650277
3060	529	0.002423840460650277
3060	1846	0.002832134481826321
3060	35	0.002423840460650277
3060	1812	0.002423840460650277
3060	720	0.002423840460650277
3060	2008	0.002423840460650277
3060	2725	0.002423840460650277
3060	873	0.002423840460650277
3060	253	0.002423840460650277
3060	1991	0.002423840460650277
3060	154	0.002423840460650277
3060	266	0.002423840460650277
3060	1724	0.002423840460650277
3060	1568	0.002423840460650277
3060	724	0.002423840460650277
3060	2935	0.002423840460650277
3060	1378	0.002423840460650277
3060	1661	0.002423840460650277
3060	621	0.002423840460650277
3060	549	0.002423840460650277
3060	2295	0.002423840460650277
3060	370	0.002423840460650277
3060	1799	0.002423840460650277
3060	683	0.002423840460650277
3060	1145	0.002423840460650277
480	3109	0.002290554040382902
836	3109	0.002290554040382902
639	3109	0.002290554040382902
2051	3109	0.002290554040382902
2402	3109	0.002290554040382902
2995	3109	0.002290554040382902
622	3109	0.002290554040382902
1351	3109	0.002290554040382902
2117	3109	0.002290554040382902
1723	3109	0.002290554040382902
1846	3109	0.002290554040382902
1611	3061	0.0006060201947088072
1611	3103	0.0018550116754850654
3061	229	0.0024238404606502766
3061	636	0.000566105108184524
3061	389	0.000566105108184524
3061	1164	0.0006060201947088072
3061	201	0.0006026820319065174
3061	519	0.0005713819419932029
3061	1576	0.000566105108184524
3061	691	0.000816991951500343
636	3103	0.0016105960895910093
636	3104	0.0003450373409790126
389	3104	0.0003450373409790126
389	3103	0.0016105960895910088
1164	3103	0.0018550116754850654
201	3063	0.0005911590203712054
201	3083	0.0016059528735202385
519	3063	0.0007970281174618226
519	3103	0.0013790219383686846
1576	3103	0.0016105960895910093
1576	3104	0.0003450373409790126
691	3069	0.0016819708198584783
3062	2971	0.0024238404606502766
3062	371	0.0024238404606502766
3062	1307	0.0024238404606502766
3062	883	0.0031347349554222558
3062	1053	0.0024238404606502766
3062	159	0.0024238404606502766
883	3092	0.002351752499816158
3063	119	0.0024238404606502766
3063	690	0.0024238404606502766
3063	327	0.0004985351063333125
3063	98	0.0024238404606502766
327	3083	0.0012739581771312606
327	3103	0.0010632978948054614
3064	2278	0.0024238404606502766
3064	1650	0.0024238404606502766
3064	109	0.0014211150837111542
3064	1015	0.0024238404606502766
3064	434	0.0024238404606502766
3064	774	0.0024238404606502766
3064	895	0.0024238404606502766
3064	1220	0.0024238404606502766
3064	1424	0.0024238404606502766
3064	2072	0.0024238404606502766
3064	1524	0.0024238404606502766
3064	894	0.0024238404606502766
3064	2777	0.0024238404606502766
3064	577	0.0024238404606502766
3064	366	0.0017979183365750796
109	3076	0.0011638265533386494
366	3094	0.0009792636891585772
3065	1590	0.0024238404606502766
3065	1303	0.0024238404606502766
3065	680	0.0024238404606502766
3065	618	0.0024238404606502766
3066	3003	0.0024238404606502766
3066	1734	0.0024238404606502766
3066	494	0.0007302593069766616
494	3083	0.0010516475706078597
494	3103	0.0009319184291183457
3067	377	0.0008653010246454553
377	3073	0.0004787818934499233
377	3098	0.00041011565085425283
377	3102	0.0007968317580747938
126	3068	0.0007451050406418329
126	3071	0.0019852126495863874
3068	221	0.0007451050406418329
221	3071	0.0019852126495863874
3069	1844	0.0006965733014741946
3069	561	0.0024238404606502766
3069	1445	0.0010168458811766047
3069	1427	0.0024238404606502766
3069	617	0.001862678185735466
1844	3083	0.0011178584157969843
1844	3103	0.0009456664485101275
1445	3076	0.0015401633711270293
617	3077	0.005695854968323914
617	3103	0.004923881851738848
3070	3071	0.004841651467418339
3070	2420	0.0024238404606502766
3071	3071	0.0
3072	3073	0.0018414599156871645
3072	277	0.0005402666560042708
3072	1670	0.0004452120352797669
3072	667	0.0024238404606502766
3072	2408	0.0024238404606502766
3072	909	0.0007280705205475569
3072	704	0.0007280705205475569
3072	576	0.0007280705205475569
3072	1938	0.0007280705205475569
3072	947	0.0011431371280467778
3072	2970	0.0005402666560042708
3072	872	0.002426894540832667
3072	857	0.00044521203527976685
3072	532	0.0007280705205475569
3072	1949	0.0024238404606502766
3072	2030	0.0024238404606502766
3072	2110	0.0024238404606502766
3072	707	0.0024238404606502766
3072	1543	0.0024238404606502766
3072	542	0.0024238404606502766
3072	1277	0.0024238404606502766
3072	705	0.0007280705205475569
3072	1169	0.0007280705205475569
3072	2913	0.0024238404606502766
3072	496	0.0010266085316042394
3072	2067	0.0010266085316042394
3072	514	0.0007280705205475569
3072	1446	0.0024238404606502766
3072	3098	0.0011372787005821156
3072	3102	0.002311102330063231
3073	1670	0.0006052110832821564
3073	1218	0.0009168232723784075
3073	2067	0.0013972319290460377
3073	496	0.0013972319290460377
3073	857	0.0006052110832821564
3073	1718	0.0009168232723784075
3073	3102	0.00015987436832408977
277	3098	0.0005944380051431235
277	3102	0.00128913579950288
1670	3098	0.0004689504813981179
1670	3102	0.0009066821000870028
909	3102	0.001695769940102723
704	3102	0.001695769940102723
576	3102	0.001695769940102723
1938	3102	0.001695769940102723
1218	3102	0.0015070171882718677
947	3098	0.0012807033326034984
2970	3098	0.0005944380051431235
2970	3102	0.0012891357995028798
872	3092	0.00619492583439321
872	3098	0.0009425677084157039
872	3102	0.002068653032915151
857	3098	0.0004689504813981179
857	3102	0.0009066821000870027
532	3102	0.001695769940102723
705	3102	0.001695769940102723
1169	3102	0.001695769940102723
514	3102	0.001695769940102723
1718	3102	0.001507017188271868
3075	3076	0.006927056250801497
3075	1810	0.0024238404606502766
3075	1905	0.0024238404606502766
3075	538	0.0024238404606502766
3075	285	0.0070488492232563165
3075	566	0.002390844728958023
3075	2083	0.0024238404606502766
3075	1581	0.0024238404606502766
3075	16	0.0024238404606502766
3075	1549	0.0024238404606502766
3075	2703	0.0024238404606502766
3075	814	0.0024238404606502766
3075	2984	0.0024238404606502766
3075	2126	0.0024238404606502766
3075	349	0.0024238404606502766
3075	2111	0.002390844728958023
3075	1621	0.0024238404606502766
3075	2538	0.0024238404606502766
3075	170	0.0024238404606502766
3075	2453	0.0024238404606502766
3075	1984	0.0024238404606502766
3075	610	0.0024238404606502766
3075	880	0.0024238404606502766
3076	759	0.0024238404606502766
3076	2388	0.0024238404606502766
3076	1092	0.0024238404606502766
3076	1073	0.0024238404606502766
3076	993	0.0024238404606502766
285	3101	0.006501965930556934
285	3107	0.0025649672401945487
566	3088	0.001082795856739736
2111	3088	0.0010827958567397363
3077	3078	0.01445260095566844
3077	2773	0.0024238404606502766
3077	368	0.0024238404606502766
3077	2066	0.0024238404606502766
3077	4	0.0024238404606502766
3079	3080	0.0013451711611220812
3079	167	0.0024238404606502766
3079	1458	0.0024238404606502766
3079	784	0.0024238404606502766
3081	3082	0.003048591634665894
3081	436	0.0024238404606502766
3081	3092	0.003741641509699308
3082	2489	0.0024238404606502766
3082	409	0.001592578903705698
3082	595	0.005175717139575349
3082	1536	0.0024238404606502766
3082	594	0.0024238404606502766
3082	713	0.0024238404606502766
409	3092	0.0018094795131893316
595	3097	0.0029512881001486028
3083	869	0.0017295592663315155
3083	1698	0.0024238404606502766
3083	717	0.0014524655960715409
3083	648	0.0024238404606502766
869	3094	0.0010499197530767744
717	3103	0.0010741753836263014
3084	976	0.0024238404606502766
3084	1740	0.0024238404606502766
3084	1470	0.0024238404606502766
3084	2057	0.0024238404606502766
3084	118	0.0024238404606502766
3084	2202	0.0024238404606502766
3084	1160	0.0024238404606502766
3084	2125	0.0024238404606502766
3084	2273	0.0024238404606502766
3084	458	0.0024238404606502766
3084	776	0.0024238404606502766
3085	3086	0.002797671604588831
3085	1539	0.0007047687695210305
3086	946	0.0024238404606502766
3086	1533	0.0024238404606502766
3086	1818	0.0024238404606502766
1539	3103	0.002133571671471268
3088	3089	0.0029992419546498055
3088	2266	0.005385194766176559
3088	442	0.0024238404606502766
3088	1336	0.0024238404606502766
3088	490	0.0024238404606502766
3088	1140	0.0024238404606502766
3088	2511	0.0024238404606502766
3089	1894	0.0024238404606502766
3089	179	0.0024238404606502766
3089	1788	0.0024238404606502766
2266	3109	0.0053741990953813075
3090	3091	0.0025646567973048313
3090	948	0.0024238404606502766
3090	381	0.000529059701319809
3090	1736	0.0024238404606502766
3090	1713	0.000529059701319809
3090	1508	0.0024238404606502766
3091	1713	0.0018947807593304698
3091	64	0.0024238404606502766
3091	727	0.0024238404606502766
3091	381	0.0018947807593304698
3091	1735	0.0024238404606502766
3092	335	0.002423840460650277
3092	1876	0.002423840460650277
3092	1358	0.002423840460650277
3092	2038	0.002423840460650277
3092	1171	0.002423840460650277
3092	1100	0.002423840460650277
3092	1697	0.002423840460650277
3092	1840	0.0059692227020830034
3092	891	0.002423840460650277
1840	3097	0.003670127453599626
2689	3093	0.0024238404606502766
3094	1347	0.0024238404606502766
3094	1443	0.0024238404606502766
3094	1227	0.0024238404606502766
3094	1483	0.0024238404606502766
3094	19	0.004406655846684304
19	3101	0.002536135633901221
3095	1479	3.0147269411073092e-06
3096	2905	0.0024238404606502766
3096	625	0.0024238404606502766
3097	1405	0.0024238404606502766
3097	764	0.0024238404606502766
3098	36	0.0024238404606502766
3098	1517	0.0024238404606502766
3098	3102	0.0005802392809060473
653	3099	0.0024238404606502766
3099	1204	0.0024238404606502766
3100	115	0.0024238404606502766
3100	2156	0.0024238404606502766
3101	1808	0.0024238404606502766
3101	316	0.0026363754892045313
3101	1247	0.0024238404606502766
3101	1258	0.0024238404606502766
3101	1672	0.0024238404606502766
3101	1535	0.0024238404606502766
3101	142	0.0024238404606502766
3101	606	0.0024238404606502766
3101	2119	0.0024238404606502766
316	3105	0.004602704011212181
3102	479	0.0024238404606502766
3102	1076	0.0024238404606502766
3102	681	0.0024238404606502766
3102	2006	0.0024238404606502766
3102	1452	0.0024238404606502766
3102	1964	0.0024238404606502766
3102	2004	0.0024238404606502766
3102	2069	0.0024238404606502766
3102	1355	0.0024238404606502766
3103	3104	0.009190870833491356
3103	1110	0.0024238404606502766
3103	502	0.0024238404606502766
3103	197	0.0024238404606502766
3103	1975	0.0024238404606502766
3103	2161	0.0024238404606502766
3103	1839	0.0024238404606502766
3103	1317	0.0024238404606502766
3103	1113	0.0024238404606502766
3104	1548	0.0024238404606502766
3104	650	0.0024238404606502766
3104	460	0.0024238404606502766
3104	224	0.0024238404606502766
3104	135	0.0024238404606502766
3104	1415	0.0024238404606502766
3104	1834	0.0024238404606502766
3104	1588	0.0024238404606502766
3105	97	0.0024238404606502766
3105	3105	0.0
3107	1422	0.0024238404606502766
3107	904	0.0024238404606502766
3107	2712	0.0024238404606502766
3107	1692	0.0024238404606502766
3108	3109	0.017768044906916018
3108	1909	0.0024238404606502766
3108	2103	0.0024238404606502766
3109	1773	0.0024238404606502766
3109	1814	0.0024238404606502766
3109	133	0.0024238404606502766
3109	1842	0.0024238404606502766
3109	206	0.0024238404606502766
3109	1168	0.0024238404606502766
3109	2389	0.0024238404606502766
3109	187	0.0024238404606502766
3109	2068	0.0024238404606502766
3109	2985	0.0024238404606502766
3109	365	0.0024238404606502766
3109	1426	0.0024238404606502766
3109	1012	0.0024238404606502766
3109	821	0.0024238404606502766
3109	1766	0.0024238404606502766
3109	2134	0.0024238404606502766
3109	712	0.0024238404606502766
3109	1390	0.0024238404606502766
3109	1880	0.0024238404606502766
3109	1022	0.0024238404606502766
3109	2308	0.0024238404606502766
3109	804	0.0024238404606502766
3109	57	0.0024238404606502766
3109	574	0.0024238404606502766
3109	2755	0.0024238404606502766
3109	2945	0.0024238404606502766
3109	988	0.0024238404606502766
3109	29	0.0024238404606502766
3109	1822	0.0024238404606502766
3109	425	0.0024238404606502766
3109	2609	0.0024238404606502766
3109	655	0.0024238404606502766
3109	820	0.0024238404606502766
3109	533	0.0024238404606502766
3109	2114	0.0024238404606502766
3109	258	0.0024238404606502766
3109	1135	0.0024238404606502766
3109	700	0.0024238404606502766
3109	312	0.0024238404606502766
3109	866	0.0024238404606502766
