3010	0.0013035246795158823
3011	0.00015197088436299096
1196	0.0012691829429270212
552	0.0039186303670103945
3012	0.028725498358084224
3013	0.010890497867342164
657	0.002475290183511725
1783	0.007728502781844253
553	0.002385905399801556
282	0.00027966680932217723
1471	0.0
1029	0.010826850504967223
1488	0.0
1744	0.0
87	0.0
731	0.0
845	0.0
112	0.059228782251880815
416	0.0005287526151729644
2048	0.0
862	0.006129941428993285
3014	0.016924002163854562
3015	0.021647612053516112
848	0.0
418	0.023995817353750934
2596	0.0
419	0.0
2002	0.0
2748	0.0
1573	0.0
747	0.0
2747	0.0
1245	0.0
3016	0.007385733738827501
269	0.007664603815358834
94	0.08859965863399791
1440	0.0
2662	0.0
3017	0.012902026591888759
3018	0.007831022496654691
75	3.19025747102701e-05
21	0.1711313571871829
649	0.0022306289347398893
1127	0.0
106	0.03088402927947545
294	0.0
2518	0.0
999	0.001309005234905571
322	0.01680316530986286
101	0.006624638789813946
1749	0.00011393644834462403
69	0.09507695219751827
406	6.0693865434666134e-05
1957	0.0
3019	0.010911357938953599
592	0.010364881580171927
331	0.0
338	0.0009485225544180883
644	0.0
3020	0.022983859978658185
1001	3.5313921542035864e-06
274	0.00021685586070488468
587	3.793467069937756e-05
278	0.010415654534608175
1176	0.0002210041107626274
1761	0.0
290	0.0507417407812696
252	0.018636062258912213
1206	0.0002580642662253935
701	2.385534365854169e-05
2347	0.0
38	4.575892226563947e-05
279	2.385534365854169e-05
1279	7.308584551108269e-06
728	0.0
302	0.0
268	0.0002580642662253935
1819	0.0
706	0.0
1542	0.0
272	0.03421668132877721
42	4.575892226563947e-05
1430	0.0
928	0.005273547018420761
169	2.007766460410987e-05
3021	0.08487080625002845
63	0.061832880209601676
1028	0.016783876752876813
384	0.042344038032474274
1119	0.011846311035578708
1465	0.0
1916	0.0004327395321203859
2165	0.016783876752876813
1695	0.0
3022	0.026700678118939954
189	0.03947253222446277
1120	0.0
1584	0.0006760407961018196
1006	0.0006623978893952292
1060	0.0
1620	0.0
2404	0.0
582	0.0006760407961018196
2983	0.0
326	0.007922399567506636
289	0.002762172343473698
3023	0.003594040316131022
1044	0.0
88	0.00036283981205416106
3024	3.0221432435454576e-05
1344	0.0
2835	0.0
2810	0.0
2514	0.0
2904	0.0
3025	0.014691770007424653
2434	0.0
130	0.0
1730	0.0
2530	0.0
376	0.0
2731	0.0
40	0.06608313520319925
3026	0.00837243557533254
2289	0.0
2629	0.0
2683	0.0
3027	0.021831923590167245
325	0.0013647312491524837
1553	0.0
876	0.0025000113222613586
157	0.0003465791528641185
403	0.0005154544076837889
1979	0.0006690058302611597
1148	0.0001520326589968747
548	0.0012481965103080892
43	0.0014167466466198464
1529	1.9314641698013392e-05
863	0.0
1325	0.0
1714	0.0009720027419970418
1680	0.0
23	0.0015394104753327623
48	0.009364168622588341
730	0.00026989326729869614
446	0.0004752650966385223
426	0.0002015151930021169
629	0.002856096441123014
3028	0.03376825071040445
910	0.0
601	0.000998897952155255
1900	0.0
185	0.0
9	0.020882986887910224
199	0.0
2972	0.0
2031	0.0
392	0.00011861349643435059
2425	0.0
123	0.0
968	0.001518937886883696
386	0.0018703188350172356
232	0.0010523339375904319
360	0.0
1399	0.0
2962	0.0004796237318555321
336	0.0
686	0.0
3029	0.03989812283972342
1152	0.0
1586	0.0
90	0.0
1797	0.0
942	0.0
822	0.00146258185178351
2678	0.0
3030	0.00498696370714677
357	0.0162310111860442
2019	0.0
1023	0.0
443	0.0
3031	0.04302507747421564
1567	0.0
569	0.0
362	0.0
34	0.004418820157972997
28	0.0
520	0.0006215798120701591
689	0.0
2062	0.0
2167	0.0
3032	0.03389186027386621
3033	0.028132576305620664
1506	0.006030391583733441
299	0.0008650230688388554
2606	0.0
811	0.0
833	0.00026774613103464767
676	0.0
83	0.0
1248	0.0
1222	0.0009112568354150159
1359	0.0
1696	0.0
1270	0.00036131309285483237
132	8.36564085004472e-05
2622	0.0
1649	0.0
1885	0.0
2982	0.00039026693731076926
306	0.0
103	0.0
723	0.0
2947	0.0
3034	0.07792447901775149
2942	0.0
1694	0.0
541	0.0
1392	0.0
1632	0.026090759807727563
404	0.0012579146639787033
510	0.04593192329133552
405	0.0
2996	0.006923007895952184
565	0.0
3035	0.006830029613202158
3036	0.018356990625580556
1764	0.0
1613	0.0
1919	0.0
138	0.0
564	2.4128227008143938e-05
255	0.0002372259959411789
1010	0.0
1662	0.0
450	0.0
191	0.002164689778568514
1259	0.004087008102918998
3037	0.0816186516092143
2164	0.0
801	0.03107669897337794
400	0.0018649245078349922
2901	0.0
2890	0.0
678	0.0008337392201584927
243	0.0
513	0.0016118097298908896
3038	0.0024313142394323207
1379	0.0
796	0.0016118097298908896
749	0.0016118097298908896
3039	0.0040005398934673956
1192	0.0
985	0.0
3040	0.020226888788820688
2129	0.0
1254	1.7857006095267664e-05
297	0.0
1086	3.777679054431822e-06
151	0.0037856432440898646
570	0.00020109860917047847
1126	8.527577109874348e-05
2892	0.0
875	0.0
509	0.00793342807228831
687	0.0
858	0.000205653992028852
1933	0.0
1091	0.0
3041	0.010510138153910746
1045	0.00012983123692424271
1330	0.0
459	0.0
2571	0.0
3042	0.028241675924957108
2029	0.0
1599	0.0
20	0.0
708	0.00024600702441366685
889	0.0
675	0.0
95	0.00010234252055616715
2141	0.0
2549	0.0
397	0.00013107674842149914
3043	0.011091490504429837
383	0.0
192	0.0
2484	0.0
2258	0.0
3044	0.0072386325280867254
1704	0.0
3045	0.008332669348807381
3046	0.0
3047	0.0024267810245670023
217	0.005753026395927135
3048	0.11783458612691505
275	0.00036846657361592073
2180	0.0
1016	0.00011207739323034473
2952	0.0005979770867971672
134	0.0004612954980427052
547	0.0
771	0.0
46	0.0010690275677883098
99	0.0010690275677883098
1212	0.007292496557122558
2976	0.0
396	0.003064565633189626
1859	0.0
61	0.0010656801376155167
136	0.0
2968	0.0
33	0.005189610786939719
1803	0.0
670	0.0
402	0.00036846657361592073
2421	0.0
849	0.00011207739323034473
2959	0.0
2108	0.0
559	0.001363019669786165
1147	0.0
388	0.0010708355467762179
892	0.003064565633189626
1606	0.007292496557122558
810	0.0
753	0.0
473	0.003064565633189626
887	0.003064565633189626
2937	0.0
111	0.0
440	0.0
1124	0.011597252921768832
1802	0.0
82	0.00036846657361592073
284	0.0
1114	0.0
1748	0.0
658	0.00036846657361592073
682	0.0
5	0.0005109719710756315
1377	0.00036846657361592073
1159	0.003064565633189626
903	0.0
3049	0.028755692962335027
3050	0.006313750352577953
1904	0.0
2043	0.0
3051	0.045548620144056466
3052	0.014782952701240384
1420	0.0
1260	0.0
79	0.0
2363	0.0
1708	0.0
2	0.0
1249	0.004453497666608718
2387	0.0
1115	0.010311574579642742
3053	0.03698344978675214
70	0.0
292	0.0007428585119549894
2095	0.0
2050	0.0
1123	0.0
1033	0.0
3054	0.027338879059479352
3055	0.024513432785098075
560	0.0
1644	0.0
2946	0.0
1228	0.0
716	0.0003784761564195607
452	0.0
307	0.0
2279	0.0
2151	0.0
1043	0.0
113	0.0014158524497289164
264	0.0
173	0.0
283	0.0002457664718123658
1970	0.0
3056	0.0032411837513179626
2907	0.0
673	0.0
3057	0.0
3058	0.05936926290572747
401	0.00020603508110616172
180	0.00015440911574166004
309	0.0
330	0.0
45	0.00015440911574166004
391	0.0005724737129861455
709	0.0
874	0.0
128	0.0
1743	0.0
85	0.0010643637851127207
1153	0.0005724737129861455
886	0.0
348	0.0
1031	0.0005724737129861455
1684	0.00019653802228155505
2701	0.0
737	0.0005724737129861455
276	0.0
481	0.001372209437278335
2369	0.0
2977	0.0012555466782378452
651	0.006176544779477196
3059	0.034760404698849376
3060	0.19881657216887405
1309	0.0
1619	0.0
1098	0.0
1595	0.0
2464	0.0
839	0.0
480	0.001352743647091355
1829	0.0
1652	0.0
2509	0.0
1116	0.0
2607	0.0
836	0.001352743647091355
645	0.0
2503	0.0
639	0.001352743647091355
746	0.0
367	0.0
2253	0.0
2430	0.0
954	0.0
1241	0.0
2170	0.0
1066	0.0
2171	0.0
2051	0.001352743647091355
2385	0.0
2154	0.0
1556	0.0
2402	0.001352743647091355
296	0.0
966	0.0
2172	0.0
2275	0.0
2939	0.0
2927	0.0
1972	0.0
2995	0.001352743647091355
622	0.001352743647091355
2232	0.0
2697	0.0
2227	0.0
1351	0.001352743647091355
2117	0.001352743647091355
1253	0.0
8	0.0
324	0.0
1049	0.0
2361	0.0
461	0.0
58	0.0
1068	0.0
772	0.0
1130	0.0
989	0.0
1779	0.0
1305	0.0
1019	0.0
1723	0.001352743647091355
186	0.0
2450	0.0
1571	0.0
1669	0.0
529	0.0
1846	0.001352743647091355
35	0.0
1812	0.0
720	0.0
2008	0.0
2725	0.0
873	0.0
253	0.0
1991	0.0
154	0.0
266	0.0
1724	0.0
1568	0.0
724	0.0
2935	0.0
1378	0.0
1661	0.0
621	0.0
549	0.0
2295	0.0
1525	0.0
370	0.0
1799	0.0
683	0.0
1145	0.0
1611	1.86414506629948e-05
3061	0.008879665854873849
229	0.0
636	4.906945489236156e-05
389	4.906945489236156e-05
1164	1.86414506629948e-05
201	0.00018843915996024938
519	0.00016219379015765557
1576	4.906945489236156e-05
691	3.7653556720457176e-05
3062	0.02070096519434107
2971	0.0
371	0.0
1307	0.0
883	0.0015350905907683505
1053	0.0
159	0.0
3063	0.012101526352316106
119	0.0
690	0.0
327	0.00020648206325959485
98	0.0
3064	0.061341282672618194
2278	0.0
1650	0.0
109	8.074874462829847e-05
1015	0.0
434	0.0
774	0.0
895	0.0
1220	0.0
1424	0.0
2072	0.0
1524	0.0
894	0.0
2777	0.0
577	0.0
366	0.00017710539701288805
3065	0.01143674787794458
1590	0.0
1303	0.0
680	0.0
618	0.0
3066	0.011945303139692649
3003	0.0
1734	0.0
494	0.00014534910795379087
3067	0.0071122453309482225
377	6.375137828716248e-05
126	0.00015361558555105823
3068	0.0017969334431297
221	0.00015361558555105823
3069	0.013103171711896032
1844	0.00016854245367883784
561	0.0
1445	6.674819507840614e-05
1427	0.0
617	0.00504165944298623
3070	0.0024267810245670023
3071	0.010554895763852972
2420	0.0
3072	0.04652232745332928
3073	0.010137902096741964
277	0.0
1670	1.1103444700894282e-06
667	0.0
2408	0.0
909	0.0
704	0.0
576	0.0
1938	0.0
1218	0.0
947	0.0
2970	0.0
872	0.004615927758034297
857	1.1103444700894282e-06
2067	0.0
532	0.0
496	0.0
1949	0.0
2030	0.0
2110	0.0
707	0.0
1543	0.0
542	0.0
1277	0.0
705	0.0
1169	0.0
2913	0.0
514	0.0
1718	0.0
1446	0.0
3074	0.00038184717767028294
3075	0.06990155436455699
3076	0.022095226798260138
1810	0.0
759	0.0
2388	0.0
1905	0.0
538	0.0
285	0.006862812223669357
566	0.0005261913295902175
2083	0.0
1581	0.0
16	0.0
1549	0.0
2703	0.0
814	0.0
2984	0.0
2126	0.0
1092	0.0
1073	0.0
349	0.0
2111	0.0005261913295902175
993	0.0
1621	0.0
2538	0.0
170	0.0
2453	0.0
1984	0.0
610	0.0
880	0.0
3077	0.025337504441086896
3078	0.01207799547282942
2773	0.0
368	0.0
2066	0.0
4	0.0
3079	0.007271276643970371
3080	0.0112528935214981
167	0.0
1458	0.0
784	0.0
3081	0.0040969869577915504
3082	0.03072732234462973
2489	0.0
409	0.0004903121982407585
595	0.0028585973523647243
1536	0.0
594	0.0
436	0.0
713	0.0
3083	0.023855211673423467
869	0.00017825671918067642
1698	0.0
717	5.152670542666779e-05
648	0.0
3084	0.03471961881114357
976	0.0
1740	0.0
1470	0.0
2057	0.0
118	0.0
2202	0.0
1160	0.0
2125	0.0
2273	0.0
458	0.0
776	0.0
3085	0.0025276594415280635
3086	0.009646357524261118
946	0.0
1539	0.0002077598302452321
1533	0.0
1818	0.0
3087	0.00269510663665363
3088	0.019643066365510855
3089	0.00919231789774488
2266	0.004178029533665237
442	0.0
1894	0.0
1336	0.0
490	0.0
179	0.0
1788	0.0
1140	0.0
2511	0.0
3090	0.011281247961939512
3091	0.021345354571375232
1713	0.0
64	0.0
727	0.0
381	0.0
1735	0.0
948	0.0
1736	0.0
1508	0.0
3092	0.05212861550565579
335	0.0
1876	0.0
1358	0.0
2038	0.0
1171	0.0
1100	0.0
1697	0.0
1840	0.0036166300131927256
891	0.0
2689	0.0
3093	0.0024267810245670023
3094	0.017678483163304115
1347	0.0
1443	0.0
1227	0.0
1483	0.0
19	0.0022650338753057993
3095	0.0
1479	0.0
3096	0.012536330946873295
2905	0.0
625	0.0
3097	0.006100707126704586
1405	0.0
764	0.0
3098	0.015024688833143392
36	0.0
1517	0.0
653	0.0
3099	0.004850539905890459
1204	0.0
3100	0.008858369683947246
115	0.0
2156	0.0
3101	0.02033112813980455
1808	0.0
316	0.002413542323130171
1247	0.0
1258	0.0
1672	0.0
1535	0.0
142	0.0
606	0.0
2119	0.0
3102	0.061037154109680976
479	0.0
1076	0.0
681	0.0
2006	0.0
1452	0.0
1964	0.0
2004	0.0
2069	0.0
1355	0.0
3103	0.05533232918948642
3104	0.024716321276632994
1110	0.0
1548	0.0
502	0.0
650	0.0
460	0.0
224	0.0
135	0.0
1415	0.0
1834	0.0
197	0.0
1975	0.0
2161	0.0
1588	0.0
1839	0.0
1317	0.0
1113	0.0
3105	0.00963706956846378
97	0.0
3106	0.0022840195287202074
3107	0.015153857192814965
1422	0.0
904	0.0
2712	0.0
1692	0.0
3108	0.02070734515224472
3109	0.11251993782469798
1909	0.0
1773	0.0
1814	0.0
133	0.0
1842	0.0
206	0.0
1168	0.0
2389	0.0
187	0.0
2068	0.0
2985	0.0
365	0.0
1426	0.0
2103	0.0
1012	0.0
821	0.0
1766	0.0
2134	0.0
712	0.0
1390	0.0
1880	0.0
1022	0.0
2308	0.0
804	0.0
57	0.0
574	0.0
2755	0.0
2945	0.0
988	0.0
29	0.0
1822	0.0
425	0.0
2609	0.0
655	0.0
820	0.0
533	0.0
2114	0.0
258	0.0
1135	0.0
700	0.0
312	0.0
866	0.0
