3010	0.002457002457002457
3011	0.002457002457002457
1196	0.002457002457002457
552	0.0036855036855036856
3012	0.014742014742014743
3013	0.006142506142506142
657	0.004914004914004914
1783	0.006142506142506142
553	0.002457002457002457
282	0.002457002457002457
1471	0.0012285012285012285
1029	0.0036855036855036856
1488	0.0012285012285012285
1744	0.0012285012285012285
87	0.0012285012285012285
731	0.0012285012285012285
845	0.0012285012285012285
112	0.01597051597051597
416	0.002457002457002457
2048	0.0012285012285012285
862	0.004914004914004914
3014	0.009828009828009828
3015	0.0036855036855036856
848	0.0012285012285012285
418	0.002457002457002457
2596	0.0012285012285012285
419	0.0012285012285012285
2002	0.0012285012285012285
2748	0.0012285012285012285
1573	0.0012285012285012285
747	0.0012285012285012285
2747	0.0012285012285012285
1245	0.0012285012285012285
3016	0.006142506142506142
269	0.006142506142506142
94	0.020884520884520884
1440	0.0012285012285012285
2662	0.0012285012285012285
3017	0.014742014742014743
3018	0.007371007371007371
75	0.002457002457002457
21	0.03931203931203931
649	0.004914004914004914
1127	0.0012285012285012285
106	0.018427518427518427
294	0.0012285012285012285
2518	0.0012285012285012285
999	0.0036855036855036856
322	0.011056511056511056
101	0.007371007371007371
1749	0.002457002457002457
69	0.022113022113022112
406	0.002457002457002457
1957	0.0012285012285012285
3019	0.007371007371007371
592	0.007371007371007371
331	0.0012285012285012285
338	0.002457002457002457
644	0.0012285012285012285
3020	0.03562653562653562
1001	0.0036855036855036856
274	0.007371007371007371
587	0.006142506142506142
278	0.011056511056511056
1176	0.0085995085995086
1761	0.0012285012285012285
290	0.007371007371007371
252	0.012285012285012284
1206	0.009828009828009828
701	0.006142506142506142
2347	0.0012285012285012285
38	0.007371007371007371
279	0.006142506142506142
1279	0.004914004914004914
728	0.002457002457002457
302	0.0012285012285012285
268	0.009828009828009828
1819	0.0012285012285012285
706	0.0036855036855036856
1542	0.0012285012285012285
272	0.009828009828009828
42	0.007371007371007371
1430	0.0012285012285012285
928	0.009828009828009828
169	0.004914004914004914
3021	0.014742014742014743
63	0.014742014742014743
1028	0.002457002457002457
384	0.012285012285012284
1119	0.002457002457002457
1465	0.0012285012285012285
1916	0.002457002457002457
2165	0.002457002457002457
1695	0.0012285012285012285
3022	0.018427518427518427
189	0.0171990171990172
1120	0.0012285012285012285
1584	0.002457002457002457
1006	0.004914004914004914
1060	0.0012285012285012285
1620	0.0012285012285012285
2404	0.0012285012285012285
582	0.002457002457002457
2983	0.0012285012285012285
326	0.0036855036855036856
289	0.002457002457002457
3023	0.007371007371007371
1044	0.0012285012285012285
88	0.0036855036855036856
3024	0.006142506142506142
1344	0.0012285012285012285
2835	0.0012285012285012285
2810	0.0012285012285012285
2514	0.0012285012285012285
2904	0.0012285012285012285
3025	0.009828009828009828
2434	0.0012285012285012285
130	0.0012285012285012285
1730	0.0012285012285012285
2530	0.0012285012285012285
376	0.0012285012285012285
2731	0.0012285012285012285
40	0.022113022113022112
3026	0.007371007371007371
2289	0.0012285012285012285
2629	0.0012285012285012285
2683	0.0012285012285012285
3027	0.028255528255528253
325	0.006142506142506142
1553	0.0012285012285012285
876	0.004914004914004914
157	0.004914004914004914
403	0.004914004914004914
1979	0.002457002457002457
1148	0.002457002457002457
548	0.007371007371007371
43	0.007371007371007371
1529	0.002457002457002457
863	0.0012285012285012285
1325	0.0012285012285012285
1714	0.0036855036855036856
1680	0.0012285012285012285
23	0.004914004914004914
48	0.011056511056511056
730	0.0036855036855036856
446	0.0036855036855036856
426	0.0036855036855036856
629	0.0085995085995086
3028	0.029484029484029485
910	0.0012285012285012285
601	0.0036855036855036856
1900	0.0012285012285012285
185	0.0012285012285012285
9	0.014742014742014743
199	0.0012285012285012285
2972	0.0012285012285012285
2031	0.0012285012285012285
392	0.002457002457002457
2425	0.0012285012285012285
123	0.0012285012285012285
968	0.0036855036855036856
386	0.004914004914004914
232	0.004914004914004914
360	0.0012285012285012285
1399	0.0012285012285012285
2962	0.002457002457002457
336	0.0012285012285012285
686	0.0012285012285012285
3029	0.01597051597051597
1152	0.0012285012285012285
1586	0.002457002457002457
90	0.0012285012285012285
1797	0.0012285012285012285
942	0.0012285012285012285
822	0.004914004914004914
2678	0.0012285012285012285
3030	0.004914004914004914
357	0.0085995085995086
2019	0.0012285012285012285
1023	0.0012285012285012285
443	0.0012285012285012285
3031	0.020884520884520884
1567	0.0012285012285012285
569	0.0012285012285012285
362	0.0012285012285012285
34	0.007371007371007371
28	0.0012285012285012285
520	0.002457002457002457
689	0.0012285012285012285
2062	0.0012285012285012285
2167	0.0012285012285012285
3032	0.02457002457002457
3033	0.018427518427518427
1506	0.002457002457002457
299	0.0036855036855036856
2606	0.0012285012285012285
811	0.0012285012285012285
833	0.002457002457002457
676	0.0012285012285012285
83	0.0012285012285012285
1248	0.0012285012285012285
1222	0.006142506142506142
1359	0.0012285012285012285
1696	0.0012285012285012285
1270	0.002457002457002457
132	0.002457002457002457
2622	0.0012285012285012285
1649	0.0012285012285012285
1885	0.0012285012285012285
2982	0.002457002457002457
306	0.0012285012285012285
103	0.0012285012285012285
723	0.0012285012285012285
2947	0.0012285012285012285
3034	0.019656019656019656
2942	0.0012285012285012285
1694	0.0012285012285012285
541	0.0012285012285012285
1392	0.0012285012285012285
1632	0.0036855036855036856
404	0.002457002457002457
510	0.007371007371007371
405	0.0012285012285012285
2996	0.002457002457002457
565	0.0012285012285012285
3035	0.009828009828009828
3036	0.0171990171990172
1764	0.002457002457002457
1613	0.002457002457002457
1919	0.002457002457002457
138	0.002457002457002457
564	0.002457002457002457
255	0.0036855036855036856
1010	0.0012285012285012285
1662	0.0012285012285012285
450	0.0012285012285012285
191	0.004914004914004914
1259	0.004914004914004914
3037	0.0171990171990172
2164	0.0012285012285012285
801	0.002457002457002457
400	0.0036855036855036856
2901	0.0012285012285012285
2890	0.0012285012285012285
678	0.002457002457002457
243	0.0012285012285012285
513	0.002457002457002457
3038	0.004914004914004914
1379	0.0012285012285012285
796	0.002457002457002457
749	0.002457002457002457
3039	0.004914004914004914
1192	0.0012285012285012285
985	0.0036855036855036856
3040	0.04176904176904177
2129	0.002457002457002457
1254	0.004914004914004914
297	0.0012285012285012285
1086	0.002457002457002457
151	0.006142506142506142
570	0.002457002457002457
1126	0.004914004914004914
2892	0.0012285012285012285
875	0.0012285012285012285
509	0.0085995085995086
687	0.0036855036855036856
858	0.0085995085995086
1933	0.002457002457002457
1091	0.002457002457002457
3041	0.007371007371007371
1045	0.002457002457002457
1330	0.0012285012285012285
459	0.0012285012285012285
2571	0.0012285012285012285
3042	0.019656019656019656
2029	0.0012285012285012285
1599	0.0012285012285012285
20	0.0012285012285012285
708	0.002457002457002457
889	0.0012285012285012285
675	0.0012285012285012285
95	0.002457002457002457
2141	0.0012285012285012285
2549	0.0012285012285012285
397	0.002457002457002457
3043	0.009828009828009828
383	0.0012285012285012285
192	0.0012285012285012285
2484	0.0012285012285012285
2258	0.0012285012285012285
3044	0.022113022113022112
1704	0.0012285012285012285
3045	0.0085995085995086
3046	0.0012285012285012285
3047	0.002457002457002457
217	0.0036855036855036856
3048	0.0687960687960688
275	0.002457002457002457
2180	0.0012285012285012285
1016	0.0036855036855036856
2952	0.002457002457002457
134	0.004914004914004914
547	0.0012285012285012285
771	0.0012285012285012285
46	0.006142506142506142
99	0.006142506142506142
1212	0.002457002457002457
2976	0.0012285012285012285
396	0.002457002457002457
1859	0.0012285012285012285
61	0.004914004914004914
136	0.0012285012285012285
2968	0.0012285012285012285
33	0.007371007371007371
1803	0.0012285012285012285
670	0.0012285012285012285
402	0.002457002457002457
2421	0.0012285012285012285
849	0.0036855036855036856
2959	0.0012285012285012285
2108	0.0012285012285012285
559	0.004914004914004914
1147	0.0012285012285012285
388	0.007371007371007371
892	0.002457002457002457
1606	0.002457002457002457
810	0.0012285012285012285
753	0.0012285012285012285
473	0.002457002457002457
887	0.002457002457002457
2937	0.0012285012285012285
111	0.0012285012285012285
440	0.0012285012285012285
1124	0.0036855036855036856
1802	0.0012285012285012285
82	0.002457002457002457
284	0.0012285012285012285
1114	0.0012285012285012285
1748	0.0012285012285012285
658	0.002457002457002457
682	0.0012285012285012285
5	0.004914004914004914
1377	0.002457002457002457
1159	0.002457002457002457
903	0.0012285012285012285
3049	0.0036855036855036856
3050	0.006142506142506142
1904	0.0012285012285012285
2043	0.0012285012285012285
3051	0.014742014742014743
3052	0.009828009828009828
1420	0.0012285012285012285
1260	0.0012285012285012285
79	0.0012285012285012285
2363	0.0012285012285012285
1708	0.0012285012285012285
2	0.0012285012285012285
1249	0.002457002457002457
2387	0.0012285012285012285
1115	0.004914004914004914
3053	0.0171990171990172
70	0.0012285012285012285
292	0.0036855036855036856
2095	0.0012285012285012285
2050	0.0012285012285012285
1123	0.0012285012285012285
1033	0.0012285012285012285
3054	0.018427518427518427
3055	0.02457002457002457
560	0.0012285012285012285
1644	0.002457002457002457
2946	0.002457002457002457
1228	0.0012285012285012285
716	0.002457002457002457
452	0.0012285012285012285
307	0.0012285012285012285
2279	0.002457002457002457
2151	0.0012285012285012285
1043	0.0012285012285012285
113	0.004914004914004914
264	0.0012285012285012285
173	0.0012285012285012285
283	0.002457002457002457
1970	0.0012285012285012285
3056	0.0036855036855036856
2907	0.0012285012285012285
673	0.0012285012285012285
3057	0.0012285012285012285
3058	0.051597051597051594
401	0.002457002457002457
180	0.002457002457002457
309	0.0012285012285012285
330	0.0012285012285012285
45	0.002457002457002457
391	0.0036855036855036856
709	0.0012285012285012285
874	0.0012285012285012285
128	0.0012285012285012285
1743	0.0012285012285012285
85	0.002457002457002457
1153	0.0036855036855036856
886	0.0012285012285012285
348	0.0012285012285012285
1031	0.0036855036855036856
1684	0.0036855036855036856
2701	0.0012285012285012285
737	0.0036855036855036856
276	0.0012285012285012285
481	0.002457002457002457
2369	0.0012285012285012285
2977	0.004914004914004914
651	0.004914004914004914
3059	0.011056511056511056
3060	0.12039312039312039
1309	0.0012285012285012285
1619	0.0012285012285012285
1098	0.0012285012285012285
1595	0.0012285012285012285
2464	0.0012285012285012285
839	0.0012285012285012285
480	0.002457002457002457
1829	0.0012285012285012285
1652	0.0012285012285012285
2509	0.0012285012285012285
1116	0.0012285012285012285
2607	0.0012285012285012285
836	0.002457002457002457
645	0.0012285012285012285
2503	0.0012285012285012285
639	0.002457002457002457
746	0.0012285012285012285
367	0.0012285012285012285
2253	0.0012285012285012285
2430	0.0012285012285012285
954	0.0012285012285012285
1241	0.0012285012285012285
2170	0.0012285012285012285
1066	0.0012285012285012285
2171	0.0012285012285012285
2051	0.002457002457002457
2385	0.0012285012285012285
2154	0.0012285012285012285
1556	0.0012285012285012285
2402	0.002457002457002457
296	0.0012285012285012285
966	0.0012285012285012285
2172	0.0012285012285012285
2275	0.0012285012285012285
2939	0.0012285012285012285
2927	0.0012285012285012285
1972	0.0012285012285012285
2995	0.002457002457002457
622	0.002457002457002457
2232	0.0012285012285012285
2697	0.0012285012285012285
2227	0.0012285012285012285
1351	0.002457002457002457
2117	0.002457002457002457
1253	0.0012285012285012285
8	0.0012285012285012285
324	0.0012285012285012285
1049	0.0012285012285012285
2361	0.0012285012285012285
461	0.0012285012285012285
58	0.0012285012285012285
1068	0.0012285012285012285
772	0.0012285012285012285
1130	0.0012285012285012285
989	0.0012285012285012285
1779	0.0012285012285012285
1305	0.0012285012285012285
1019	0.0012285012285012285
1723	0.002457002457002457
186	0.0012285012285012285
2450	0.0012285012285012285
1571	0.0012285012285012285
1669	0.0012285012285012285
529	0.0012285012285012285
1846	0.002457002457002457
35	0.0012285012285012285
1812	0.0012285012285012285
720	0.0012285012285012285
2008	0.0012285012285012285
2725	0.0012285012285012285
873	0.0012285012285012285
253	0.0012285012285012285
1991	0.0012285012285012285
154	0.0012285012285012285
266	0.0012285012285012285
1724	0.0012285012285012285
1568	0.0012285012285012285
724	0.0012285012285012285
2935	0.0012285012285012285
1378	0.0012285012285012285
1661	0.0012285012285012285
621	0.0012285012285012285
549	0.0012285012285012285
2295	0.0012285012285012285
1525	0.0012285012285012285
370	0.0012285012285012285
1799	0.0012285012285012285
683	0.0012285012285012285
1145	0.0012285012285012285
1611	0.002457002457002457
3061	0.02457002457002457
229	0.0012285012285012285
636	0.0036855036855036856
389	0.0036855036855036856
1164	0.002457002457002457
201	0.0036855036855036856
519	0.0036855036855036856
1576	0.0036855036855036856
691	0.002457002457002457
3062	0.01597051597051597
2971	0.0012285012285012285
371	0.0012285012285012285
1307	0.0012285012285012285
883	0.002457002457002457
1053	0.0012285012285012285
159	0.0012285012285012285
3063	0.019656019656019656
119	0.0012285012285012285
690	0.0012285012285012285
327	0.0036855036855036856
98	0.0012285012285012285
3064	0.04176904176904177
2278	0.0012285012285012285
1650	0.0012285012285012285
109	0.002457002457002457
1015	0.0012285012285012285
434	0.0012285012285012285
774	0.0012285012285012285
895	0.0012285012285012285
1220	0.0012285012285012285
1424	0.0012285012285012285
2072	0.0012285012285012285
1524	0.0012285012285012285
894	0.0012285012285012285
2777	0.0012285012285012285
577	0.0012285012285012285
366	0.002457002457002457
3065	0.009828009828009828
1590	0.0012285012285012285
1303	0.0012285012285012285
680	0.0012285012285012285
618	0.0012285012285012285
3066	0.02334152334152334
3003	0.0012285012285012285
1734	0.0012285012285012285
494	0.0036855036855036856
3067	0.0171990171990172
377	0.004914004914004914
126	0.002457002457002457
3068	0.004914004914004914
221	0.002457002457002457
3069	0.022113022113022112
1844	0.0036855036855036856
561	0.0012285012285012285
1445	0.002457002457002457
1427	0.0012285012285012285
617	0.0036855036855036856
3070	0.002457002457002457
3071	0.0085995085995086
2420	0.0012285012285012285
3072	0.06511056511056511
3073	0.025798525798525797
277	0.0036855036855036856
1670	0.004914004914004914
667	0.0012285012285012285
2408	0.0012285012285012285
909	0.002457002457002457
704	0.002457002457002457
576	0.002457002457002457
1938	0.002457002457002457
1218	0.002457002457002457
947	0.002457002457002457
2970	0.0036855036855036856
872	0.004914004914004914
857	0.004914004914004914
2067	0.002457002457002457
532	0.002457002457002457
496	0.002457002457002457
1949	0.0012285012285012285
2030	0.0012285012285012285
2110	0.0012285012285012285
707	0.0012285012285012285
1543	0.0012285012285012285
542	0.0012285012285012285
1277	0.0012285012285012285
705	0.002457002457002457
1169	0.002457002457002457
2913	0.0012285012285012285
514	0.002457002457002457
1718	0.002457002457002457
1446	0.0012285012285012285
3074	0.002457002457002457
3075	0.036855036855036855
3076	0.02334152334152334
1810	0.0012285012285012285
759	0.0012285012285012285
2388	0.0012285012285012285
1905	0.0012285012285012285
538	0.0012285012285012285
285	0.0036855036855036856
566	0.002457002457002457
2083	0.0012285012285012285
1581	0.0012285012285012285
16	0.0012285012285012285
1549	0.0012285012285012285
2703	0.0012285012285012285
814	0.0012285012285012285
2984	0.0012285012285012285
2126	0.0012285012285012285
1092	0.0012285012285012285
1073	0.0012285012285012285
349	0.0012285012285012285
2111	0.002457002457002457
993	0.0012285012285012285
1621	0.0012285012285012285
2538	0.0012285012285012285
170	0.0012285012285012285
2453	0.0012285012285012285
1984	0.0012285012285012285
610	0.0012285012285012285
880	0.0012285012285012285
3077	0.009828009828009828
3078	0.004914004914004914
2773	0.0012285012285012285
368	0.0012285012285012285
2066	0.0012285012285012285
4	0.0012285012285012285
3079	0.006142506142506142
3080	0.007371007371007371
167	0.0012285012285012285
1458	0.0012285012285012285
784	0.0012285012285012285
3081	0.004914004914004914
3082	0.0171990171990172
2489	0.0012285012285012285
409	0.002457002457002457
595	0.002457002457002457
1536	0.0012285012285012285
594	0.0012285012285012285
436	0.0012285012285012285
713	0.0012285012285012285
3083	0.03194103194103194
869	0.002457002457002457
1698	0.0012285012285012285
717	0.002457002457002457
648	0.0012285012285012285
3084	0.019656019656019656
976	0.0012285012285012285
1740	0.0012285012285012285
1470	0.0012285012285012285
2057	0.0012285012285012285
118	0.0012285012285012285
2202	0.0012285012285012285
1160	0.0012285012285012285
2125	0.0012285012285012285
2273	0.0012285012285012285
458	0.0012285012285012285
776	0.0012285012285012285
3085	0.004914004914004914
3086	0.0085995085995086
946	0.0012285012285012285
1539	0.002457002457002457
1533	0.0012285012285012285
1818	0.0012285012285012285
3087	0.004914004914004914
3088	0.01597051597051597
3089	0.0085995085995086
2266	0.002457002457002457
442	0.0012285012285012285
1894	0.0012285012285012285
1336	0.0012285012285012285
490	0.0012285012285012285
179	0.0012285012285012285
1788	0.0012285012285012285
1140	0.0012285012285012285
2511	0.0012285012285012285
3090	0.014742014742014743
3091	0.018427518427518427
1713	0.002457002457002457
64	0.0012285012285012285
727	0.0012285012285012285
381	0.002457002457002457
1735	0.0012285012285012285
948	0.0012285012285012285
1736	0.0012285012285012285
1508	0.0012285012285012285
3092	0.025798525798525797
335	0.0012285012285012285
1876	0.0012285012285012285
1358	0.0012285012285012285
2038	0.0012285012285012285
1171	0.0012285012285012285
1100	0.0012285012285012285
1697	0.0012285012285012285
1840	0.002457002457002457
891	0.0012285012285012285
2689	0.0012285012285012285
3093	0.002457002457002457
3094	0.01597051597051597
1347	0.0012285012285012285
1443	0.0012285012285012285
1227	0.0012285012285012285
1483	0.0012285012285012285
19	0.002457002457002457
3095	0.0012285012285012285
1479	0.0012285012285012285
3096	0.009828009828009828
2905	0.0012285012285012285
625	0.0012285012285012285
3097	0.006142506142506142
1405	0.0012285012285012285
764	0.0012285012285012285
3098	0.03194103194103194
36	0.0012285012285012285
1517	0.0012285012285012285
653	0.0012285012285012285
3099	0.0036855036855036856
1204	0.0012285012285012285
3100	0.007371007371007371
115	0.0012285012285012285
2156	0.0012285012285012285
3101	0.01597051597051597
1808	0.0012285012285012285
316	0.002457002457002457
1247	0.0012285012285012285
1258	0.0012285012285012285
1672	0.0012285012285012285
1535	0.0012285012285012285
142	0.0012285012285012285
606	0.0012285012285012285
2119	0.0012285012285012285
3102	0.0687960687960688
479	0.0012285012285012285
1076	0.0012285012285012285
681	0.0012285012285012285
2006	0.0012285012285012285
1452	0.0012285012285012285
1964	0.0012285012285012285
2004	0.0012285012285012285
2069	0.0012285012285012285
1355	0.0012285012285012285
3103	0.05405405405405405
3104	0.028255528255528253
1110	0.0012285012285012285
1548	0.0012285012285012285
502	0.0012285012285012285
650	0.0012285012285012285
460	0.0012285012285012285
224	0.0012285012285012285
135	0.0012285012285012285
1415	0.0012285012285012285
1834	0.0012285012285012285
197	0.0012285012285012285
1975	0.0012285012285012285
2161	0.0012285012285012285
1588	0.0012285012285012285
1839	0.0012285012285012285
1317	0.0012285012285012285
1113	0.0012285012285012285
3105	0.0085995085995086
97	0.0012285012285012285
3106	0.0036855036855036856
3107	0.012285012285012284
1422	0.0012285012285012285
904	0.0012285012285012285
2712	0.0012285012285012285
1692	0.0012285012285012285
3108	0.004914004914004914
3109	0.07862407862407862
1909	0.0012285012285012285
1773	0.0012285012285012285
1814	0.0012285012285012285
133	0.0012285012285012285
1842	0.0012285012285012285
206	0.0012285012285012285
1168	0.0012285012285012285
2389	0.0012285012285012285
187	0.0012285012285012285
2068	0.0012285012285012285
2985	0.0012285012285012285
365	0.0012285012285012285
1426	0.0012285012285012285
2103	0.0012285012285012285
1012	0.0012285012285012285
821	0.0012285012285012285
1766	0.0012285012285012285
2134	0.0012285012285012285
712	0.0012285012285012285
1390	0.0012285012285012285
1880	0.0012285012285012285
1022	0.0012285012285012285
2308	0.0012285012285012285
804	0.0012285012285012285
57	0.0012285012285012285
574	0.0012285012285012285
2755	0.0012285012285012285
2945	0.0012285012285012285
988	0.0012285012285012285
29	0.0012285012285012285
1822	0.0012285012285012285
425	0.0012285012285012285
2609	0.0012285012285012285
655	0.0012285012285012285
820	0.0012285012285012285
533	0.0012285012285012285
2114	0.0012285012285012285
258	0.0012285012285012285
1135	0.0012285012285012285
700	0.0012285012285012285
312	0.0012285012285012285
866	0.0012285012285012285
