4910	0.004337719247230544
199	2.7313526880291435e-05
3020	9.611685506866152e-05
3150	0.00020408883773320093
173	0.00024775261879712406
3782	0.00033128162423231417
4784	2.7676506020847586e-05
69	0.04939621556186387
2240	7.270978181299014e-06
2932	0.00020261748092121877
4487	0.00015377000295248297
3186	5.240622965439188e-06
1476	0.00014664789577408533
325	0.00012579886313818583
366	0.0026650658566861364
388	0.0022229582913843864
3425	0.0002069149111340972
403	0.0037281201218853626
730	0.0006691486832895518
95	0.0006845101638042091
123	0.0011845097266354105
231	0.00020547168690066746
3023	0.00018780049451951557
61	0.005371130382217419
1844	0.0009524692258994174
21	0.2984200690749457
4830	5.7479014079370065e-05
9	0.0082467066684842
2972	6.695540661441328e-05
3487	0.0010600532832401787
3849	0.0003359312290433514
3362	0.00029567504137947284
3802	9.084462891277159e-05
3450	0.00020098859952849841
1248	0.00018960614038342622
548	0.0002955205889804453
112	0.017299069553332727
211	0.00036942060994699804
617	0.0009543191081966588
3331	9.042991103436551e-05
481	0.0036098143992143485
3490	0.000178055851910601
392	0.0013947849679458624
201	0.0029630273536440745
3365	0.0003057971784804175
48	0.003419331528115259
4166	1.0058097692056368e-05
189	0.07057824616445355
3409	0.0007626660551041391
4701	2.9724059645177745e-05
4911	0.0006974047779450355
649	0.003062061872979285
4866	2.3157176664317205e-07
132	0.000588926079193276
4867	0.0
4912	1.4671489416672593e-07
1379	0.0030564221815227053
796	0.00090145686473833
749	0.0036109810463042465
513	0.0038156475639322188
4913	0.0006667106804921957
3852	0.0013034745263628851
357	0.008022276526264714
34	0.005802072005785867
1222	0.0016749829254027711
3005	0.0019020363336305119
896	4.1806666465421544e-06
3355	1.9059339838180026e-05
710	1.321575087930465e-05
270	6.900485658547942e-06
299	0.0005051646747880657
618	5.84640653930689e-05
4914	0.00417396316166188
3351	0.0
1735	6.155953222840242e-05
4212	0.000684253035657272
3094	0.0001060161624332456
807	4.561387092032377e-05
2079	0.0
4771	4.4728780842096835e-05
1448	0.0
809	6.491752807719502e-05
396	1.2096665722323807e-05
92	0.000313922844970998
4909	0.0
27	9.782051641769494e-05
4308	0.00011108667224385603
4852	0.00015858222347987327
1694	0.0008038904364183033
1779	0.00022789572292698153
1594	9.510797687396137e-05
3998	0.00010183829947868025
1913	0.0
1073	0.00015691937968573166
819	6.187526384999674e-05
264	0.00019683448147940767
3678	2.4231273756621564e-05
1170	7.411987189215744e-05
3774	1.9182095271682752e-05
2944	0.0
1382	3.083454489745693e-05
4915	3.14553112716502e-05
4	0.0047950145842845454
2035	3.143246908179287e-05
4916	0.005534268981301047
4917	0.012499574417574844
4492	0.00011821711139458276
38	0.0006485192674361762
2803	0.0
3918	8.892400508731549e-05
3201	2.1834249474111164e-06
1224	7.619414693074574e-05
1983	0.0013901358167625307
3382	0.0011221730788317094
3354	1.6781795256762204e-05
883	9.214135662924881e-05
342	3.8171051715532726e-05
418	0.0003299470978957959
3873	0.00025659270194682503
1944	2.6206324904951707e-05
2979	0.0003734385963803918
3867	0.0
1238	0.0008372416267198004
140	1.0427207909486265e-06
349	2.9502319947072528e-05
75	0.007525104049329539
1528	0.0
980	0.0004690374464127288
1033	0.0001111095646441374
1615	0.0003019413501940515
1704	2.3740148084417463e-05
661	7.148460488726568e-05
1597	3.159437465598828e-05
1697	3.703515260190828e-05
1677	0.00011285796482847554
63	0.10391524332812957
177	0.00023724400906954327
4508	3.0510111074633385e-05
3252	0.00010943232438766359
40	0.07953331156276752
332	0.0
292	0.0015963457776347954
3981	4.105616973610663e-05
1100	0.00013024073175073555
1151	0.0
890	0.0
106	0.04053136846159379
1794	3.0510111074633385e-05
785	3.237308725399504e-05
2049	1.691616480596729e-05
2222	1.997527381538519e-05
4431	1.7337253578285157e-05
4754	0.00015013203610924302
119	0.0015527670340870657
3033	0.0007248621312995704
1753	0.0007523931745912207
1259	0.0006379184100268607
2966	2.5867180297944494e-05
335	0.000755474190743793
4453	3.3625977093788906e-05
893	0.0009648200291267189
2339	1.4783253284607325e-05
3745	2.6141187611602268e-05
2603	0.0
1876	3.5949056669031654e-05
274	0.002978819106590305
252	0.004483998244560356
1310	0.0
814	0.003449094500303829
1488	0.0001623389291599263
3303	0.0004598357738068805
1482	0.00014300408099680775
686	0.00033766970551428276
4918	0.0018712336674965992
3462	9.625794824301342e-05
3665	0.0
1862	2.249172472654704e-06
146	0.00012621143484158786
4783	6.660386011925865e-05
783	8.581392360979217e-06
1294	1.932318481032565e-05
338	0.0024688153936584297
309	0.0004252448318259586
4919	0.009401708566830952
4920	0.0057368442171283505
1001	3.588333447642202e-05
496	4.607385795423592e-06
3110	0.0
2815	0.0
169	0.0005146332743665727
3176	2.8677184256829016e-06
3929	8.045993754814079e-05
4057	8.924032822943854e-05
509	0.0013222779259461886
4458	0.00015807903704466518
542	0.0
1176	6.588755372626298e-05
400	0.002967229350934666
928	0.0007302649190442317
377	3.169979998547563e-05
2067	0.0
4449	0.0
4816	0.0
4286	5.118095155145317e-06
4750	0.0
3457	0.0005689922245078631
3888	0.0
272	0.0014002659707375103
4380	0.0010592746869325612
909	0.0
858	0.000832371279664545
3604	1.5402493310209895e-06
1801	9.436555501139333e-07
151	0.0008456126509335575
510	0.0009243163042056448
872	0.0001734852708126572
1027	0.00010280940937546182
409	0.0005793524080971778
553	0.000554389339812304
701	1.675830890069374e-05
1254	2.2110709268018646e-05
42	0.00018324815535738001
726	5.773538310007156e-06
1206	0.0003603177609693785
4191	0.0
4447	1.7486839647498768e-05
706	3.98607151043735e-05
587	2.9110783298977232e-06
290	0.000753537299621572
704	1.5682500005743552e-05
3344	6.525720854086975e-06
3673	7.183656168630302e-06
278	0.0013454370885210873
94	0.05958687180059352
985	5.649840537697121e-05
268	0.0005468306917610284
2686	0.0
4921	0.0016032882787830312
3524	1.7327551272467239e-06
2345	8.677321252898236e-07
731	0.0009227039238112384
1396	6.401034513329605e-05
117	0.002280985326123242
1808	0.00031673559167642553
2024	4.342071873668635e-06
4922	0.00011571142601491656
1519	0.0001250337398545395
729	3.831424752368553e-05
285	0.002482792330890317
2138	0.0007852603116891048
2274	7.513476520593555e-05
4923	0.0004789072202983553
1308	0.0006951174927740947
459	0.00020336126556987365
2256	2.717021433425376e-06
1179	1.001944941638779e-06
4924	0.008473581526972902
1850	0.00016187084130386473
1451	2.7162525025322075e-05
1695	7.78476787755742e-05
286	2.0663073673442572e-05
1472	0.00020580206754209593
3378	7.008148919119015e-06
3515	0.00016557831673301736
142	0.0006378300451136905
484	0.0
1249	0.00025715122851131713
1688	0.00034233156217353697
1515	1.2805079275675732e-05
4055	0.0
3860	5.228045995656224e-06
3016	0.00017929317202217048
1394	7.119840564763623e-05
933	3.9382241427131694e-05
1759	0.0
2228	0.0
4126	0.0011091936198771354
604	6.00646811604459e-05
316	0.0004592222198859231
380	4.368703945903097e-05
1499	0.0002186922026940985
903	0.00013869030213254152
3605	0.00014478013416170332
1247	0.0001265264681418094
1657	0.0
303	0.0
141	5.228045995656224e-06
174	1.7226857284433693e-05
217	0.006216458417650799
317	0.0002229661050818923
984	2.4509702443586424e-05
1106	0.00037640183695487693
2312	1.2118110480847867e-05
3256	0.0
564	0.00047894885671519725
4710	4.282088877479783e-05
1500	6.285530458972724e-05
1232	3.790262468980389e-06
1198	0.0
606	0.0003374931141130812
573	0.0
344	0.000454666471707353
4925	0.005839297935984075
3130	2.5780913098473094e-05
4844	0.00024784616316823877
4743	0.0
24	0.00014165818536091256
3893	8.662180374779336e-05
3019	4.7952452095533506e-05
4019	0.0
3404	0.00012277898473749617
4253	0.0003704022937231093
3180	0.0006653209473751011
30	2.986001211009022e-05
810	0.00021211469781736372
467	8.549059666501455e-05
3597	6.248964439662963e-05
4029	1.5787040865789102e-05
3697	3.7970698183355e-05
3429	0.0
762	0.00039009900476268274
1158	1.2173462541503005e-05
3405	0.00033044980685232575
293	0.0001266433644020372
1749	0.0008281577512801161
999	0.0001407421562429598
3676	0.0
3900	0.0003742332658242548
4926	0.003130230971030711
4927	0.002696248787935575
2078	3.925201623270287e-05
3184	3.9470621989980184e-05
4834	0.0002768604684652322
90	6.513756073968052e-05
2358	3.846436056057869e-06
2643	0.0003937101857148524
1311	1.4020271125718154e-05
579	1.2384430018067255e-05
394	7.404410663110588e-05
3348	3.549506513740946e-06
3991	7.386056962865521e-05
1673	5.746430947103037e-05
3551	2.4857815469607706e-05
448	8.90318858941984e-06
3376	3.1786338542143588e-06
1905	1.2258260469408405e-05
4928	0.002281099768413031
428	8.309631295450734e-05
2477	3.3716997610503406e-06
2382	0.0
837	3.0678096989617135e-06
889	0.0006400616393602221
4929	0.0009703329051445139
101	0.006875864939091028
460	0.0007922567867210989
2585	0.0
3635	7.918007509481003e-05
2064	0.0
4930	0.0018720656538801787
4588	2.6814695119453627e-05
4418	4.1807384258216956e-05
3647	4.108515770669681e-05
4157	2.403443982902252e-05
2182	4.1807384258216956e-05
3046	3.449984366514946e-05
4041	3.917658504192577e-06
3922	3.449290516850671e-05
3468	5.008672792497803e-05
184	5.008672792497803e-05
4235	3.408600781761869e-05
3090	3.449290516850671e-05
2455	4.249678513258667e-05
4200	0.0001005157986588153
3626	3.841093383291791e-05
4640	0.0005521729913924567
663	0.0002203249139984402
4931	0.0005618922161484327
4932	0.0009580834095407228
4615	8.295307665937056e-05
4616	1.4356250021218118e-05
555	1.8965875334561774e-05
3026	1.1535564298593737e-06
4461	2.0851371020028726e-06
3798	6.738814028845917e-05
678	0.00029735105230965336
4933	0.0
368	0.0005345016937290526
4934	0.0029173344219951512
1146	0.0
79	0.000474723351791585
1139	0.0012652850901004715
1481	9.515983928212051e-06
716	0.0007997884572143182
1708	0.00010361507017821391
1973	1.827229707860723e-06
708	0.0014234993693359836
4638	0.0
350	0.00018411174574750578
386	0.0011530038581401018
601	0.0001720295709810952
282	0.0012829171412174548
3084	0.0010092150433979046
2	0.00094935623128268
391	0.000335105515883526
4392	0.00032722375082951376
791	8.196785777189209e-05
4149	7.139903127827448e-05
2628	0.0
3790	0.0005034466129908782
737	0.00015358438965796595
3579	0.0005717359961959321
16	0.0002314651968392809
566	0.0007665278823606375
4935	0.003366309302078351
3709	1.418227485940677e-06
954	0.0
157	0.0027774723273984512
3756	1.418227485940677e-06
4566	1.418227485940677e-06
11	0.00014160202361365398
3708	0.0
3448	1.418227485940677e-06
1509	1.418227485940677e-06
1371	0.00026407574723331993
4677	1.418227485940677e-06
2401	1.418227485940677e-06
4367	1.418227485940677e-06
1242	1.418227485940677e-06
4936	0.00012182317599017429
4937	0.0003178822002632645
592	0.002585256948377443
536	0.000262347467632308
2729	5.702176515639518e-06
4938	0.0012156187726600008
588	0.0001226205078961605
687	0.0001864241527300822
2076	1.6528994058178537e-05
471	2.5363162035117123e-05
4939	0.0011265065076304912
822	0.007701127943015205
23	0.00034844725584752626
869	8.68629217615736e-05
446	0.00012069538043028756
327	0.00018291113627185733
33	0.00039644974580156476
384	0.001620309017359244
648	0.00020565850133310204
1698	0.00010082861117387361
717	4.5607818931792705e-05
1684	0.00010917498685076579
629	0.0003063346163241472
494	8.731294273658211e-05
232	0.00039020528701281463
4329	0.002149117913850252
4940	0.0008849715592815004
2721	1.966856987580859e-05
4800	3.175830795669049e-05
1386	0.00017842313642849332
322	0.0035442978795618123
4941	0.0005289662440533534
3341	0.00013853172584383537
4039	0.00013208933763543348
4061	2.5997597289591082e-06
876	0.0008106536218202031
577	2.830645692070599e-06
4942	0.0036783354631461426
4943	0.0025880522332141003
4843	3.7900151005435604e-06
134	0.0015693683645635092
1424	2.0288010725251887e-05
905	4.708528929733157e-05
519	0.00048666273433507876
4625	2.9968249693407835e-06
1	0.0005002541685279782
1189	1.6720077481510448e-05
2607	0.0
520	2.8515524962623858e-05
755	0.0
1105	0.00012649377944576646
1383	5.496168182731128e-05
113	0.0009373599201792747
3842	3.625194947224751e-05
2920	0.0
2657	6.30852907778277e-06
3974	0.0004519692682967362
4008	1.7971615527422158e-05
1461	1.5436279231145276e-06
569	0.0010650552503102663
1586	0.0006847516028199123
2921	0.0
3820	0.0
4944	0.00035038377318589444
3881	0.0
3473	0.0
25	0.0012158335145507875
138	0.0009748012953625502
3222	0.0
3472	9.396341488504335e-06
4650	0.0
4945	0.0006206001640143507
4388	2.1049272591417406e-05
1350	1.3373652788164671e-05
4419	4.784330314965785e-05
468	0.00020050600222294232
3533	1.5071712306358747e-05
266	0.0
4946	0.0013020123631384925
4577	0.0
1902	3.595006528737563e-06
957	1.5179949719055208e-06
4947	0.0028274998181315398
3542	1.2822520815102075e-07
98	0.0005478704599072094
3445	2.1832280830388458e-05
1918	0.0
3486	1.9197832627524125e-06
2303	0.000667515011415417
1377	2.4555703605131387e-05
3973	1.2822520815102075e-07
401	4.564010617073461e-05
691	0.00019352653376642978
1207	0.00016935908203411038
3152	0.0
4948	0.0012618444109093263
4949	0.00370480330290808
746	3.231808275422603e-05
562	0.00021305578941729285
1941	0.00011624604376184338
4656	0.0
3290	0.0001257816713952579
1491	6.475433326582907e-05
3777	9.781985046103273e-05
1475	1.9376914143105382e-05
3117	4.069692842269378e-05
2935	0.00030152670076188134
2927	0.0002601824770539119
1978	4.072741847108644e-05
1625	0.0002580903901198932
4045	0.00016734944698690394
1029	0.0
4026	0.00011272606827721521
2949	0.0
1003	0.00014123694967361428
2191	2.5986994756366995e-05
1821	3.825508346775656e-05
93	4.8943092191227324e-05
2962	0.00027927957743355226
3748	0.0
3781	2.8544459053719994e-05
2225	3.365343254979066e-05
3546	0.00020925203450451925
1309	0.0
3102	0.0
2522	8.385592635332667e-06
2203	8.385592635332667e-06
2570	0.00011405985075989923
4359	2.1797332785952663e-05
3749	0.0
4950	0.0014869264844448004
4951	0.0026101727577822827
4298	2.63304626480197e-07
1006	0.00029993715035905345
2981	9.544864656860104e-07
450	4.3739523263286314e-05
206	1.1214921442152216e-06
2806	2.63304626480197e-07
3753	1.7660104821139782e-05
1662	9.544864656860104e-07
2089	1.0737880898554273e-06
2917	9.544864656860104e-07
4409	6.469582020392135e-05
3968	9.544864656860104e-07
724	6.46673851103085e-05
4297	0.0
4290	1.303227741986994e-05
406	0.0004239940214666269
3822	0.0
191	0.004165674331306103
4952	0.0011104713447853218
1148	0.0004926238713638361
1811	5.494017497512464e-06
3633	0.0004536312439506558
3260	0.0
1734	0.0002422047456667864
818	0.00011606217391108582
3065	2.330397439052721e-05
3041	3.86809852676468e-06
955	0.0001384956768329572
4953	0.008700772309208352
3759	8.535928086458324e-07
229	8.54053374096132e-05
1114	2.586873087318195e-06
4317	8.236571429330339e-06
3914	8.643950188861578e-06
1017	2.7136953663452513e-06
3532	0.00010243338702958118
1447	0.002116051516185445
4321	6.452467440357244e-06
4667	0.0
111	6.728270393098879e-05
3444	1.5362727365902904e-05
3869	1.2682227902705537e-07
43	0.0004128057736000761
4849	0.0
911	0.0
45	0.00012175541720754087
4134	1.2682227902705537e-07
4059	2.307576556819131e-05
690	0.00014217266086784814
3960	0.0
658	1.9068780924363503e-05
4221	0.00014217623269646788
3870	0.0
1113	1.4645355369063525e-05
559	0.0001310804875588988
3766	4.234070355854885e-07
2161	9.2996796988489e-06
4954	0.001039101919438712
1153	0.0009558685691836979
444	0.0005832004059059665
2113	0.0
1343	0.00018744762979102647
88	0.006086130205363375
774	4.8884695097717965e-05
3868	3.3805975938222386e-05
4955	0.0025436300341831583
2908	0.0003389150639814604
1485	0.00010447408838280385
158	0.0
4255	0.0
2349	1.6386642731999254e-05
2019	1.9204571349126933e-05
4142	8.078272338180458e-07
4956	0.001242690947542777
1541	4.449484231574442e-06
4047	5.644985109483836e-05
159	0.00017278635916218217
3747	3.187574986462265e-05
1744	0.0001336622172929743
2320	4.05783570334251e-05
4957	0.0036894454915626838
2984	6.317149026122492e-05
3066	1.512855071852353e-06
4821	0.0
426	0.0005505516508259926
2029	1.8323178370260937e-06
1577	4.389722046247404e-06
886	0.00027401337165261014
128	0.0003585983091156789
3054	0.0003793293334844036
2059	1.0106032237473424e-05
3741	0.0012565584547447445
1889	9.833028294329201e-05
1129	2.3171749812562506e-05
4374	2.888565868953313e-05
4958	0.000860128448800334
314	0.0001944342160474922
3276	0.0013325637983174566
4473	0.0
3672	9.022773131392298e-07
4959	0.005315209285826619
3100	3.810743836357526e-05
4333	8.145702082037384e-05
4603	0.0
2544	8.833184760279269e-06
47	0.0
1564	0.00022604899991652882
2187	7.470709883327342e-05
4414	0.0
2295	1.1771739662663453e-05
2490	1.2260952594561017e-05
3993	6.054024348182717e-05
4203	0.000175808754735683
442	3.945001161570661e-05
3314	7.470480879346639e-05
3161	0.00016141441030617282
192	5.630338910973365e-05
4727	2.143184049714865e-05
1985	2.143184049714865e-05
3402	0.00018349931020436466
208	0.0
1042	2.738514448206684e-05
3305	0.00015824382282055938
581	0.0
908	0.0002220994563108292
1742	0.0
32	0.000516036963982031
4575	0.0
4472	0.0
4960	0.005030182271907341
3251	3.1796454600360535e-05
4733	2.221280774127948e-06
103	5.0220559518036426e-06
362	1.6394450614227944e-05
623	0.0
3539	0.0
294	8.074375557165247e-05
434	0.00047942648540229965
185	6.373893584424814e-06
395	0.0
2388	6.53684547917402e-06
20	0.0006319111012905748
466	3.63293186026237e-05
723	2.0688681546842857e-05
2425	2.3563422810342616e-05
4444	0.0
330	5.8960342858685275e-05
109	0.0005532029346393569
4961	0.0011380592858989862
4108	0.00029736264430113476
1660	1.5976424760553032e-05
2971	0.0
1445	0.00026095221442680455
4457	1.0406119513310172e-06
236	8.891176885138596e-06
4962	0.0019792096064655176
1529	0.00033649112657816165
811	5.688908152140706e-05
4698	3.878095204161589e-05
689	6.426291528424552e-05
4963	0.005861936456387011
952	9.618336731352022e-06
904	0.00033360651990542385
4295	8.575764432459125e-05
2101	1.7501274268666563e-06
3086	0.0003075468632075341
1325	1.1618429317242809e-05
81	1.1459082638649006e-05
180	1.1757912198662363e-05
67	0.0002612906080384828
2865	5.508688705970131e-07
1524	1.63901773560335e-05
502	3.3025672554979546e-05
4030	4.734534698019108e-06
3166	0.0
4133	0.0
4964	0.002500465277541534
4819	0.0
328	1.314965053560675e-06
2624	0.0
4208	2.7910337649060687e-06
3221	0.000700388266530764
3897	2.29678340109638e-06
1957	1.8122296438158814e-05
4965	0.0018242160429806796
2092	2.2741702205439257e-05
895	2.1692056742645208e-05
732	1.4752066505138028e-06
2206	0.0
1031	6.235869015235691e-05
1399	0.00012277763059196191
4966	0.002200254658582231
1084	1.0188105078025208e-05
3307	1.4694712683621824e-06
133	4.818802329291913e-06
696	4.170690376762557e-05
4336	4.7922576612515845e-05
8	5.230579954245824e-06
443	0.00013303409409920122
1359	0.0004750064722219334
57	7.762813699810078e-05
2380	1.5699562708638274e-05
4655	2.275089830505968e-05
902	2.0871560985292986e-05
126	0.0011586504468005456
4141	4.474600113497769e-05
4967	0.0017433496256389254
55	0.0007428745961350634
4467	0.0003168371581902728
4735	4.1022507381779e-05
3538	0.0004138775598181226
1235	5.2256746389004085e-05
541	0.00023962277745427497
85	4.681061473721278e-05
1680	0.0001614481967936153
1367	4.967011715807488e-06
3845	0.000141162039886704
4694	9.508641386553022e-05
4968	0.0014299199239664255
1433	3.904760590890209e-05
431	1.1236971693707077e-06
3491	0.0
2793	0.0
4173	6.784497426041282e-06
4969	0.0010895559844685439
4970	0.005517726243612649
2912	8.815375073098548e-05
3334	2.505937292546045e-07
2192	2.060397963322147e-05
161	5.3073001161296955e-05
1550	1.2574323552479678e-05
4153	3.967045144780809e-05
565	5.415724360476921e-05
3807	5.5897712281509216e-05
405	1.3533321339239052e-05
1809	4.665215760751409e-06
4335	0.00022909578395459142
4526	0.00017016291802795865
379	3.7136979027520394e-06
2660	4.569526890119837e-06
1060	1.8715779538825783e-05
4378	0.0
968	0.00011456614168504667
2667	2.5234004786844925e-06
1324	5.815076240391583e-06
793	9.971814816745775e-05
404	7.698312168778984e-05
950	0.00029612669015849423
1204	8.826688216732512e-05
4345	1.7333402552911036e-06
4971	0.0009873647383865651
4972	9.46015398031079e-05
3169	0.0
4973	0.001954918697865241
4974	0.00029827285083947275
3174	1.328126214216191e-06
150	1.4953049916163263e-05
2008	0.0
3205	6.08784264292905e-07
2535	1.141144929635557e-05
179	0.0014803165068112746
3125	2.8929510832497766e-05
739	6.507841650986129e-06
2601	0.0
4975	0.0012386648774387703
3188	0.0
1551	3.612736895822838e-07
155	1.6485915717651928e-06
594	0.0
4976	0.0004854212647463942
4614	5.099801583010086e-06
4207	0.00013497875351268856
3135	0.001312359068916102
498	1.331948100650927e-06
4977	0.002381662230305269
3412	0.001655877463931341
2156	0.00024656153368175814
145	6.493917067456599e-07
2403	3.772024226007436e-06
657	0.001855935640297611
4251	1.7150147389185577e-05
4654	6.563206264962433e-07
2625	2.7583726363569405e-06
1312	3.487087241571034e-05
4978	0.0024313822816270933
4979	0.0010776956700976022
1540	0.0
1522	0.0009072696709942535
4600	0.0
2773	1.0309025848401621e-05
4980	0.0013875754859582886
2356	5.327529659806404e-05
3885	0.00038834877042737435
514	4.643341322681529e-07
4981	0.0006155377477350153
1279	0.0
3021	0.00038718080716837873
4982	0.0021196208521010442
680	2.7579665642641777e-06
2423	3.2952017683955304e-06
3434	0.0
165	0.0
3757	0.0
2943	6.962640726969697e-06
4099	0.0
269	0.0009779959525621576
4983	0.0015159519929478298
3417	0.0
1280	3.092732292327521e-05
1878	5.622586535806612e-05
3602	0.0
435	0.00024900817827928283
2158	0.0
4984	0.0012872356395192063
265	4.072505237313654e-06
383	0.0006566833430139595
4985	0.0
4986	0.0014404203040771597
4987	0.0010135044563203536
973	0.0
4481	6.304207353719189e-07
3295	5.4318782067740665e-06
1790	6.1052099018206765e-06
1732	2.316958401625475e-05
1237	0.0004937860858255337
13	0.0
2500	0.0
3413	5.148259608134327e-05
4988	0.0017795453893636056
3340	0.00011772618984881552
1157	5.5010845189339365e-06
1054	1.3099832721211014e-05
3029	3.208280081176469e-06
2298	2.7234315538432575e-05
4491	1.1698667937132694e-05
888	0.0
1128	0.00022005780973164186
4118	1.541678858837706e-05
4989	0.0008939544303754119
4110	0.0
2037	0.0
295	0.00020293628006258954
676	0.00014401699041917865
1506	5.144296113569475e-06
508	0.0014439966572401004
4109	2.8141335101870406e-06
121	0.00023464201999156414
4990	0.002428257151735678
641	2.4189513507756077e-06
713	0.00035618062121331613
1270	0.0005526803339101034
3209	3.3662383676316808e-06
4991	0.005334965361699489
4992	0.005026489904096181
862	0.001218671073817667
125	3.0295320235811038e-06
477	0.00014111006645488343
2514	0.00030127261632615753
2518	3.496064790145673e-05
2700	0.0
3064	0.0
3525	3.1995149565918117e-05
4712	0.0003123521074330652
2629	0.0
644	0.00021996052602996321
4848	1.5138127647570116e-05
4617	0.0
971	3.5508289803093835e-05
2845	3.5155199606291465e-06
195	0.0
976	0.001390718750117425
2964	0.00018746345610426944
4993	0.0031232849612368692
50	0.0
2963	1.5088502052520185e-05
3159	2.390299643716466e-05
4146	0.0
3892	6.521695767016689e-05
1246	7.52516640904001e-05
2978	0.00020903511859415925
1584	3.106542186494405e-05
3744	0.0005338772432281107
2606	0.0
758	0.00012460910312690464
1510	1.929375851978328e-05
2000	3.227209314176372e-05
4994	8.816375215532278e-06
4995	0.0009777079506418534
4996	0.0004744166677821826
4779	0.0
1045	0.0016741157303863602
1286	0.0002622928141443858
4997	0.0005230613245649725
4998	0.0002018998483814354
936	3.0926061128090706e-06
4999	0.00025875825147833565
879	0.00023313529630506475
1023	0.0026259539810800313
485	0.0002686728098821933
5000	0.0026570597459818685
4180	8.041456455609316e-06
3552	7.310267506384078e-05
3385	3.254952595427457e-05
4121	0.0003009029766903383
3685	0.00012557623654453439
5001	0.0020338606178398858
3762	0.0
3951	2.765344339454069e-06
389	7.889049496767172e-06
1415	8.283726957018335e-05
4692	6.814841392509224e-06
4751	1.5184686825701368e-05
2016	5.058053766385588e-06
1200	0.0003211183199855751
3691	2.5344969544570473e-06
4343	1.2613247415138024e-05
2180	0.0014699284651899774
275	0.00010243938304188968
3871	0.00018094897718927186
1103	1.6849064921736123e-05
4607	6.581934479799529e-05
99	9.683125734983814e-05
3742	3.6094017530995984e-06
5002	0.0029807247657909833
2866	0.0
1791	4.44911074356692e-06
376	3.315416230959942e-05
3218	0.0
3910	0.0
5003	0.0017774524414077685
3529	6.348492306018367e-05
495	6.617603793577822e-06
4734	5.242488634067735e-05
571	7.986546293866361e-05
1327	0.00029283938962484517
552	5.997639191856606e-05
4676	0.00013924194625665416
4611	1.4636539710535278e-05
2216	0.0
2183	8.465389061227077e-06
4568	5.1428068742433095e-05
5004	0.0005076556063661175
1089	5.962811186821817e-07
5005	0.00104435206167325
5006	0.0004894791616692232
3374	0.0002166220646990305
4511	0.0
2164	5.204055065925198e-06
2716	4.536709696293991e-06
425	0.00016090992672091476
2379	0.0
5007	0.00510572821362694
2453	1.1266126869295126e-05
833	1.3946823854078799e-05
2111	0.00013243845336901198
1119	1.1565800249954856e-05
2386	4.1155879457736794e-05
59	3.3751711321127835e-06
1581	2.8989199426964746e-05
1766	2.1168231147428486e-05
4707	0.0
1783	0.0004482664582938495
5008	0.0051527131408714
5009	0.0030490940159228317
4635	5.837402834198112e-07
2503	0.0
3594	0.0
4790	3.146520841961758e-05
4130	1.8941868123644694e-05
3249	5.0172766314401786e-05
3876	0.00015262227354239104
1380	2.1016727805779927e-05
4037	0.0001843566937234182
1972	0.0004359928723847194
1400	2.829393688513758e-05
2031	7.662901951033207e-05
2987	0.0
966	0.0
1568	0.0
1010	0.00010768196205562596
820	0.0005325912425837652
4681	3.288094381664387e-05
550	0.0
1621	3.2119176669576745e-06
3085	3.1896014622662396e-05
3452	0.00015912958695281427
1098	3.97703842178137e-05
1341	3.97703842178137e-05
3396	0.0
5010	0.00029077510286865365
5011	0.006408897421508663
3255	1.912631625340205e-05
4746	6.414866918545438e-06
4342	6.414866918545438e-06
4054	1.929595315763373e-05
3302	3.1537329384917595e-05
1431	2.4482291370675404e-05
4018	0.00048657515653411314
2095	4.271459184846073e-05
1967	0.0
1115	0.0006517236005033792
3074	1.487810180672526e-05
4090	0.00035754133761913904
297	0.00010647710983847025
4183	0.000272924589413191
535	1.2948619943603779e-05
4320	5.04560009385361e-06
3502	6.330684688054745e-05
3335	0.0003562077272704077
5012	0.00036201089009705635
699	9.688609768676845e-07
5013	0.005055101828069493
5014	0.0019943829533677114
759	0.0002506704065386223
3931	0.00016122866386106326
1056	1.6748445965410902e-06
255	0.00021087695035627613
881	1.0555608552391385e-06
2361	1.9269906664486383e-05
767	1.781614488231375e-06
4445	0.0
4718	1.8243965173801485e-05
1186	0.0
3257	4.290786132213509e-06
637	2.923146510138405e-05
792	0.0007214225121662187
806	4.64282152988529e-06
3392	9.59989714677061e-05
5015	1.4671489416672593e-07
5016	0.0009618162783097293
764	0.0002769925326401723
53	0.00046720952789916243
1840	0.0007611610211523036
845	0.0001053631005040132
3889	2.3861299165950294e-05
1405	1.649413861505626e-05
3924	0.0
188	8.438675346373692e-05
5017	0.000522452404311622
4809	6.842776444984307e-06
3433	4.2812347974336794e-05
1626	3.94285007981829e-07
65	3.94285007981829e-07
2131	2.634071638516225e-05
5018	0.0
5019	0.002425289628664622
3851	4.0415691242692555e-06
2728	7.334436711481053e-06
1549	9.92161448425353e-05
2616	1.7217315184112471e-06
4612	0.0
4316	0.0
5020	0.0016957020988669776
5021	0.004646997743000352
582	0.00015245246436621356
137	0.00012812061760322392
4465	4.094556664660588e-06
3128	0.00010824585903259827
4346	1.5416465000681582e-05
2980	0.0
3323	0.00012040147088528712
1236	9.387667082292497e-05
254	0.000157637938010581
4028	7.778781080134413e-05
1820	8.501803287063019e-05
2502	0.0
1080	0.00013565193113189642
436	0.00014034124244620145
3570	2.8005147313184587e-05
1867	6.404422504675507e-06
4340	1.0270290824762745e-05
4256	9.735516248149643e-06
4858	1.5105273992939985e-05
3711	0.0
3474	0.0
5022	0.0021222648858101184
5023	0.00036258776112572515
2488	7.261404605072243e-05
4292	8.39493185066625e-06
3559	0.0
4833	0.0
5024	0.0029390698380216095
3581	0.0
2072	7.991900726864445e-06
2583	0.0
283	7.906334309434093e-05
108	5.7570271663466136e-05
1015	0.00010835215947156221
3596	8.478468805659585e-05
538	0.0003013179119163432
5025	0.0003349972519559362
2374	0.00011646657386642514
1829	0.0
5026	0.0014620522155412625
3096	0.0
1571	0.0
5027	0.0013986533644712443
2115	4.308159748541651e-05
4021	0.0
1108	7.983184470510215e-06
4381	2.0792656227281797e-05
1055	7.505374151364549e-05
3199	2.6639674716359833e-05
3585	3.289397001102905e-05
4805	1.0076582541778028e-05
3980	0.00012800476588317465
4020	1.1586363461714356e-05
5028	0.0017215808747365505
2462	0.0
1738	4.807078238941117e-06
1879	0.0
775	0.0001236509886413871
5029	0.0007378251395533526
1955	1.8301496164365995e-05
1654	0.0
2581	0.0
5030	0.0034899277568647765
1124	0.00014972745694293328
348	0.0
347	9.235112412207576e-06
3357	7.494917255416081e-05
3460	0.0
4250	4.5644940210918444e-05
3390	1.645587369150197e-05
2369	1.7853799043716677e-06
1159	7.39717441390075e-05
3052	0.0
3857	0.0
1773	9.375570964178009e-06
305	3.5912944531060676e-05
5031	2.4318928285162717e-05
5032	0.0011829990977369471
5033	0.001604514054495458
2465	1.5089869602936012e-05
4645	1.914666783384627e-05
320	0.0
3523	5.453400104874145e-06
2327	1.0911437388734746e-06
4341	0.0002219443569195039
1339	2.540547285137256e-05
5034	0.0011104160066214195
1474	0.00011618616592062547
341	2.0257890199181635e-05
1566	0.0
5035	0.0007081491014706244
224	6.134948512047192e-05
922	0.0
659	2.0367161188649245e-06
3543	4.85152997174912e-06
447	0.0001295295911428346
640	3.802206518886178e-05
5036	0.0009110129364087284
1892	1.0531324520227335e-05
5037	0.0025247805714490555
5038	0.0023604214048481716
707	0.0
4874	1.4711699964232319e-06
487	5.325951628373728e-05
3058	0.0
4510	4.746660881454373e-05
900	4.461181121752716e-05
462	1.863710316578003e-05
1961	0.0
765	3.021924434323779e-06
3935	2.3764113368454145e-05
4772	3.021924434323779e-06
3835	0.0
5039	0.004530912497506252
3843	3.442683704313503e-05
3731	0.0
416	0.00029695790512628846
3056	0.0
4899	0.0
3965	6.029337336904918e-06
1188	6.3181217493824275e-06
1043	0.0008527422950838953
1048	0.00015224914946679433
371	0.0007595119087807779
288	0.0
5040	0.0004569145174636596
115	1.8022137793813887e-05
4405	1.9702239624911416e-06
1825	2.4881866561678356e-05
4376	6.657722563956114e-05
5041	0.0009277958448819817
1293	3.1333565726991016e-05
2994	0.0
4798	2.0906561004661528e-05
1923	3.1826481774467884e-05
5042	0.0001376169296935101
5043	0.0009928371028682225
1887	4.711796692598799e-06
664	0.0
1545	0.00020327203896612642
5044	0.0007647934824484512
983	5.5081801453339905e-06
3754	0.0
1347	6.533225315464451e-05
4886	8.698375189541852e-05
413	2.9776128910046984e-06
3447	0.0
28	0.00035521759204384164
4389	1.7706453056804684e-05
5045	0.0020931305326381583
4175	0.00017163906722817346
760	0.0
3557	1.137477690125192e-06
1724	3.686300534261713e-05
2198	0.0
4394	1.2546853229560039e-06
5046	0.0005540012772157969
3040	1.4903565346727001e-05
5047	0.0005433958048700751
2087	1.6619663992246353e-05
5048	0.00398707513131577
2376	3.7134453782725785e-05
1062	5.807159012177367e-05
4387	0.0002042097659444213
1368	4.930034596077245e-05
2715	3.6512531363748353e-06
4875	1.5321637194895185e-06
5049	0.0017769331061160908
1333	0.003130322148960499
2451	0.0
3618	5.679268587428495e-06
5050	0.0007821827849323328
5051	0.0020505053279833677
4499	0.0
3190	0.0
4223	0.0
2718	1.2198082167964014e-05
2118	0.00015507436011526988
2950	0.0
5052	0.0006880380584860198
568	1.0287400747094078e-06
925	0.00018220911426799355
2574	7.462303328135538e-05
5053	0.000873387139244032
2590	4.223094448860558e-06
3284	0.00017085181838311013
1719	0.0001397539739163586
5054	0.002060678230643191
1624	0.0
1932	0.0
4413	2.4811862622879747e-06
475	2.910688158353027e-06
1931	0.0
5055	0.0010943297181670497
5056	0.005562068796609484
3545	5.597677522283597e-06
3500	0.0
2602	9.361120949548976e-05
2695	1.3491911514453516e-05
3686	1.2734364675022135e-06
5057	0.0018394071227340904
2296	1.6437678901288443e-06
4906	0.0
1201	5.58772113962329e-05
4046	0.0
1607	0.0
1593	3.7595291549949054e-05
5058	0.004011183780649623
3821	2.52299380794077e-05
868	1.684553662549116e-05
1345	2.5207125521962364e-06
4111	0.00014107374743267735
127	7.778079643210449e-05
490	0.0004084474752120615
1701	0.0
645	7.66327835779319e-06
3136	0.0
4634	0.00010517640213223449
1299	0.0
4672	3.525962331269714e-06
1567	0.00033597162414547577
4689	0.0
3002	3.2230961985669027e-06
5059	0.0007969863371637444
237	0.00011416226567620609
2167	5.114576569300222e-06
4369	1.537970725208488e-07
1700	3.3172573537352e-05
1553	2.5439551587088394e-06
5060	0.0024882330254878226
5061	0.0024882882929436875
3408	1.7328075371307385e-05
1802	5.9223090612555875e-05
4679	0.0
4486	0.0
2419	2.440066183164177e-06
4864	5.474734390371642e-07
616	1.9141451672407112e-05
3836	4.0511905387047925e-05
772	0.0
3067	5.4414688010885606e-05
2493	7.377576985956271e-07
4795	1.7328075371307385e-05
3548	6.153858433442246e-05
2226	3.144128628381256e-07
5062	0.0010365903864250087
492	0.0
831	0.0004368360333540409
3258	0.0008245890447092838
3051	0.0001628251520145354
223	0.00023627431371604047
5063	0.0009405578688332308
5064	0.001942000263016305
2099	4.860944526756756e-06
4745	4.801375935598983e-06
3406	0.0
3677	0.00016141307301218447
407	2.334811925432758e-06
3233	1.887656334334401e-05
369	0.0
5065	0.0012485098249143637
5066	0.0023516609900856686
5067	0.002121814161970108
1580	1.0774843047013171e-05
4215	3.630373814633532e-05
3145	2.2679196093302817e-06
516	2.1329142578719676e-05
3699	0.00024048139683536892
2722	3.630373814633532e-05
4275	0.00043125719867394947
3106	2.5465431549937046e-05
2346	3.630373814633532e-05
3105	0.0001009585341227163
5068	0.0018864766675056378
2508	5.88619984225686e-06
3234	0.0
4632	0.0
1806	1.2233526708129586e-06
5069	0.012360432699379014
5070	0.004742007818648731
3171	0.000162015641025754
2128	8.679399758057382e-07
3792	9.787151842948012e-05
3554	3.4677926221751836e-05
412	6.467869109071564e-05
1907	0.0
2098	0.0
162	0.0
3455	0.00013771518984010114
3667	7.925389944372193e-05
2038	7.83128546482144e-06
1020	0.0
3764	0.0
3278	3.613349296329554e-05
3907	9.560368717270903e-06
2550	1.64084530188939e-05
2169	5.621186876853377e-05
4752	3.4098260515466944e-05
2989	8.376441202582734e-05
939	0.00016192387524277847
613	0.0006012184551942401
372	0.0
2914	1.4090477333601106e-05
3926	0.0
499	0.00042823241066216336
2039	5.675582921570878e-05
1357	0.0
1180	0.0
556	2.4536677323085514e-05
1335	4.519434744295533e-05
3454	4.7373252302225595e-05
1468	2.8810679851657254e-05
399	0.0
2284	2.1012364720572447e-05
503	0.0008964846391267297
373	5.399348505735218e-06
3068	3.97935280905517e-05
2768	0.0
2022	0.00011649445475873645
4785	2.0220573593933018e-05
4383	0.0
3555	0.0003786012510105879
2445	0.0
1149	4.102156077102562e-06
3937	9.233017523123929e-07
1498	2.192363391137616e-05
5071	0.012378774326354435
2057	1.6875284242404618e-06
3114	2.190510069480154e-05
4479	0.0
4236	1.7111875074269034e-05
1251	0.000160813229768886
4128	2.4406675622735465e-05
1778	0.0
2557	0.0
1470	8.399994287964256e-06
76	4.696471084732557e-06
1740	0.0001124481851567303
2202	3.0586726130838056e-06
298	9.215477854671267e-06
1723	2.773931339244617e-05
449	0.0
2969	3.29600075947638e-05
1075	0.0
1437	0.0
2604	0.0
226	2.773931339244617e-05
1160	7.741219234985224e-05
4437	3.29600075947638e-05
5072	0.0013881504958257237
1496	6.0648303298953055e-06
1050	1.6839246231386957e-05
1330	1.125019535098513e-05
3004	6.111063332231842e-05
5073	0.0009306616152825838
1507	0.00012134512723493363
4222	2.4109417701242963e-06
118	5.1129408822801516e-06
215	0.0004996731170997257
2562	1.161636588173257e-06
5074	0.0029201323694877115
3195	0.0
1755	4.910591722645286e-06
1408	0.0
1425	6.923230618745218e-06
4287	4.720419573729001e-06
4348	3.948034917887647e-06
3428	3.716564674443012e-05
1216	7.223299395740342e-06
3534	2.904241034389946e-05
5075	0.0018786384081563954
5076	0.001894331471433078
3328	0.0
4504	9.355767924027862e-05
3241	1.195634543378866e-05
4814	0.00012697541512899553
3308	0.0
6	0.0004040294408340687
4589	6.415819021236188e-06
1853	0.0
3360	0.0
887	7.061463902181907e-05
4631	1.1899985702267714e-06
4094	0.0
1175	0.0
5077	9.610587147245774e-05
1096	0.0004338927691182268
5078	0.016395107877019883
5079	0.0010566162837722045
4675	1.5544095953717237e-05
1910	0.00020652629859111313
3075	0.0
743	3.33012341774168e-05
1489	0.00013619547334085288
3336	0.0
1837	4.125775906431858e-05
312	1.0141709966495026e-05
2151	0.0
4811	8.153057733734471e-05
1901	6.6118616851561395e-06
3622	0.000335618446849598
3042	0.0002409000277347019
3743	1.7676181965556065e-05
4086	0.0
3886	0.00011165238808272695
628	0.0
3569	8.410259193548486e-05
3076	0.0
4338	0.00012398595480721434
2381	0.0
3587	6.328440293899545e-07
1886	0.0
5080	0.002228934404313128
4403	0.0
857	3.814489778840662e-05
3163	0.0
5081	0.0013426273284693098
3272	0.0
5082	0.001527123814745525
3153	0.00019398344533059386
3663	8.32107831895583e-06
5083	0.0006039031517940069
1444	3.753107108678531e-06
3352	8.375871114367926e-05
5084	0.0002488779163684319
7	7.884223454805729e-05
5085	0.0009589648103890657
5086	0.0014831781741110064
5087	0.0006426784695222113
4040	0.0
5088	0.00030833878102721937
1601	0.00047370620472813143
5089	0.0
5090	0.002691466717062926
3693	1.095438571482818e-05
5091	0.0002632255795982328
1692	5.367884378999297e-05
855	3.611149381117119e-05
721	4.221189757885816e-06
5092	0.0037422444876753463
2447	2.104237352977425e-05
948	2.800160650904531e-05
1118	6.471738108302281e-05
4344	2.2895573051536938e-05
1943	4.102343368137995e-05
3712	2.316100967629036e-06
1877	0.000469474700215788
4325	6.597022172157107e-05
4233	0.0
5093	0.0005852299991734531
5094	0.0008827028681144197
5095	0.00014020725933737216
1929	0.0
2656	1.8221941373430495e-06
1030	0.0001596924172061389
89	3.3762418516289685e-05
2456	4.160443696855409e-05
4074	0.00013955944826310723
5096	0.003800018593050532
1298	5.905279097040631e-06
186	4.410876384100788e-05
1613	4.883637883443049e-05
621	0.0
2420	6.558262199410298e-06
4738	0.0
3388	0.0003109299008639368
4373	6.503371184063177e-05
1532	7.738778485363468e-06
2696	6.530889310141117e-06
5097	0.0008600619132474255
979	9.060398312241162e-06
1183	1.0911314876809347e-06
5098	0.0011147058410235387
4311	1.6088095805935866e-05
3809	1.1917215492562633e-06
5099	0.006662987906389886
4002	2.195492034605846e-05
4005	0.0
1834	2.2050693674889838e-05
650	1.2197669335543884e-05
651	5.8034664247135066e-05
4023	5.736247744279753e-05
5100	0.0011962415152164103
70	0.00030911742335255286
4106	2.282221032079621e-05
2541	7.935410961916381e-07
249	1.951068679410626e-05
1053	9.466065847507943e-05
5101	0.0014879722132659133
3769	0.0
4576	0.000259462743318376
4199	0.0
804	0.0
2168	0.00032561885564934246
5102	0.0005504342495254594
3006	2.170292338780787e-05
3403	0.0
321	1.506400361819539e-06
5103	0.00016204182218234312
5104	0.001778328374179898
2443	0.0
256	5.9938772630467e-06
3899	0.0
4154	0.00037631630126608507
595	9.45451269423674e-05
5105	0.0035686901291422813
2547	0.0
4242	0.0
3103	0.0
4423	1.7359994392350252e-05
4145	0.0
2097	0.0
1005	0.0
3091	0.0
4509	0.0
5106	0.0014664321644295062
609	3.6579491839979914e-05
2239	0.0
2413	0.0
5107	0.0024744191706802246
5108	0.002583200042869504
3342	0.0
2137	0.00014914723459032403
1574	0.00013881660334868633
4239	9.779980082267044e-05
3972	2.4368413855889257e-05
1336	5.493088246715522e-06
3483	0.0
2669	0.0
1125	0.0
2276	5.733330416845165e-05
3273	0.0
703	3.5862335925665434e-05
4160	0.00010231483053376914
5109	0.001501570337231807
1812	7.369026449670551e-07
3903	0.0
289	0.00016175358558761743
3304	1.3673266311516587e-05
5110	0.0006700820334311733
1731	0.0
5111	0.0009588768298180303
452	3.140382806445876e-05
2302	0.0
5112	0.002026654523358101
1074	1.1084154840835604e-05
3044	1.0222938846892838e-06
1631	8.646149006949067e-05
5113	0.0004944566928604271
221	6.600934943840613e-05
4048	8.035090505356066e-05
5114	0.00013423650793700057
5115	0.002373126764118078
2207	6.605407453982151e-06
1875	0.0
1703	0.0
2483	3.650458941262557e-05
1836	0.0
5116	0.002409901539170604
291	8.31826767700857e-05
1208	0.0
3902	0.00011988450518176767
633	4.352115468732061e-06
3243	7.663227964737936e-05
1674	4.352115468732061e-06
1322	1.9619984018665514e-05
4855	7.422969912844864e-05
3982	5.385596174685017e-05
1363	3.928242276585914e-05
4593	0.0
1629	0.0
1715	1.805770924405374e-05
5117	4.6662779197548086e-05
5118	0.0006736870195385442
4636	0.0
5119	0.0051090616608061344
1686	0.00013800090727768995
2006	0.0
4641	1.2967662100072553e-06
3928	0.00011175386635645046
4196	1.4937957523071884e-06
3285	0.0
1169	6.810651256177383e-05
728	1.5712918550603392e-05
3279	7.756957914014222e-07
279	6.258725558830648e-05
3927	1.4685505503483108e-05
1231	4.072957645289477e-05
705	9.15467364953219e-06
3650	6.079374957377553e-07
3571	0.0
751	6.888287142695004e-07
277	2.9187973430560186e-06
96	0.0
5120	0.0001073376444865949
2395	2.302024272429589e-05
2840	2.302024272429589e-05
2761	2.302024272429589e-05
4288	3.9115306285979963e-07
5121	0.0012617037785065323
427	5.491190288163719e-07
4068	8.265663343010512e-05
5122	0.0007420495676271283
2635	4.83120857192697e-07
19	0.0006192414931040238
805	2.9920834430659268e-05
3415	3.7540522954694088e-06
1599	1.865389597961062e-05
5123	0.00023787024835402975
5124	0.001748695241300066
5125	0.000700139988707386
1012	0.0
3179	0.0
2220	1.97778605117338e-05
1093	1.3611761332852251e-05
3480	2.6235057357380843e-06
3118	5.409780539931958e-06
3134	8.065127890322499e-05
5126	0.0026977903632095057
5127	0.0011245908599788695
907	1.7692369191969042e-06
671	2.101150430059609e-05
4265	5.210593805893915e-05
2762	2.011036829327568e-06
1440	0.0
672	6.711436098598287e-06
2185	0.0
1230	0.0
5128	0.00018472988203796416
5129	0.000816394613429284
5130	0.0014135701625765643
3032	0.0
4643	0.0
3526	0.0
3527	0.0
3031	1.0746061989602665e-06
3437	0.0
3706	4.5160987122390355e-06
4836	0.0
2378	5.369092264434196e-06
3424	7.031615438071315e-05
2412	0.0
2292	0.0006209374271632823
3751	1.0580075580229643e-05
3705	0.0
4382	0.00023207932848735662
654	3.810627612371734e-05
5131	0.0015932447476407273
738	4.8354288486304234e-05
3296	0.00012997730899216584
343	1.9019193955897e-05
3126	7.523570047407646e-06
1974	0.0
3147	0.0
4031	3.064141037023353e-05
4778	3.6181678019164023e-06
5132	0.008762589216655226
2162	2.578554237301196e-05
1004	4.248001970765075e-05
4749	0.00011705281956430809
3368	1.5755544801547202e-05
4585	1.0476871615321972e-05
4426	9.81533541527589e-06
1423	0.00012459400210637053
4000	0.0
2384	0.0
2439	9.85852203175158e-06
1123	0.00013112314857719755
1544	0.00012778382953159513
464	0.0
4182	2.513101984528967e-05
5133	0.004896326291346114
836	0.0
2735	1.3632937581765155e-05
461	4.77160262878188e-06
1141	0.00033735525134826497
1575	0.0
3891	1.3101065400790029e-05
5134	0.0004896635993890046
5135	0.0011833316861584759
3987	0.0
2830	0.0
1413	6.784530670308379e-05
5136	0.0008839520317804549
610	0.0007380536467472121
1535	0.00010827088243612677
1659	0.0
5137	0.00042436980578021584
3012	5.783723576053515e-06
233	1.7323141792625586e-06
3780	2.046051165008694e-05
5138	9.188832502989356e-05
5139	0.002613135968267262
4876	0.0001130528354105444
1525	2.4120647140351314e-06
1315	0.0
4406	0.0
4272	3.468254837205603e-05
5140	0.003917246946253531
5141	0.00047370620472813143
4709	0.0
4016	0.0
2566	2.8418756777453615e-06
3271	0.00023410480297925487
3680	6.845156880331989e-06
5142	2.8031261054112002e-05
5143	0.0006730754308679577
2725	0.0
4462	0.0
5144	0.0025283568720824807
3294	0.0
2792	8.145777720616603e-06
4604	0.0
2965	0.0
5145	0.0008566625185023433
4662	1.4553593270459012e-06
5146	0.00025224914023835626
5147	0.001991937535033849
5148	0.0019818913355832014
1803	7.750856249402394e-06
838	0.00014743948366705963
4648	2.458893491798031e-05
4565	0.00023379376445427713
4856	0.0
2396	3.7113648431355077e-06
1019	4.3691449044042285e-05
5149	0.0015836048159935832
1661	3.773012444348487e-05
1991	4.898941272246451e-05
4747	0.0
1018	5.9322561242507485e-05
4113	4.5642525252419115e-05
2430	5.9255830860618676e-05
4076	4.482086191708442e-05
3735	0.0
4314	0.00012160634852812546
817	1.633803772696889e-05
4143	0.0
5150	0.0022118716914694566
1221	0.0
1848	0.0
4463	0.0
1439	0.0001792766101430669
5151	0.0013192188389966834
1203	0.00017733317210360267
78	2.4338089671234623e-05
1960	0.0
4714	3.644171638426236e-05
1213	0.00013966580522168406
1948	3.766870979953019e-05
473	0.00019376342606255135
4699	0.00021202316773151215
5152	0.0004787921511770744
5153	0.005523830424640263
2052	2.4985966975175464e-05
3905	0.0
4211	0.0
2233	0.0
3245	0.0
4273	2.7195139609435225e-05
2317	9.674441810620658e-06
323	2.4985966975175464e-05
1640	9.674441810620658e-06
176	6.815244566329348e-05
1739	0.0
5154	0.001760998949935549
2166	3.804335233087013e-05
921	0.0
22	0.0
4696	3.1270375368409557e-05
2582	6.170474331658572e-05
2309	2.65519914729467e-05
58	2.4237857365111488e-05
3397	0.0
3589	2.298542665973974e-05
5155	0.002006717290477086
530	0.0
4082	0.0
453	5.4094404296440875e-06
5156	0.00022363386857068057
5157	0.0012830071123731137
3839	0.0
4476	5.569136878495269e-06
1764	1.5152664310027618e-06
5158	0.0004217582895998284
4171	7.71692679731107e-06
5159	0.00046224779199890645
1063	8.11045003718787e-07
5160	0.00113968183355192
486	6.576631995254518e-05
1767	0.0
5161	0.002122024982695289
5162	0.0005526675248737297
29	4.2152801386398e-05
3154	4.697804476591895e-05
4017	0.0
3651	0.0
5163	7.770266710353022e-08
5164	0.0013485088503867983
1930	6.506226423068214e-05
4009	0.0
4217	0.0
4430	9.046334365462187e-06
5165	0.001595592587880183
781	9.914020848677772e-06
3484	2.4215822510755836e-06
2787	0.0
2357	0.0
5166	0.002085279232599701
1609	1.07534297767443e-05
2383	0.0
3262	0.0
989	8.128872605027045e-05
1922	2.8064002428282813e-05
882	3.3935168949832145e-05
5167	0.004440612746576635
3567	0.0
972	0.00031717810049526667
3865	0.00020086559758266813
5168	0.0017165384772778961
5169	0.00043266202032713657
3267	0.0
5170	0.0016919149016299772
2201	0.0
4144	4.1802757207070866e-05
3755	0.0
2448	0.0
5171	0.0001275178429001964
605	3.292145710670798e-06
5172	0.007719153924675158
276	0.0
709	6.231235889861543e-06
3082	1.8210804185378e-05
874	0.0
1743	0.0
2701	0.0
3719	2.537657582752281e-06
5173	0.0020784763269690513
3451	0.0
901	0.0
5174	0.0009664072568348174
1449	0.0002280283681540056
5175	0.003602804048829193
2478	0.0
2194	1.7809800679400516e-05
5176	0.0002504636567095382
5177	0.0005314964698691478
3884	0.00029527124555082723
3620	0.0
5178	0.004075632803044569
1261	0.0
3146	0.0
4569	0.0
2794	5.306348354401088e-06
354	0.0
5179	0.0
5180	0.0026891426156681933
91	1.1537827939994582e-05
365	0.0
1234	2.7234267555691348e-05
3969	0.0
2452	0.0
1014	1.4007285979216873e-05
5181	0.0031700740887687395
5182	0.0006992745260783826
4739	0.0
3721	4.92291302868451e-06
1044	0.0
4024	3.98333750027495e-05
318	8.983147420038301e-06
1127	2.2213504838875843e-06
129	1.3637367537734696e-06
894	0.00024085998506486383
612	1.60123044295914e-05
5183	0.001776677135235371
196	0.0001860742747707887
5184	0.0
5185	0.0011558558279394805
4349	3.445844827613951e-05
3939	0.0
1900	8.840569451669033e-06
5186	0.002160961594785481
802	0.0
4100	0.0001857030855307565
5187	0.0007921363781865656
4500	0.0
5188	0.0011495906333224412
1107	5.185667424913873e-05
5189	0.0010023091084881345
2466	5.4557416348857564e-08
4293	2.5494677384125764e-05
990	1.8523862704049025e-05
4140	5.4557416348857564e-08
4620	5.4557416348857564e-08
1868	8.54664224837705e-06
4266	6.794524594533013e-05
1579	8.04061147347176e-05
5190	0.00022540583146856658
1178	0.0003442150444269108
5191	0.0
5192	0.00047370620472813143
5193	0.0010308368464262572
2552	0.0
2048	1.965878936973109e-05
5194	0.002026300505175645
1244	0.0
4420	1.1515309884975315e-05
2143	1.2507524186912303e-05
3112	9.621542277622508e-06
5195	0.0030371739408522015
5196	0.001342550406572062
3379	1.8210878220992233e-05
3043	3.3961201469746785e-05
1636	9.929136574301257e-06
3080	2.2265173218914927e-06
3010	0.0
561	5.4820329625919544e-05
1912	0.0
107	0.00012197810626754787
2266	6.580569721512418e-06
5197	0.0015285528980769822
1142	1.4189034272306223e-05
1047	1.2949112532603859e-05
3804	0.0
2258	3.4148914715153566e-06
2196	1.2949112532603859e-05
5198	0.0018555932355701387
697	9.372314408382573e-06
1316	1.1610285795370462e-06
5199	3.258199690056225e-05
5200	0.0013948066635539292
2755	0.0
4822	0.0
5201	0.0005821697671485381
3815	4.2198419757543914e-05
2930	0.0
5202	0.002883099109206365
2812	0.0
4058	0.0
2521	3.492537031706664e-06
5203	0.0005678934590177265
2834	1.626736498655109e-07
4690	0.0
2472	7.403155473732121e-06
5204	0.0020289828240438387
3688	4.113258780744432e-07
2103	3.529931437790906e-05
5205	0.0015362633637708912
4407	1.912392789624757e-06
2238	1.4961431747235316e-05
3235	6.614553864143752e-06
4658	0.0
5206	0.0018784515799555568
5207	0.001250320187011706
429	4.98636206217738e-05
1134	0.0
1696	2.422717266782081e-05
2738	3.1184657830078583e-06
4085	7.790812751633442e-06
5208	0.0036216823144744003
1789	2.0124796532020262e-06
1071	4.160955395869756e-07
3519	2.6686462782032054e-06
2679	5.33422430178889e-05
5209	1.4671489416672593e-07
5210	0.0006406919440028639
2952	1.3258998283629986e-05
5211	0.0014542264043664933
5212	0.0020294711839792534
2387	1.2644708916977954e-06
3469	0.00016532750207532543
3683	4.713722573992359e-06
3192	3.5895109717794064e-07
4313	1.2644708916977954e-06
1296	0.0
867	2.81427715891859e-07
3215	1.121099693480951e-06
1860	0.0
5213	0.0026233394273307187
3485	1.727308941897421e-06
2867	0.0
4279	2.7770333268539966e-05
3353	5.2035884926114526e-06
263	0.000309529229999249
1037	8.178858120225559e-05
5214	0.0007728207255898049
636	3.874199711062269e-06
46	2.1195383621141658e-05
5215	0.004217913446925846
474	8.482585375672105e-06
998	4.394227432463486e-06
194	1.4714933144368931e-05
1104	0.0
1258	3.427451832237362e-05
1911	0.0
3661	5.025210432448961e-07
5216	0.0006713763844595023
1081	0.0
306	1.6850795683642712e-05
5217	0.0008625977527720926
1366	1.6970309961395172e-05
3079	9.514597556352129e-07
5218	0.001142522631397409
3300	0.0
3738	0.0
5219	0.007208061513570249
4887	0.0
273	0.0
271	0.0
37	0.0
2245	1.3866537750663425e-05
4012	3.337095177896516e-05
557	6.282250262470956e-05
3398	0.0
4432	8.510612365723856e-05
3301	9.044313729151861e-06
3556	3.748407539145074e-05
3778	0.0
2990	0.000258911485108201
1197	0.0
4224	9.019976135860924e-05
3071	8.583936117140327e-05
4892	3.571253266696261e-05
1813	0.0
12	0.0
5220	0.0005552398110971702
3808	1.5682420339269448e-06
1548	4.82114051523165e-05
1977	6.424430441978756e-05
5221	0.0008841241224196956
2846	0.00013715748378892434
280	7.767645029090684e-06
4036	5.0976660403006547e-05
244	3.248028421502534e-05
3498	0.0
5222	0.0020678453043076997
3535	3.832498950138807e-06
1429	0.00019368526286499556
5223	0.015192965394327644
3606	3.1894537434805924e-05
4501	7.839535596282945e-05
539	7.330095468301991e-05
4337	8.320443789454233e-05
4793	0.00013811825344552282
4305	0.00012531423069642308
1595	0.0
4150	3.040980388344097e-05
4129	0.0
4629	0.0
4704	4.151474664601879e-05
1285	0.0
1009	0.0
35	3.0275636683551828e-05
4302	0.0
575	6.600986268122267e-05
3232	2.141727576437374e-05
3210	0.0
149	9.237998585467816e-06
3461	4.263575685862145e-05
4469	8.425801226282879e-05
4460	0.00010400472823680448
885	2.6909039278149058e-05
1679	0.0002224020592568742
3124	1.4225587293875876e-05
4837	4.191360109865644e-05
72	0.00012799684846860265
4894	0.0
1826	0.0
861	4.34212728250641e-05
4102	0.00037732998187126835
2428	6.344734089358748e-05
4051	0.0
4386	1.4225587293875876e-05
4289	3.5081471796797903e-05
3217	0.0
296	0.0
4865	0.0
854	0.00013138389825548166
1374	0.00018096211965970893
3363	1.5991922048550602e-05
3940	4.9156188875460345e-05
5224	0.004806945760655646
5225	0.010611142071943813
2678	5.607312212946136e-07
2132	0.0
740	0.0
4174	0.0
1338	0.0
4310	0.0
3206	0.0
3072	7.018160987710899e-05
3327	2.8492579394355472e-05
1016	6.065781087683912e-05
5	0.0001485135584836146
3996	0.0
892	0.0
4112	0.0
3750	0.0
4470	0.0
3479	0.0
3393	0.0
417	0.0
3580	7.912698436279353e-05
3503	3.5003144995788335e-05
60	0.0
4717	9.487453925364087e-05
3322	0.0
694	8.633719337226377e-05
2575	0.0
1894	0.0
3520	0.00015530420992356002
2437	0.0
5226	0.00019061216533139785
5227	0.0006299027301321364
1533	6.714492233362344e-07
1925	1.622889329297002e-06
5228	0.0011400983071343585
1565	1.1555885643579578e-06
4767	6.632115467493356e-05
4900	5.416772442910933e-07
1885	0.0
5229	0.0007111848327063072
3137	0.0
1323	9.424111182849447e-07
5230	5.602764999334089e-05
5231	0.001234303323833745
585	2.143157000460481e-05
1920	0.0
5232	0.003986434328410003
1705	0.0
812	3.5226274082874246e-05
4839	0.0
3185	3.819494577128051e-05
906	3.5731162588350885e-05
1364	0.0
5233	0.0016056580961412766
243	1.93396822761713e-06
5234	0.0006159297553388718
5235	0.0014167220749387206
1484	5.238583598000678e-05
1649	0.00013458580793923827
1391	0.0
5236	4.662431638318836e-05
5237	0.008744815277325214
5238	0.005329113692213942
929	6.084211059067394e-07
1670	2.1459677766572025e-05
4829	1.4670095683361061e-06
2526	6.6413633596713535e-06
3955	0.00026399320446864164
2408	0.0
74	8.171151769913278e-05
479	0.0
1126	0.00010752795055156856
1407	0.000552312115940881
3018	0.0
1563	7.11276446738913e-05
2055	2.9230636155326108e-06
1458	2.6068780034560776e-05
1220	1.3269159626386788e-05
3208	1.3473361474257674e-05
1154	0.0
1718	0.0
1255	0.0
2129	0.0
576	0.0
5239	0.0026406666259320153
5240	0.0021356526547113793
4197	0.0
4850	0.0
1302	0.00012381156017244054
4064	3.139796035803383e-05
2529	0.0
3123	1.1366699037169776e-05
1689	7.157918422746914e-05
4309	0.0
2028	1.3647498961343574e-05
4841	5.0234269302614816e-05
2229	0.0
5241	0.0007278198600858854
5242	2.042645041484316e-05
3338	0.0
424	5.5128124134744745e-05
4056	0.0
5243	0.006493024131318758
834	2.0363820704472546e-06
4583	0.0
374	3.2383358900022045e-05
4663	1.5089064621970897e-05
4370	6.815387970169444e-06
26	5.4467907214390666e-05
3613	9.702943863401072e-06
4368	0.0
1032	0.0
3696	0.0
4402	0.0
5244	0.012127691431612487
458	2.4652952363085983e-05
3616	3.389637471820872e-05
3831	0.0
3093	3.5746776303912686e-05
3846	2.4652952363085983e-05
4436	8.454105266529696e-06
1412	0.0
1304	0.0
2088	0.0
3830	3.2533637025977244e-05
4125	0.0
3008	1.53199088143176e-05
5245	0.00062160080352202
1828	0.0
5246	0.0010977159240471962
5247	0.010521310931845064
351	2.6922302931166406e-05
511	0.0
1505	2.3242988932254943e-05
2433	0.0
1463	0.0
4765	4.974188952343766e-05
1530	3.0577074264171454e-05
227	0.0
3634	3.911351543806343e-05
3488	2.9290592580562215e-05
1707	0.0
1722	0.0
4550	2.292145195605961e-05
718	0.0
2208	2.9204729059492434e-05
1370	4.545507310125277e-05
4633	0.0
3047	0.0
2515	4.77540000732103e-05
1227	2.343322085345557e-05
2404	0.0
5248	0.004101926624611905
1641	0.0
2986	0.0
2902	0.0
2653	0.0
5249	0.001864008696315726
2248	8.601072856980226e-07
2259	0.0
1810	1.8493127554984872e-06
4451	1.652668768485394e-05
1240	5.843349513852614e-05
5250	0.0027885451899918308
3986	5.071239611611068e-06
1256	2.294237954893085e-05
3858	0.0
1307	4.617257716417935e-05
3826	0.0
589	0.0
2885	2.644911291180264e-06
5251	0.0008797185054708638
4080	1.6553992291921555e-06
756	0.0
5252	0.001209876014811765
5253	0.008115515914881341
3975	0.0
83	9.726737929635347e-05
238	1.3459407929346795e-05
1760	1.2380249706157232e-05
2061	8.641447870093e-06
665	2.2717091862809297e-05
825	2.661320381974842e-05
3999	2.445792409494121e-06
3239	0.0
3427	2.542380945024571e-05
2034	0.0
5254	0.0014038345748942894
2002	0.00011163830044323665
5255	5.858332215497915e-05
1958	1.1172951665404762e-05
5256	0.00017383506269508874
5257	0.00191695445105189
2414	0.0
719	0.0
790	0.0
1685	0.0
5258	0.0005830465574932171
5259	0.002621172023842566
2957	0.0
3591	0.0
4214	0.0
3592	1.1014734540812137e-06
1116	3.1466914540629655e-05
949	0.0
5260	0.0016716356969475115
497	0.00033320925271520564
3242	3.550554533441103e-05
2909	1.4200767517658142e-05
2699	0.0
5261	0.0018661986224755315
2017	0.0
5262	0.0009001264438843154
2484	1.2258087722548752e-06
2112	0.0
5263	0.0008497131622921218
4399	4.583770833205026e-06
5264	0.0
5265	0.001544818507402869
4517	1.0898976900137716e-05
5266	0.00032487642571569017
505	0.0002782451996185398
4548	2.1095757085567415e-05
1273	6.160037668983827e-07
454	1.2775905145216104e-05
625	0.00014497761366230157
504	4.959848817315306e-06
4774	5.877041072161476e-07
1934	9.57784163299108e-06
5267	0.004987273844538326
3165	5.5974429290044784e-06
136	1.4845761281862725e-05
4384	0.0
4137	1.616448544847285e-05
44	0.0
3087	5.5974429290044784e-06
3317	6.933426670351322e-05
135	0.0
3531	3.39967656627574e-05
181	5.5974429290044784e-06
958	0.0
1859	2.409958487911548e-06
82	2.357773886861064e-05
258	0.0
2983	0.0
4796	0.0
5268	9.164418447553342e-05
3653	2.215507002347708e-06
5269	0.001976006341732176
1419	0.0
1639	0.0
1945	1.3513325927545936e-05
1986	3.3881878264275396e-05
5270	6.75649776721066e-05
2619	1.6324570328621944e-05
5271	5.018405940383486e-06
3060	4.3358735078874144e-07
5272	0.00035643739381515136
5273	0.000607229954513686
4791	0.0
5274	0.0012465120822530262
3497	1.105819581655283e-05
3967	1.5751554590690556e-05
5275	0.00039679145244909296
5276	0.0012648556564513254
4364	4.005570432880873e-06
3297	1.6459363164031966e-06
5277	0.0004109427197834043
5278	0.0025662969322139866
3872	2.93766227670623e-06
4706	2.5483239387675673e-06
2254	0.0
5279	0.001979212570788103
3214	3.226027524612919e-07
5280	0.0018036305595998119
1092	2.525174407667187e-06
5281	0.002674633701490521
4249	0.0
5282	0.0009033359121034505
2789	0.0
5283	0.003943009303186959
2486	0.0
5284	0.00011291677454209993
5285	0.0035814352163254393
3671	4.966176252310076e-05
1320	1.655641580441461e-05
932	0.0
1917	0.0
2537	0.0
3643	6.212015336455698e-05
3069	2.229891653924721e-05
3703	0.00018152215311219953
491	9.96687284917585e-06
438	0.0
5286	0.0014744824630333801
2050	0.0
5287	0.0012287016653044147
3504	0.0
5288	0.005537344001370278
5289	0.005437972803096669
967	6.572979717920384e-05
3289	0.0
3668	0.0
2291	0.0
784	0.0
346	0.0
2915	0.0
2186	4.427022199679949e-05
2931	0.0
3723	0.0
1963	0.0
2110	0.0
1058	1.3698389780950316e-05
2261	2.506560612671554e-05
5290	0.0010470939692350583
5291	0.0010040811387010712
1135	0.0
49	3.0595259104605812e-06
853	1.081578297344154e-05
5292	0.004169958830013279
2214	5.7667210643562235e-06
5293	0.003921623375539001
5294	0.0017182031138237633
307	1.5104957228146248e-05
1996	1.454706603824645e-06
3770	6.279410628326941e-07
2025	0.0
1788	1.8522883652920712e-06
3312	4.471217505614281e-05
3446	3.4353209355339346e-06
387	0.0
4254	0.0001092326571514481
207	6.094397488426866e-07
5295	0.0016048389462899933
3212	1.6264175802283635e-05
5296	0.003111405052459206
1229	2.3993082877113418e-05
3558	0.0
1226	0.0
832	0.00018500754254400763
3722	0.0
5297	0.00044503471812204454
5298	0.004233824864138736
2877	0.0
5299	9.251038244294874e-05
5300	0.001932693675019312
4794	0.0
1952	0.0
2171	0.0
2836	0.0
5301	0.0020350162566352293
3078	1.1484685159836362e-05
856	6.13937749690619e-07
4269	0.0
3449	0.0
5302	0.0033637718850351387
3053	0.0
4700	0.00011362625788489424
367	7.188365929792852e-06
5303	0.009515846387686464
166	0.0
1903	2.4682465741828345e-05
1847	9.992228244327145e-06
167	2.7358645217842416e-05
5304	0.00016598976260111934
5305	0.007589501686598461
4685	0.0
4232	0.0
3690	0.00013771918914984036
3913	0.0
583	5.371391760646349e-06
5306	0.00010496003623378074
5307	2.2201154586030617e-06
5308	0.0038796742422645436
4278	0.0
4740	9.3591966423462e-06
5309	0.0016491575424543705
4184	8.734821448323318e-05
695	0.0
5310	0.0016062895368869207
2853	0.0
1637	2.915179526030826e-06
3848	0.0
5311	0.0019150599529361163
5312	0.002241912792035621
4908	0.0
3725	0.0
3442	0.0
4115	0.0
1473	1.966296960594963e-06
3584	8.31638967876536e-07
4907	8.31638967876536e-07
3583	0.0
3369	0.0
4114	0.0
5313	0.0021134699960870308
5314	0.0022403090752882494
3925	0.0
910	9.415966445822625e-06
4595	0.0
2517	0.0
4087	3.37348065080943e-06
3963	0.0
5315	0.001509326341064831
1121	7.903007667797241e-06
3632	0.0
5316	0.003256641289670567
1871	4.875128078841887e-06
4281	1.306031740829591e-05
946	4.746189591640122e-06
1305	0.0
4598	0.0
3115	0.0
5317	9.139489103467767e-05
5318	0.002809722355324894
3347	0.00011161716965365202
4204	0.0
1604	0.0
2311	4.270322959784706e-05
5319	0.010414403642041183
1897	2.0097270593651762e-06
1650	9.27368828867665e-06
3200	0.0
2026	1.468714614397322e-05
3957	0.0
2489	5.906123175020836e-06
31	0.0
4078	1.195537321792385e-05
1212	6.919050796150068e-05
5320	4.522113178570434e-05
5321	0.0016816708346636543
2947	1.0335070666056531e-05
353	4.7778574874936975e-06
763	7.884052141391549e-06
5322	0.0013952089969127045
4164	4.468439857194506e-06
1896	5.8258083593600675e-06
4454	0.0
4726	5.874198504822421e-05
5323	0.0010123354496966355
2043	4.4980043483969886e-07
4162	0.0
5324	0.00507192788214181
4361	0.0
3377	0.0
4001	6.908937458775022e-06
1539	2.2671205881808047e-06
951	6.908937458775022e-06
402	2.2671205881808047e-06
1147	4.7614758107671395e-05
3890	0.0
3207	0.0
3853	3.282889631248475e-05
753	6.260557358525425e-05
3028	0.0
5325	0.003064386885074738
4621	0.0
3119	0.00013342805764467546
4484	1.6770624117707687e-05
378	0.0
4205	0.0
5326	0.00030121702494277414
4801	0.00012782575149906982
4605	1.938025522384462e-05
563	6.385260684511416e-05
5327	1.4671489416672593e-07
5328	0.0009650343254333181
5329	0.0036636674637547384
5330	0.0009480338389848531
1992	0.0
3641	1.1057571279081687e-05
3930	0.0
1617	2.0236971286559037e-06
5331	0.0011251375879295475
2857	1.6753093019404296e-05
2154	4.953477061427036e-06
2781	0.0
2032	0.0
5332	0.005346296402636913
3063	9.113985024372344e-07
1583	6.72613852264577e-06
3841	7.562467532943672e-06
1855	0.0
5333	0.0015576852022417332
702	0.0
1228	7.31074011810918e-05
5334	2.1726508904198663e-05
5335	0.00047598438557968064
5336	0.0024987780000579945
2294	0.0
4652	0.0
5337	0.0046086850313566356
5338	0.0004236018983485734
4613	0.00021330638376228114
5339	0.0012005554771700809
1534	3.766907781933013e-06
5340	0.0037897258619922895
1582	8.211644167986788e-06
3516	2.1927682726999455e-05
5341	1.9195231888958846e-05
5342	0.0017505139125439568
1979	0.0
5343	0.00042539876041436197
5344	0.0003484421341487431
5345	0.002500320978568859
5346	0.0035517119856904606
779	0.0
1457	3.2405688070762838e-06
2147	0.0
5347	0.002293841169607588
2153	2.0519541135955843e-06
3036	0.0
260	8.029469030066816e-07
284	3.950491386507899e-07
5348	0.003191682698604517
451	9.975965829967927e-06
4608	0.0
1854	7.176839287467005e-07
5349	0.0010894029313303292
5350	0.00012172636226459004
916	0.0
5351	0.004093230368197453
5352	0.005169839532274616
4564	4.6882813526853246e-05
1590	3.8188794901731705e-05
3332	0.0001357556583036514
3394	0.0
1314	4.398996656931111e-05
3786	9.235018576683388e-05
1085	0.0
1851	0.0
3783	4.048156511996819e-05
1174	1.4916180247156082e-05
4766	8.80303528961293e-06
1182	0.0
3436	8.594262026436101e-06
4628	0.0
1101	0.0
5353	0.003234298169996881
5354	0.00048618913531406946
4416	1.8696618180675017e-05
1632	0.0
1426	0.000376351172344023
3818	1.0469654782958517e-06
3796	0.0
5355	0.0023780381577291816
572	7.596473186952034e-05
3228	1.558141110918863e-05
1495	0.0
840	0.0
5356	0.00039033180075174394
2211	3.948264822432084e-06
5357	0.004382878547568642
828	3.372325659014266e-05
5358	0.0029706804438460713
2126	0.0
3776	7.127986928252909e-05
5359	0.0010345800590069994
163	5.910159083655612e-07
5360	0.0009400929849238873
2286	0.0
5361	0.0014058189310190282
4532	1.9065679287603628e-06
2673	0.0
2594	0.0
5362	0.0020693264534983485
2304	0.0
3934	0.0
2410	0.0
5363	0.002344179463248589
4351	0.0
3411	0.0
4352	0.0
4761	0.0
5364	0.0017545103479896192
3083	0.0
1373	0.0
4596	2.2329398714975477e-06
5365	0.002031783420371396
1202	0.0
4590	0.0
1140	0.0
5366	0.00409315618983054
2934	0.0
5367	0.0015892663048202708
2438	0.0001750356100284842
5368	0.005905547074784955
1152	3.89845909698426e-05
4424	1.979407962239355e-05
3081	0.0
1526	0.00013685203078287652
2066	0.0
1872	0.0
2823	0.0
1155	0.0
803	0.0
1508	2.6337330526531023e-05
315	0.0
5369	0.0002590993135096877
5370	0.001745365921046965
4334	0.0
4895	8.285963789093878e-07
5371	0.002701217008227225
2926	0.0
4618	2.255206878020145e-08
5372	0.00023694343708628206
5373	0.0018347037410464397
935	2.6509118149245846e-05
2467	0.0
5374	0.0011743438483933185
5375	0.004372519351184825
3582	0.0
532	4.143209745255234e-05
4422	4.022530884195214e-05
4147	9.523142099553791e-05
5376	0.0007923055145757039
5377	0.0005741487045631473
4371	2.6636323886578986e-07
4572	0.0
5378	0.002144080284064224
884	0.0
4573	0.0001773915189563874
87	7.400842723584931e-06
3070	0.0
5379	0.0013378038710065512
5380	0.0020356660689054102
4092	0.0
4537	0.0
1452	0.0
4580	1.0770111044871764e-05
5381	0.0007274599416288118
3901	6.701846635261667e-07
257	2.9027232809486802e-05
5382	0.005869191801420304
931	0.0
1024	0.0
3509	4.882005298513894e-05
4741	0.0
4684	1.3404988177027813e-05
742	1.4743178973823232e-06
1717	2.158650595598216e-05
3265	0.0
2237	0.0
1758	1.4743178973823232e-06
1215	1.0957310212080512e-05
5383	0.0014463070224839474
652	0.0
5384	0.0031033215482566567
1358	0.0
961	0.0
5385	0.0005749185430001207
1642	6.708519459489476e-06
5386	0.0019856711105785893
3758	0.0
2235	5.2108416036902315e-06
5387	0.0008806819190423469
5388	0.0036939198570588574
1874	0.0
2487	0.0
518	0.0
1283	0.0
2011	0.0
4753	1.60188455516789e-05
2856	0.0
5389	0.0014207803331526914
2136	0.0
1627	0.0
3162	0.0
5390	0.002175178262092808
5391	0.0005544958493676408
2596	3.4437173378393273e-06
5392	0.0008924407064067421
1039	1.3653452441956204e-06
1395	1.5884371417278722e-06
5393	0.0006874085772882037
1770	0.0
5394	0.000991519978927746
5395	0.00045574810765276297
4826	0.0
5396	0.0006790662831718823
5397	0.0025081054511865786
4582	2.2041007435766475e-05
1365	0.0
3292	0.0
4691	0.0
5398	9.125771318193961e-05
5399	0.0017335907476738184
1956	0.0
5400	0.0010094804839210676
3414	1.0568502046937932e-06
1634	2.5781144208070746e-07
5401	0.00040156451046688906
2751	9.374806706029174e-07
5402	0.0016943242355505022
865	0.0
3375	3.356517720840418e-05
5403	1.1276034390100725e-07
1502	0.0
1592	0.0
5404	4.537760594134289e-05
5405	0.004319010059656387
5406	0.0010978202036537855
1841	0.0
3791	9.996005336601126e-06
1478	3.505071208257932e-06
62	0.0
2270	0.0
1217	0.0
597	0.0
1008	0.0
1909	0.0
5407	0.004333836545868487
4267	0.0
41	0.0
4554	3.1499191859916854e-05
3990	0.00013168990482884625
2242	0.0
5408	0.00262803759366437
5409	0.0009899904356382484
4404	0.0
4883	1.3359146163723134e-05
5410	0.0029347844786009646
1406	0.0
2736	4.069239156542512e-06
4360	9.114203427300576e-06
2397	0.0
1562	3.844815436620091e-06
4730	0.00032184178952104865
5411	6.323440483018185e-06
5412	0.001209145176101706
5413	0.0004956287942901834
3380	8.425940683662624e-07
3359	0.0
5414	0.001712523299640203
2564	0.0
172	8.448045475654305e-06
5415	0.0020361487816924237
3779	1.60479479935876e-07
5416	0.003891579263657114
3337	0.0
3220	1.0290054934533108e-05
2561	7.390194618480978e-07
4903	0.0
483	0.0
5417	0.0029447669115889356
3576	0.0
662	0.0
2893	0.0
5418	0.0008546305075822065
219	0.0
5419	0.0008534970409649084
5420	0.0031351416134845025
5421	0.0014893717279856411
2021	0.0
4597	0.0
2205	0.00010435479281652391
5422	0.00013146560937951868
5423	0.002668942832999888
4347	3.94285007981829e-07
250	0.0
5424	0.00026924821992843254
5425	0.0053118602710695885
1195	0.0
4231	0.0
1664	0.0
1086	0.0
302	0.0
5426	0.003831877238951908
1381	0.0
859	8.733094762245269e-06
340	0.0
864	0.0
5427	0.013126789663850271
5428	0.001958437045667094
2945	0.0
3189	0.0
4219	3.250777026969768e-05
2578	6.995756096991684e-06
472	9.559857484339449e-06
3627	0.0004812478985141348
5429	0.0
5430	0.004386740749613411
1171	1.442896420470278e-05
787	0.0013551774770383248
5431	0.0023020015804153904
5432	0.003140217580267669
3695	7.295603434080434e-07
3439	0.0
4339	7.295603434080434e-07
2241	0.0
2918	0.0
4282	7.295603434080434e-07
3687	1.5418355479296844e-05
4624	0.0
2152	0.0
5433	0.0037095595692819574
4705	2.243340563850348e-05
788	1.180534107143497e-05
5434	1.107471229369473e-05
5435	0.0003609520553067342
2094	0.0
5436	0.0025700626474942593
1199	0.0
1398	3.4014931450821435e-06
5437	0.002338534145095945
2062	0.0
3746	1.52860463361342e-06
5438	0.0008843320720917046
2970	9.518428381869627e-06
2273	3.239684524151082e-07
734	3.825894404825835e-05
5439	0.0020664825424786632
3291	0.0
131	0.0
1765	0.0
5440	0.002847446713438699
2545	0.0
1899	4.530480625160761e-06
1348	0.0
5441	0.001586491153786927
4799	0.0
3789	4.148593899664384e-06
5442	0.0021745584493560208
533	0.0
1418	0.0
5443	0.002479410522726402
3175	0.0
1351	0.0
1378	0.0
4258	0.0
110	7.461629543901176e-05
5444	6.765620634060435e-07
1376	0.0
4323	0.0
4270	0.0
3997	0.0
5445	0.004522522227404865
5446	0.000426672543402297
3674	3.2151311077861627e-07
4007	7.008626661866743e-07
1576	1.0739892011588688e-06
1611	3.2151311077861627e-07
5447	0.0015612265371647892
3345	0.0
5448	0.0006966292257554222
5449	0.0019114629807761368
2373	1.2917251664384036e-06
56	1.1509967428231802e-06
5450	0.0
5451	0.0
5452	0.00017413491806050224
5453	0.002786536723348388
5454	0.002816483315648655
4365	0.0
2697	0.0
3007	2.1368740921113592e-05
1192	0.0
534	0.0
3387	0.0
5455	0.0016460319622554889
835	0.0
5456	0.0002077035606758889
4330	2.7703552891856693e-05
5457	0.0005579808888094147
5458	0.0013904018212420955
1068	0.0
5459	0.00018080838476637877
1346	4.5035519112181323e-07
5460	0.005046941427644331
4884	3.220069513813108e-05
3514	7.26063784037978e-05
947	0.0
5461	0.002312576970426414
1824	0.0
1218	0.0
1446	0.0
5462	0.0037777742318184098
4518	0.0
2799	0.0
3259	1.7165661226848688e-06
5463	0.0013833707939652248
4032	9.206508519105611e-07
5464	0.002914132296798283
2942	3.772384099099312e-05
5465	0.0027589631607795395
2475	0.0
0	9.81131196104821e-06
1465	0.0
5466	0.0006220266212850552
4601	0.0
5467	0.0002254168280316789
2913	1.359923727934798e-05
5468	0.005536903455172654
5469	0.0038457246112406558
5470	0.003132294477156966
3610	0.0
333	0.0
937	0.0
986	0.0
2305	0.0
1265	5.969125728158911e-06
1137	0.0
5471	0.000782786928245541
4770	2.057675298366029e-05
5472	0.0006600020888222292
1578	3.240671208225575e-05
2553	0.0
5473	0.0026215131552958554
3001	0.0
1620	1.279073243151905e-06
5474	0.002508143383436652
5475	0.004456255328455616
4425	0.0
3246	9.47944267344296e-07
5476	0.0030617560820388624
2030	0.0
4398	0.0
1252	0.0
5477	0.001785743988662855
4711	0.0
5478	0.00024162985376804572
1883	6.4950873612882505e-06
4670	2.2757015843221404e-05
1587	7.5412329313256435e-06
5479	0.0011274350713731949
5480	0.0009312821449870958
794	8.18578802258767e-05
5481	0.0003189799498923736
1787	2.750078049664471e-05
5482	0.0006192497038555916
4651	0.0
5483	0.0025230023531650674
1645	6.069970842876838e-05
54	6.070592285542469e-05
2473	0.0
457	0.0
3113	1.4353631114355364e-05
5484	0.0008895349039820626
2568	0.0
5485	0.0031639848521942083
1959	0.0
3664	0.0
5486	0.002334912659466161
5487	0.001473179149094847
5488	0.009382874475799097
4669	2.581269492894972e-06
3131	4.699818749196231e-05
761	1.2165574819902046e-05
4845	0.0
4846	6.154969863018437e-06
326	4.699818749196231e-05
826	0.0
4539	0.0
4225	0.0
3840	0.0
3644	1.4235429390331088e-06
5489	0.0005920261532171732
5490	0.002021443404956521
5491	0.0009624905016960813
1442	1.7636255956411582e-05
5492	0.0014987008018019384
754	8.396211905455609e-07
5493	0.001484541662883628
4542	0.0
1194	0.0
361	0.0
5494	0.0037494680920450267
4560	2.9686985033324425e-05
3541	0.0
336	0.0
360	1.3540719079777223e-05
3859	0.0
3177	1.5497181735142744e-05
2033	1.2207578256600477e-05
381	0.0
5495	0.0019696624554662737
3510	0.0
3669	4.951305278639806e-05
5496	0.0005969198933786405
2706	0.0
5497	0.0021647108655874162
5498	0.00012849396554410087
5499	0.002648767040945965
2434	0.0
130	4.072086336135203e-06
4079	9.541386801663138e-06
1730	0.0
2731	0.0
3825	0.0
2530	0.00034889269271435924
5500	0.0006154750128409145
2995	1.6573613148014321e-06
5501	0.002489553172493853
4882	2.0057214122818014e-06
2829	0.0
5502	0.00047370620472813143
5503	0.0008897157421639343
801	8.863642651338398e-06
4682	0.0
5504	0.0005482695564492207
1317	0.0
5505	3.782100624204559e-06
5506	9.128799472018534e-09
5507	0.0003911728475799338
3173	4.4002810467920945e-06
5508	0.0010925357282024174
5509	0.0027942599957748223
1205	0.0
4280	0.0
4116	0.0
5510	0.0007525786305423099
5511	0.00017529056867882282
1536	3.234629322509436e-05
5512	0.0017398642455807743
114	0.0
1094	0.0
3372	0.0
2750	1.2021660062194527e-05
5513	0.0011282098490224628
1163	4.6369136610296387e-07
5514	0.00039739846029155143
1120	2.9699405584343404e-06
3111	5.394060137413837e-06
4307	0.0
4306	0.0
324	2.138830336246794e-05
3787	0.0
5515	0.004497216207087642
4720	2.2532278415587063e-06
1494	0.0
4719	0.0
5516	0.0008946669721984362
4428	0.0
2542	9.021086747651314e-06
5517	0.0012306406159568028
4089	0.0
1518	1.324795769504544e-05
1099	6.3062139522903846e-06
2390	0.0
5518	0.002245716040839904
3628	0.0
4213	0.0
5519	0.0019023403920437748
3238	8.920408712215104e-06
71	2.642203616284034e-05
5520	0.0011871061796943892
5521	0.00084215247971118
4896	0.0
122	0.0
5522	0.0021666451254881702
4543	1.1174871124247283e-05
1011	0.0
5523	0.002170220230594581
5524	0.002319761734604863
1556	0.0
670	1.439684287325359e-05
3988	9.030109881080847e-06
5525	0.0016920369335323034
5526	0.004644348524462948
3277	3.599846486508976e-06
2363	5.201667854164816e-06
2209	0.0
3298	0.0
1644	0.0
5527	0.001141276301822829
175	7.917739121138556e-06
5528	0.001388155016993602
2631	0.0
5529	0.0029533255546668143
5530	0.00022979398668158835
5531	0.0009944562283413494
1143	3.56285309023998e-05
5532	0.0009605640351149708
5533	0.003752849758238113
4168	0.0
524	0.0
2149	0.0
1965	0.0
5534	0.0010080365423524543
531	0.0
5535	0.002831943296847996
4493	0.0
974	0.0
5536	0.0017322324375334444
5537	0.0012034233165352263
3107	5.009868849428728e-06
301	0.0
3958	0.0
1040	0.0
5538	0.005502390299404038
5539	0.001670872683493728
2010	0.0
4827	0.0
1459	0.0
1513	0.0
1516	0.0
2805	0.0
1284	0.0
5540	0.0018673195353738356
5541	0.0028658582114392934
1799	0.0
1460	0.0
329	1.85740457477943e-05
2058	8.201937422198848e-07
2977	0.0
5542	0.0007717205097393089
1804	1.1920945592241328e-06
5543	0.0019637095392040903
5544	0.0027638051114446337
262	0.0
2040	0.0
4570	0.0
39	7.037248978887132e-06
3714	0.0
2315	4.01118638780115e-06
5545	0.0009450157615589848
1334	5.207838541644968e-06
1666	8.965168468895133e-06
5546	0.0030249975449168167
540	0.0
5547	0.0027877722371662007
3707	0.0
5548	0.0011072094678219277
3438	6.6079614658448116e-06
5549	0.0009409917754983339
1858	1.0248257520981397e-06
5550	0.0009193281671112149
2804	0.0
5551	0.003092671731287212
1839	0.0
1596	0.0
2263	0.0
5552	0.0002477533874827196
3386	1.4153408945451141e-06
3099	0.0
1360	1.0605807029748072e-05
5553	0.0022876799895944306
2507	0.0
2082	8.24414296363566e-06
5554	0.0005382211681179392
5555	0.0009008204135436775
5556	0.0034121124227557997
5557	0.004458569361089195
218	0.0
3496	0.0
1589	1.0749634629656539e-06
3508	5.327252906669935e-05
4468	0.0
3805	0.0
414	0.0
5558	1.4671489416672593e-07
5559	7.876329006375965e-07
3025	0.0003416932615147098
5560	0.0010176643923258525
5561	0.0024913210038010557
1503	4.461286034533857e-06
3906	0.0
1264	0.0
5562	0.0031037733074202965
1938	0.0
1933	0.0
3275	0.0
5563	0.0013592785522074642
5564	0.0006115269736231029
2937	0.0
5565	0.0019301137646153886
4391	2.7767899441050882e-05
1710	0.0
5566	0.003558705365198377
1919	0.0
1303	0.0
4237	0.0
3752	0.0
5567	0.008732057972544656
3727	0.0
154	4.137054703061114e-05
2015	0.0
4122	0.0
1483	1.8297437294983964e-05
5568	1.0873034234509817e-05
5569	0.0005165693688246357
5570	0.0010824591031579473
608	7.466484852402812e-07
3629	1.2043666532041365e-06
5571	0.002292301777679981
1117	0.0
1830	0.0
5572	0.0008840048462003398
5573	0.0012265512853728586
313	0.0
5574	0.0014420391238317675
4248	0.0
5575	0.0015143446098051536
1064	0.0
5576	0.0012066043500063987
3061	0.0
1490	4.130550598117644e-06
5577	0.0012525571658890899
222	3.0318450428911914e-06
5578	0.0013942199528167384
851	0.0
3475	0.0
2916	5.105830039527795e-06
1372	4.883357720302705e-06
1517	0.0
5579	0.0030922685045518396
3507	0.0
789	0.0
2958	0.0
408	0.0
5580	0.0008690901890477617
4186	5.384262795565412e-07
160	0.0
5581	0.001174690082356446
5582	0.0006326602156575545
5583	0.0005104551497178607
422	0.0
2941	4.917007470970011e-06
5584	0.0018699246540761416
5585	0.0026719526126848603
1776	1.6302222446200404e-05
3832	0.0
2108	1.0128730405309955e-06
5586	0.0014562740816897353
3198	0.0
2054	7.840072924619742e-06
4668	0.0
5587	0.0013167615805314045
2739	0.0
5588	0.0029521966939727163
2148	1.9861052650902123e-06
2287	0.0
3224	1.3849523013381527e-06
5589	0.00015700754008900992
5590	0.0024613899536286734
2763	0.0
4062	0.0
3599	0.0
4151	0.0
5591	0.0018460349382504954
5592	0.006767118486794581
2145	5.406777646732515e-06
3458	5.406777646732515e-06
776	0.0
4820	0.0
3261	3.7475381189210336e-07
5593	0.0013657775133761334
5594	0.0010483246215870975
5595	0.0045056819753589925
5596	0.0010973571543760681
3141	0.0
3140	0.0
4350	1.2370837194510067e-05
525	4.233219950153542e-06
197	0.0
2683	0.0
5597	0.0011462786268553516
5598	0.0018095305344315955
4261	0.0
956	0.0
5599	0.0009499367464529118
2600	0.0
5600	0.0028491791189885216
3073	0.0
1864	0.0
2075	0.0
849	8.527247014346373e-05
2481	0.0
599	8.527247014346373e-05
693	0.0
2324	8.527247014346373e-05
5601	0.002251347300724869
3675	0.0
5602	0.0022419048525573956
3864	0.0
5603	0.0013948632736213004
5604	0.000511078527541217
2344	0.0
5605	0.002542330905347381
3923	0.0
5606	0.0047256080967417935
1276	0.0
1622	4.014245763338898e-06
2703	0.0
5607	1.4671489416672593e-07
5608	0.0002408059515921989
5609	0.0034320162574735693
193	1.985350973143148e-05
3652	0.0
5610	0.0016425541810802064
4441	0.0
5611	0.001567976238639799
2694	3.432741543431335e-06
2498	0.0
5612	0.0017246296473080916
2243	0.0
1904	4.995902589639298e-07
5613	0.00012868974016051868
5614	5.8983760344156364e-05
5615	0.0010867463338234645
1558	0.0
4084	0.0
5616	0.002726714592056923
4252	0.0
757	0.0
5617	0.006679041908025097
4594	0.0
5618	0.001902226106276267
5619	0.00047370620472813143
1818	0.0
3183	0.0
5620	0.0012336768025125427
4187	0.0
5621	0.0021085820226248763
4619	0.0
352	0.0
1443	0.0
5622	0.001868865864866457
2081	0.0
5623	0.004053999452401453
2558	4.34313892107843e-05
4808	0.0
5624	0.0029632193334339957
4534	0.0
4083	2.660352920089332e-06
2278	9.798028099490427e-07
2277	0.0
1924	1.4146643948204749e-06
5625	0.0006208175403175368
5626	0.0022134218283558086
3617	2.8723946740944774e-06
2119	0.0
5627	0.0005662640061014477
891	1.678354071393432e-06
5628	0.0009281018431240142
3216	0.0
5629	0.0029043709854397657
965	3.450613572920093e-06
5630	0.00020805655590680404
5631	0.0013478673701254316
3720	0.0
5632	0.0039251733043346474
5633	0.0019900552008883837
3565	0.0
2210	0.0
2432	0.0
2807	1.7229773172946955e-06
5634	0.005996216400710892
1355	0.0
4091	0.0
168	0.0
875	3.305896826670126e-05
5635	0.0019509757819478378
5636	0.0017493253131538144
4872	0.0
620	8.73919845020634e-06
2174	6.091522179633031e-07
5637	0.000940922259499572
5638	0.0
5639	0.0009486924597394135
2554	0.0
870	0.0
5640	0.001015429644751181
5641	0.001716736652122041
245	0.0
741	0.0
5642	0.00118186865089748
246	2.2609479829382732e-06
953	0.0
5643	0.0017175174778135585
2307	3.5606619989975554e-06
4363	5.660257712423138e-06
5644	0.007154310726558488
3700	0.0
4105	0.0
3878	0.0
624	0.0
4869	0.0
3164	0.0
5645	0.00023653575735221795
5646	8.195975299233573e-06
3121	0.0
5647	0.005325369744493017
1774	4.965519614692733e-05
996	0.0
1775	0.0
3280	0.0
2175	0.0
3281	0.0
1643	0.0
969	0.0
4646	0.0
3420	0.0
5648	0.0016303514309301582
913	0.0
3656	4.223629188631679e-06
5649	0.00045084981185325917
5650	0.006801666009974294
1021	0.0
3573	0.0
2367	7.981192720116463e-06
4507	3.491996250724624e-08
2144	3.491996250724624e-08
975	3.491996250724624e-08
3962	5.2519815741761205e-05
3015	0.0
3894	0.0
3014	0.0
1602	0.0
2441	0.0
3511	0.0
5651	0.006587716111583434
4722	0.0
782	8.429706149697924e-05
3698	0.0
824	0.0
1090	0.0
2389	0.0
331	0.0
669	0.0
3129	5.294419323782303e-05
5652	0.0040837746955804605
5653	0.0025476211248864913
1751	0.0
398	0.0
3882	0.0
178	0.0
488	0.0
500	0.0
919	0.0
1966	0.0
202	0.0
5654	0.0013239562542342103
963	0.0
1344	0.0
5655	0.0025580787862331845
681	0.0
4194	0.0
5656	0.0005598071428655995
5657	0.0009848475371972637
156	0.0
1112	0.0
5658	0.002926632879978151
2282	0.0
554	0.0
2328	0.0
3564	0.0
5659	0.0009953061053196723
5660	0.000532204761136479
3658	0.0
5661	0.0010577657804659844
5662	0.0004772103391108164
4561	0.0
5663	0.001695382378732548
2265	0.0
4529	1.7034917248417645e-05
5664	0.006480255172707697
2083	0.0
2046	0.0
4063	0.0
3109	0.0
171	0.0
4440	0.0
1354	0.0
3248	0.0
3819	0.0
1297	0.0
5665	0.00028010127608141586
5666	0.004909182625696146
3097	0.0
1162	0.0
4161	0.0
3692	1.3335427636129079e-05
4421	1.381853419306133e-05
3666	0.0
4567	0.0
2071	0.0
5667	0.0010011813511777725
64	0.0
5668	0.0012802218204905924
411	0.0
5669	0.002650267259812805
5670	0.0019258150419160177
2142	0.0
1699	0.0
1410	0.0
489	0.0
4124	0.0
5671	0.00032341686929045313
5672	0.001461232213765273
5673	0.002621860766143176
685	0.0
3710	3.0890763579155222e-06
5674	1.4671489416672593e-07
5675	0.0015203084928429125
5676	0.0012935076052343897
549	0.0
4195	0.0
4069	0.0
2415	0.0
5677	0.002489734947540346
3204	0.0
5678	0.0010441838880438856
5679	7.30209265451867e-05
2682	0.0002786440205701534
4355	0.0
2391	0.0
2747	0.0
5680	0.00047370620472813143
5681	0.001055863421995725
1798	0.0
5682	0.0018397576836044697
5683	0.0007610149087480161
715	0.0
5684	0.0037604049779238953
182	5.014998729617888e-07
5685	0.0010915430505669317
1984	0.0
52	0.0
5686	0.0016585198272151855
84	0.0
1501	0.0
5687	0.0016699760246442108
5688	0.001377998811537305
4857	0.0
3269	4.016420696523005e-06
5689	0.0012987978022465224
5690	0.0010298979468315113
397	0.0
3921	0.0
5691	0.00024246219856170068
5692	0.0022513082325285785
4417	0.0
4177	0.0
5693	0.0008579652457101496
5694	0.00488655123446936
4439	0.0
1942	0.0
4552	0.0
5695	0.0008136411000656533
5696	0.001174727684604775
5697	0.002747054451011683
2497	0.0
5698	7.248843760671246e-05
5699	0.0020905797913803427
1729	0.0
590	0.0
5700	0.0006308015207826776
4357	0.0
5701	0.0006614460133220784
5702	0.0023403487180924626
5703	0.0
311	0.0
5704	0.002202194973787958
5705	0.0018346703457508956
4853	0.0
5706	0.00012079759657866394
5707	0.00145768522898037
5708	0.0027936338448821224
5709	0.0035039594201279898
692	0.0
3547	0.0
2491	1.8537603964254094e-06
2080	0.0
5710	0.0017917659188281547
3536	0.0
5711	0.0013381657635437652
2923	0.0
4319	0.0
5712	0.0009335277355988985
2627	0.0
5713	0.0035823148940713565
3181	0.0
3476	0.0
4591	0.0
3264	0.0
3649	0.0
5714	0.003274664220628772
1937	6.33430137251124e-07
5715	0.0017923496053956936
1422	0.0
2450	0.0
370	0.0
5716	0.0004731052913144516
5717	0.0004639195609352913
5718	0.0011643358966543225
5719	0.0013679013885794962
1110	0.0
5720	0.00202097844718623
3358	0.0
5721	0.003179064761519017
584	0.0
5722	0.001863614794946175
1318	0.0
3318	0.0
2068	0.0
5723	0.00249233351583193
5724	0.0021803975068192625
5725	0.006050698615837193
2644	6.333512546220984e-06
688	0.0
2446	0.0
638	0.0
308	0.0
3157	0.0
5726	0.0016846861107747415
5727	0.000720840049453842
337	0.0
5728	0.002611080267621633
4148	4.091549002681249e-05
5729	0.0012254133484020076
4485	0.0
5730	0.0005467986776407355
5731	0.027101454517980208
4189	3.577047338984186e-05
3877	0.0
4190	0.0
4665	0.0
4859	0.0
3817	1.5915979752618765e-07
603	0.0
1319	0.0
2887	0.0
3801	9.605971594565436e-05
3421	0.0
3624	7.195012903078474e-05
1975	0.0
1328	0.0
200	0.0
1428	0.0
190	2.7343241402812926e-06
5732	0.0027443745271158635
3226	1.650827302053399e-06
3104	0.0
5733	0.0007108863498913775
5734	7.770266710353022e-08
5735	0.002633529240629656
4587	7.3812482574178005e-06
5736	0.004363004796012416
4152	0.0
3625	0.0
5737	0.0016558903271599627
2279	5.85844338799361e-06
5738	0.000348220374537737
5739	0.0024821130797273725
3356	0.0
170	0.0
5740	0.0020954181475704697
3544	0.0
5741	0.0027390103757715693
2540	0.0
5742	0.0021589497256642286
4478	0.0
5743	0.0014207803331526914
5744	0.0028398692611468677
4327	0.0
4003	0.0
4758	0.0
4004	0.0
4803	0.0
5745	0.0020414401788448533
5746	0.0018980476927334057
5747	0.0013099646560094861
3816	0.0
5748	0.0008720632192079687
4331	0.0
5749	0.0017144925820326722
4107	0.0
2948	0.0
5750	0.00015351229492063833
5751	0.00013398804489219356
5752	0.0055231230586270975
3049	0.0
5753	0.003998965289619624
1295	0.0
3896	0.0
3983	0.0
1891	0.0
116	0.0
5754	0.0016132203833386816
5755	0.005841877018940236
2009	0.0
5756	0.004242082021099422
4226	0.0
5757	0.002281295168536153
1331	0.0
3670	0.0
5758	0.0018094868593812156
3681	0.0
5759	0.0007682974556108325
5760	0.000556120833629307
2218	0.0
5761	0.0002805958621004371
5762	0.0004776585358747965
5763	0.0010045084077333565
5764	0.002553340651232339
14	0.0
5765	0.0017503458918723819
1893	0.0
5766	0.0003676741431447375
5767	5.237649054933619e-05
5768	0.0003791325041880406
5769	0.0029489518826863997
5770	0.003134150251862574
239	0.0
5771	0.0011270700701824286
1805	0.0
5772	0.002372012783564023
1035	0.0
1833	0.0
5773	0.0025739637896148825
827	0.0
1714	0.0
863	0.0
5774	0.0025585067458330953
5775	0.0031687614943029445
5776	0.0005936785324418219
5777	0.0002731166754663725
5778	0.0006407347879947725
5779	0.002187858552600617
5780	1.6331284371244366e-05
364	0.0
2494	0.0
1512	0.0
2637	0.0
5781	0.0005297269534557117
5782	0.0011147798687243225
1881	0.0
4627	4.599341774130937e-06
5783	0.0018934004399511102
5784	4.3189515454151804e-05
5785	0.0003139657140817999
5786	1.7546931768955882e-06
5787	0.00010928081943031787
5788	4.136863912790359e-05
5789	0.0029453226218761684
4081	0.0
5790	0.00046634887447562413
5791	0.0001577190319053433
5792	0.0038933542496828997
5793	0.0007976496495455382
5794	0.004940337250819305
4455	0.0
981	0.0
4050	0.0
5795	1.4671489416672593e-07
5796	0.00772830878423767
4695	0.0
714	0.0
2133	0.0
1002	0.0
382	0.0
5797	0.0015317371563424572
5798	0.001120794763570781
5799	0.0008483236607665575
3306	0.0
5800	0.00266690985192998
5801	0.0006935662127441775
635	0.0
3149	0.0
1067	0.0
4520	0.0
3230	0.0
3947	0.0
5802	0.003138200241238541
547	0.0
4497	0.0
5803	0.0006462586525985709
4209	0.0
5804	0.0021864136574309963
2620	0.0
3785	0.0
2967	1.7678611438830945e-05
5805	0.005562147028147159
1652	0.0
3383	0.0
3027	0.0
3561	0.0
4167	0.0
3588	2.254447718172021e-05
1669	0.0
992	0.0
4271	0.0
5806	0.0008682356189964063
2641	0.0
5807	0.0022324500684476434
1454	0.0
2313	0.0
2232	0.0
2756	0.0
5808	0.00420909800118387
5809	0.0015293163674606554
1411	0.0
2713	0.0
4538	0.0
2511	0.0
319	0.0
521	0.0
2213	0.0
5810	0.0009194447375446783
5811	0.001621519381448978
3286	0.0
5812	0.0009246862686066736
507	0.0
5813	0.0015247069693288362
2224	0.0
2904	0.0
4065	0.0
5814	0.0011138509046321942
5815	0.001753915455606463
1466	0.0
2933	0.0
1292	1.8240384813781415e-06
5816	0.0009135065598363993
1857	0.0
5817	0.0008304753544477629
5818	0.0056065903571439965
2993	0.0
2784	1.2726597620350158e-06
5819	0.0015066923724822686
5820	0.002473187164048864
2968	0.0
4540	0.0
727	5.158479836093176e-06
5821	2.8168426494964703e-05
5822	0.0007759436245076185
5823	0.004892085692398572
3202	0.0
4768	0.0
2929	0.0
2928	0.0
3389	0.0
5824	0.0061864038907935345
3648	0.0
1385	0.0
4789	0.0
3361	0.0
4139	0.0
2925	0.0
2181	0.0
3089	0.0
4435	0.0
4234	0.0
5825	0.001167478773295308
5826	0.0010812925223124576
5827	0.0008740066322109318
5828	0.00013272684618326878
3003	0.0
5829	0.0008219008061170716
5830	0.0023966886626574316
5831	0.001046028585998291
4494	0.0
5832	0.002081579361394781
3158	0.0
4890	0.0
529	0.0
5833	0.001764027713813252
5834	0.0012022844583164584
614	0.0
5835	0.0011337581472932866
4873	0.0
5836	0.001083536970758615
5837	0.0001357244213970206
4693	0.0
813	0.0
5838	0.0018308293091262983
1233	0.0
5839	0.00047944705761947015
4731	0.0
5840	0.0006984753565480237
5841	0.002116677853044734
1263	0.0
2976	0.0
3623	0.0
2375	0.0
5842	0.0016792562150332367
1716	0.0
5843	0.0004424123483515985
5844	0.0009485403441195893
3120	0.0
5845	0.0023631947593315194
5846	0.0008465014627560555
1041	0.0
3000	0.0
3	0.0
5847	3.1087357854724005e-05
5848	0.005607657935776113
4010	0.0
4480	0.0
3133	0.0
3478	0.0
4535	0.0
3601	0.0
5849	0.007120139063089921
5850	0.0015720985824157914
2140	0.0
2012	0.0
800	0.0
2335	0.0
964	1.462469184485452e-05
1950	0.0
4268	0.0
3612	0.0
1947	0.0
5851	0.004151637126822053
2506	0.0
558	0.0
3979	0.0
1450	0.0
1514	0.0
4044	4.1041317304353156e-06
5852	0.001760579657892325
1552	0.0
3512	0.0
912	0.0
5853	0.0001623958582507118
5854	5.7454065437802355e-05
5855	0.0034933266410581343
5856	0.0013644495053533854
5857	0.0022229306603940226
5858	1.23070385115882e-05
5859	0.0005848442341304995
1326	0.0
5860	0.0001819246374358173
5861	0.0012872884805022354
5862	0.000575606171806458
4889	0.0
5863	0.004609358086341167
5864	0.0015846608690564148
2077	0.0
959	0.0
2796	0.0
5865	0.001941900668850837
4713	0.0
2385	0.0
5866	0.0016238260971207772
778	0.0
5867	0.0018147930136240217
5868	0.00047069773118281824
5869	0.00234867865050957
5870	0.0013852348156152092
5871	0.001796980465252126
5872	0.0015464138319322383
3236	0.0
1187	0.0
5873	0.00022013295910562727
5874	0.0032170296591845183
2614	0.0
5875	0.000723546376898178
5876	0.0002657191749587056
5877	0.0008976145214522937
5878	0.001274283279446195
5879	0.001743517250797422
2426	0.0
5880	0.001439111156077129
5881	0.0011840348281220358
3642	0.0
5882	0.0023624937428656603
4088	4.1950176391543165e-06
5883	0.0029554029776251334
2482	0.0
5884	4.530610358446006e-05
5885	0.0020700800005334836
5886	0.0034802051794409917
3223	0.0
4870	0.0
3013	0.0
5887	0.00023694343708628206
3366	0.0
5888	0.005141323900079547
1713	0.0
1547	0.0
5889	0.0010308157853699445
1785	0.0
5890	0.0009229564584717042
5891	0.0016953898690576258
2123	0.0
5892	0.0004777706292350589
4006	0.0
5893	0.0017105118622893025
2826	0.0
2470	0.0
5894	0.0019070531379681986
2588	0.0
626	0.0
2440	0.0
5895	3.9614169001359194e-08
5896	0.0012398965532364962
2841	0.0
5897	0.0013742680560370254
5898	0.003353736312747901
3948	0.0
4489	0.0
1219	0.0
2343	0.0
5899	0.0003106006748734473
5900	0.0028560681514255876
4408	0.0
4558	0.0
5901	0.001968194674090054
2973	0.0
546	0.0
5902	0.0012540566509001388
1940	0.0
5903	0.001289536635738923
5904	0.0017933329956016863
3938	0.0
5905	0.0019239965563211951
4375	0.0
5906	0.0012032682333125988
5907	0.000682965851767437
3863	0.0
5908	0.001637388162471909
1559	0.0
1936	0.0
643	0.0
5909	0.00013738496466208946
