749	0.001053740779768177
3211	0.006322444678609061
4	0.002107481559536354
1522	0.001053740779768177
796	0.001053740779768177
1333	0.002107481559536354
1379	0.001053740779768177
3212	0.011591148577449946
224	0.002107481559536354
99	0.0031612223393045306
394	0.0031612223393045306
3103	0.0031612223393045306
94	0.022128556375131715
1011	0.001053740779768177
2153	0.001053740779768177
402	0.001053740779768177
1859	0.001053740779768177
189	0.025289778714436245
646	0.001053740779768177
3213	0.01053740779768177
1222	0.005268703898840885
983	0.001053740779768177
1660	0.0031612223393045306
2108	0.001053740779768177
34	0.015806111696522653
21	0.0410958904109589
108	0.0031612223393045306
155	0.001053740779768177
19	0.002107481559536354
9	0.015806111696522653
53	0.001053740779768177
3214	0.014752370916754477
63	0.015806111696522653
2807	0.001053740779768177
335	0.001053740779768177
1123	0.002107481559536354
1697	0.002107481559536354
891	0.001053740779768177
678	0.001053740779768177
2261	0.001053740779768177
3163	0.001053740779768177
713	0.001053740779768177
1457	0.001053740779768177
1485	0.002107481559536354
3215	0.008429926238145416
3216	0.006322444678609061
1030	0.001053740779768177
1604	0.001053740779768177
184	0.002107481559536354
2455	0.001053740779768177
2182	0.001053740779768177
1688	0.001053740779768177
448	0.001053740779768177
1386	0.001053740779768177
1850	0.001053740779768177
3217	0.01053740779768177
357	0.004214963119072708
17	0.001053740779768177
2558	0.001053740779768177
106	0.01685985247629083
191	0.005268703898840885
196	0.001053740779768177
16	0.0031612223393045306
40	0.022128556375131715
255	0.002107481559536354
3218	0.009483667017913592
3219	0.008429926238145416
2981	0.002107481559536354
112	0.012644889357218123
138	0.005268703898840885
2966	0.006322444678609061
1692	0.001053740779768177
101	0.008429926238145416
187	0.001053740779768177
25	0.006322444678609061
173	0.001053740779768177
3220	0.014752370916754477
1153	0.006322444678609061
231	0.0031612223393045306
569	0.005268703898840885
69	0.01685985247629083
366	0.009483667017913592
48	0.009483667017913592
3155	0.0031612223393045306
791	0.002107481559536354
559	0.004214963119072708
3221	0.02423603793466807
3222	0.023182297154899893
872	0.006322444678609061
1176	0.002107481559536354
377	0.0031612223393045306
510	0.004214963119072708
1091	0.001053740779768177
252	0.006322444678609061
278	0.006322444678609061
2067	0.001053740779768177
496	0.0031612223393045306
509	0.004214963119072708
268	0.0031612223393045306
3072	0.0031612223393045306
1206	0.002107481559536354
3188	0.001053740779768177
1446	0.001053740779768177
542	0.001053740779768177
279	0.0031612223393045306
701	0.0031612223393045306
858	0.005268703898840885
274	0.005268703898840885
272	0.004214963119072708
587	0.002107481559536354
928	0.005268703898840885
169	0.0031612223393045306
929	0.002107481559536354
947	0.001053740779768177
985	0.0031612223393045306
2970	0.001053740779768177
38	0.004214963119072708
1264	0.001053740779768177
3157	0.0031612223393045306
1169	0.001053740779768177
151	0.004214963119072708
1126	0.002107481559536354
2347	0.001053740779768177
3223	0.009483667017913592
3224	0.01685985247629083
179	0.004214963119072708
908	0.0031612223393045306
1347	0.001053740779768177
601	0.004214963119072708
1163	0.0031612223393045306
201	0.005268703898840885
1698	0.001053740779768177
1399	0.002107481559536354
67	0.002107481559536354
1125	0.001053740779768177
1003	0.001053740779768177
146	0.0031612223393045306
2973	0.002107481559536354
3225	0.01053740779768177
1343	0.001053740779768177
657	0.01053740779768177
391	0.004214963119072708
774	0.004214963119072708
3190	0.001053740779768177
2601	0.001053740779768177
1581	0.002107481559536354
2972	0.0031612223393045306
3226	0.014752370916754477
756	0.001053740779768177
2025	0.002107481559536354
282	0.0031612223393045306
1641	0.001053740779768177
2	0.004214963119072708
2229	0.001053740779768177
386	0.004214963119072708
3156	0.004214963119072708
79	0.005268703898840885
3227	0.004214963119072708
3228	0.002107481559536354
3138	0.001053740779768177
2800	0.001053740779768177
3137	0.002107481559536354
3229	0.009483667017913592
236	0.002107481559536354
105	0.001053740779768177
1433	0.002107481559536354
1359	0.005268703898840885
2243	0.001053740779768177
3230	0.008429926238145416
3231	0.008429926238145416
1413	0.001053740779768177
2830	0.001053740779768177
2238	0.001053740779768177
88	0.009483667017913592
338	0.0031612223393045306
904	0.002107481559536354
1820	0.001053740779768177
269	0.001053740779768177
1878	0.002107481559536354
3232	0.02845100105374078
3233	0.01791359325605901
999	0.0031612223393045306
2961	0.002107481559536354
2260	0.001053740779768177
1773	0.001053740779768177
3032	0.001053740779768177
1788	0.001053740779768177
1584	0.001053740779768177
2310	0.001053740779768177
467	0.002107481559536354
207	0.001053740779768177
3175	0.001053740779768177
882	0.0031612223393045306
1734	0.001053740779768177
1445	0.004214963119072708
1201	0.002107481559536354
307	0.001053740779768177
75	0.005268703898840885
318	0.001053740779768177
334	0.001053740779768177
1564	0.0031612223393045306
1996	0.001053740779768177
353	0.001053740779768177
3176	0.002107481559536354
371	0.001053740779768177
1237	0.005268703898840885
24	0.001053740779768177
1567	0.001053740779768177
3234	0.0136986301369863
384	0.004214963119072708
3194	0.005268703898840885
1139	0.0031612223393045306
283	0.002107481559536354
3235	0.02107481559536354
2965	0.002107481559536354
540	0.001053740779768177
1978	0.002107481559536354
990	0.002107481559536354
1204	0.001053740779768177
989	0.002107481559536354
3182	0.002107481559536354
649	0.0031612223393045306
762	0.002107481559536354
2466	0.002107481559536354
3183	0.002107481559536354
1519	0.002107481559536354
1868	0.0031612223393045306
3236	0.01053740779768177
716	0.0031612223393045306
2962	0.002107481559536354
3237	0.020021074815595362
1346	0.002107481559536354
581	0.001053740779768177
123	0.005268703898840885
314	0.002107481559536354
1184	0.001053740779768177
3060	0.005268703898840885
392	0.008429926238145416
2029	0.002107481559536354
3238	0.012644889357218123
1197	0.001053740779768177
1281	0.001053740779768177
1479	0.001053740779768177
1907	0.001053740779768177
1640	0.001053740779768177
2684	0.001053740779768177
291	0.002107481559536354
1043	0.001053740779768177
2416	0.002107481559536354
439	0.002107481559536354
2291	0.001053740779768177
1739	0.001053740779768177
3239	0.005268703898840885
1537	0.001053740779768177
2212	0.001053740779768177
1266	0.001053740779768177
302	0.002107481559536354
1745	0.001053740779768177
3240	0.02845100105374078
1809	0.001053740779768177
1708	0.001053740779768177
1694	0.002107481559536354
2660	0.001053740779768177
405	0.001053740779768177
950	0.002107481559536354
1550	0.001053740779768177
793	0.001053740779768177
2982	0.002107481559536354
1941	0.001053740779768177
1324	0.001053740779768177
968	0.002107481559536354
379	0.001053740779768177
294	0.002107481559536354
3034	0.001053740779768177
161	0.002107481559536354
2947	0.001053740779768177
1060	0.0031612223393045306
565	0.002107481559536354
1320	0.001053740779768177
3241	0.031612223393045306
594	0.001053740779768177
3177	0.001053740779768177
2333	0.001053740779768177
1228	0.001053740779768177
2649	0.001053740779768177
2537	0.001053740779768177
2685	0.001053740779768177
1416	0.001053740779768177
102	0.001053740779768177
486	0.001053740779768177
2971	0.001053740779768177
2317	0.001053740779768177
2576	0.001053740779768177
1195	0.001053740779768177
1431	0.001053740779768177
2400	0.001053740779768177
499	0.002107481559536354
1967	0.001053740779768177
438	0.001053740779768177
1871	0.001053740779768177
845	0.001053740779768177
1536	0.002107481559536354
177	0.001053740779768177
556	0.001053740779768177
3196	0.001053740779768177
3097	0.001053740779768177
695	0.001053740779768177
3242	0.038988408851422546
3243	0.014752370916754477
1563	0.0031612223393045306
1629	0.001053740779768177
62	0.001053740779768177
2244	0.001053740779768177
1483	0.002107481559536354
1488	0.002107481559536354
1058	0.001053740779768177
752	0.001053740779768177
1259	0.002107481559536354
1322	0.001053740779768177
244	0.002107481559536354
168	0.001053740779768177
1310	0.001053740779768177
1270	0.002107481559536354
323	0.001053740779768177
1419	0.001053740779768177
409	0.0031612223393045306
1180	0.001053740779768177
788	0.001053740779768177
1151	0.001053740779768177
1208	0.001053740779768177
2143	0.001053740779768177
3082	0.001053740779768177
2482	0.001053740779768177
1676	0.002107481559536354
1407	0.0031612223393045306
1530	0.001053740779768177
1527	0.001053740779768177
410	0.001053740779768177
216	0.001053740779768177
1597	0.001053740779768177
1520	0.002107481559536354
2433	0.001053740779768177
1040	0.001053740779768177
570	0.001053740779768177
1020	0.001053740779768177
2933	0.002107481559536354
532	0.001053740779768177
2486	0.001053740779768177
564	0.002107481559536354
3244	0.014752370916754477
2094	0.001053740779768177
1867	0.002107481559536354
562	0.002107481559536354
923	0.001053740779768177
724	0.004214963119072708
893	0.001053740779768177
2221	0.001053740779768177
2932	0.0031612223393045306
3245	0.008429926238145416
3246	0.0073761854583772385
2013	0.001053740779768177
740	0.001053740779768177
3012	0.001053740779768177
415	0.001053740779768177
537	0.001053740779768177
2814	0.001053740779768177
531	0.001053740779768177
118	0.001053740779768177
3247	0.01791359325605901
316	0.0031612223393045306
1039	0.001053740779768177
1023	0.005268703898840885
286	0.001053740779768177
2590	0.001053740779768177
444	0.0031612223393045306
1617	0.002107481559536354
1395	0.002107481559536354
606	0.001053740779768177
1107	0.001053740779768177
344	0.002107481559536354
285	0.005268703898840885
3248	0.0273972602739726
1424	0.001053740779768177
2031	0.002107481559536354
566	0.004214963119072708
590	0.0031612223393045306
2205	0.001053740779768177
2428	0.001053740779768177
1783	0.001053740779768177
1031	0.002107481559536354
2072	0.001053740779768177
330	0.002107481559536354
732	0.001053740779768177
2910	0.001053740779768177
150	0.001053740779768177
3249	0.006322444678609061
368	0.001053740779768177
1467	0.001053740779768177
1258	0.001053740779768177
1500	0.001053740779768177
485	0.001053740779768177
3250	0.020021074815595362
47	0.001053740779768177
582	0.002107481559536354
324	0.001053740779768177
270	0.002107481559536354
490	0.001053740779768177
2633	0.001053740779768177
1631	0.001053740779768177
1302	0.002107481559536354
1797	0.001053740779768177
3251	0.03371970495258166
3252	0.04214963119072708
2812	0.001053740779768177
111	0.0031612223393045306
3180	0.001053740779768177
388	0.005268703898840885
2521	0.0031612223393045306
3202	0.002107481559536354
822	0.004214963119072708
61	0.004214963119072708
548	0.005268703898840885
1830	0.001053740779768177
1853	0.001053740779768177
1834	0.001053740779768177
1377	0.001053740779768177
1148	0.002107481559536354
946	0.001053740779768177
1426	0.001053740779768177
2977	0.002107481559536354
629	0.0031612223393045306
603	0.001053740779768177
585	0.002107481559536354
1532	0.001053740779768177
1573	0.001053740779768177
2057	0.002107481559536354
226	0.001053740779768177
2959	0.001053740779768177
85	0.002107481559536354
325	0.001053740779768177
730	0.0031612223393045306
426	0.0031612223393045306
650	0.001053740779768177
3027	0.001053740779768177
1748	0.001053740779768177
113	0.004214963119072708
217	0.002107481559536354
232	0.0031612223393045306
43	0.0031612223393045306
5	0.002107481559536354
1684	0.0031612223393045306
134	0.009483667017913592
810	0.001053740779768177
2945	0.001053740779768177
299	0.0031612223393045306
3117	0.0031612223393045306
98	0.004214963119072708
519	0.005268703898840885
2465	0.001053740779768177
753	0.001053740779768177
958	0.001053740779768177
284	0.002107481559536354
119	0.005268703898840885
258	0.001053740779768177
460	0.001053740779768177
1124	0.002107481559536354
636	0.002107481559536354
1063	0.001053740779768177
3253	0.008429926238145416
3254	0.04952581664910432
140	0.001053740779768177
1599	0.002107481559536354
2015	0.001053740779768177
2609	0.001053740779768177
1553	0.002107481559536354
1319	0.001053740779768177
935	0.001053740779768177
758	0.001053740779768177
2794	0.001053740779768177
2993	0.001053740779768177
1855	0.001053740779768177
511	0.001053740779768177
1188	0.001053740779768177
3088	0.001053740779768177
351	0.001053740779768177
296	0.001053740779768177
900	0.001053740779768177
1499	0.001053740779768177
1910	0.004214963119072708
2172	0.001053740779768177
55	0.002107481559536354
1250	0.002107481559536354
669	0.001053740779768177
539	0.001053740779768177
948	0.001053740779768177
2918	0.002107481559536354
2222	0.001053740779768177
965	0.002107481559536354
1449	0.001053740779768177
347	0.002107481559536354
1753	0.002107481559536354
3058	0.002107481559536354
2995	0.001053740779768177
1799	0.001053740779768177
489	0.001053740779768177
905	0.002107481559536354
2960	0.001053740779768177
3255	0.020021074815595362
3256	0.015806111696522653
2578	0.001053740779768177
1238	0.001053740779768177
2012	0.001053740779768177
809	0.001053740779768177
1947	0.001053740779768177
2530	0.001053740779768177
1991	0.001053740779768177
1950	0.001053740779768177
2059	0.001053740779768177
1615	0.001053740779768177
1776	0.001053740779768177
800	0.001053740779768177
1280	0.001053740779768177
964	0.001053740779768177
2335	0.001053740779768177
2140	0.001053740779768177
3075	0.001053740779768177
1549	0.001053740779768177
1524	0.001053740779768177
322	0.0073761854583772385
3055	0.001053740779768177
3257	0.014752370916754477
3258	0.0136986301369863
1919	0.0031612223393045306
406	0.002107481559536354
1662	0.002107481559536354
3036	0.0031612223393045306
450	0.002107481559536354
618	0.002107481559536354
1394	0.001053740779768177
976	0.002107481559536354
2028	0.002107481559536354
3152	0.001053740779768177
3259	0.020021074815595362
275	0.002107481559536354
447	0.001053740779768177
2016	0.001053740779768177
2180	0.002107481559536354
46	0.002107481559536354
1103	0.001053740779768177
3260	0.012644889357218123
3261	0.015806111696522653
2019	0.001053740779768177
365	0.001053740779768177
2735	0.001053740779768177
595	0.001053740779768177
1251	0.002107481559536354
661	0.002107481559536354
605	0.002107481559536354
317	0.001053740779768177
109	0.001053740779768177
781	0.001053740779768177
1695	0.001053740779768177
3013	0.001053740779768177
3262	0.0031612223393045306
1724	0.001053740779768177
1380	0.001053740779768177
3263	0.026343519494204423
20	0.001053740779768177
792	0.002107481559536354
889	0.002107481559536354
708	0.002107481559536354
95	0.001053740779768177
1157	0.002107481559536354
1084	0.001053740779768177
1637	0.001053740779768177
434	0.004214963119072708
886	0.001053740779768177
1216	0.001053740779768177
3125	0.001053740779768177
91	0.002107481559536354
1015	0.002107481559536354
185	0.001053740779768177
3264	0.0136986301369863
1170	0.001053740779768177
910	0.001053740779768177
731	0.0031612223393045306
1732	0.002107481559536354
1547	0.001053740779768177
3126	0.001053740779768177
3265	0.0273972602739726
33	0.002107481559536354
403	0.002107481559536354
658	0.001053740779768177
1114	0.001053740779768177
3048	0.0031612223393045306
651	0.002107481559536354
3121	0.001053740779768177
690	0.001053740779768177
229	0.001053740779768177
849	0.001053740779768177
3266	0.0136986301369863
737	0.001053740779768177
466	0.001053740779768177
342	0.001053740779768177
295	0.001053740779768177
1889	0.001053740779768177
3267	0.002107481559536354
1539	0.001053740779768177
3268	0.0136986301369863
1388	0.001053740779768177
535	0.002107481559536354
2557	0.001053740779768177
1533	0.001053740779768177
2292	0.001053740779768177
2442	0.001053740779768177
2138	0.001053740779768177
3269	0.046364594309799785
3270	0.009483667017913592
182	0.001053740779768177
6	0.002107481559536354
2938	0.001053740779768177
797	0.002107481559536354
157	0.002107481559536354
1948	0.002107481559536354
691	0.004214963119072708
481	0.001053740779768177
2679	0.002107481559536354
23	0.0031612223393045306
1844	0.002107481559536354
617	0.001053740779768177
717	0.001053740779768177
502	0.002107481559536354
327	0.001053740779768177
81	0.001053740779768177
45	0.001053740779768177
1235	0.0031612223393045306
3271	0.02845100105374078
2076	0.001053740779768177
2489	0.001053740779768177
1255	0.0031612223393045306
1149	0.001053740779768177
576	0.002107481559536354
1474	0.001053740779768177
1033	0.001053740779768177
42	0.002107481559536354
1269	0.002107481559536354
290	0.0031612223393045306
249	0.002107481559536354
471	0.001053740779768177
3272	0.01053740779768177
3173	0.001053740779768177
637	0.001053740779768177
159	0.002107481559536354
3273	0.029504741833508954
936	0.001053740779768177
494	0.001053740779768177
215	0.001053740779768177
3274	0.0031612223393045306
2773	0.001053740779768177
3275	0.0136986301369863
3109	0.002107481559536354
876	0.002107481559536354
2926	0.001053740779768177
0	0.001053740779768177
3276	0.015806111696522653
1100	0.001053740779768177
557	0.001053740779768177
2214	0.001053740779768177
292	0.002107481559536354
349	0.002107481559536354
2572	0.001053740779768177
373	0.001053740779768177
126	0.002107481559536354
2157	0.001053740779768177
3277	0.0031612223393045306
504	0.001053740779768177
3278	0.015806111696522653
400	0.002107481559536354
1005	0.001053740779768177
27	0.004214963119072708
1736	0.001053740779768177
30	0.002107481559536354
2285	0.001053740779768177
3279	0.02845100105374078
3280	0.02107481559536354
2095	0.001053740779768177
2092	0.001053740779768177
3169	0.001053740779768177
2401	0.001053740779768177
385	0.001053740779768177
1925	0.001053740779768177
3107	0.001053740779768177
120	0.001053740779768177
1045	0.002107481559536354
794	0.001053740779768177
1861	0.001053740779768177
536	0.002107481559536354
996	0.001053740779768177
3070	0.001053740779768177
2751	0.002107481559536354
1649	0.001053740779768177
2147	0.001053740779768177
1700	0.001053740779768177
1590	0.001053740779768177
2111	0.001053740779768177
1312	0.001053740779768177
1315	0.001053740779768177
1469	0.001053740779768177
1903	0.001053740779768177
2001	0.001053740779768177
3281	0.015806111696522653
831	0.001053740779768177
1888	0.001053740779768177
862	0.001053740779768177
1336	0.001053740779768177
1225	0.001053740779768177
615	0.001053740779768177
1021	0.001053740779768177
117	0.001053740779768177
3282	0.012644889357218123
759	0.002107481559536354
952	0.001053740779768177
2922	0.001053740779768177
3283	0.009483667017913592
2253	0.001053740779768177
1317	0.001053740779768177
132	0.001053740779768177
154	0.001053740779768177
1037	0.001053740779768177
71	0.001053740779768177
3284	0.07481559536354056
166	0.001053740779768177
1335	0.001053740779768177
728	0.001053740779768177
2584	0.001053740779768177
1498	0.001053740779768177
2284	0.001053740779768177
3197	0.001053740779768177
875	0.001053740779768177
977	0.001053740779768177
819	0.001053740779768177
2279	0.001053740779768177
1387	0.001053740779768177
1363	0.001053740779768177
894	0.001053740779768177
830	0.001053740779768177
74	0.002107481559536354
1634	0.001053740779768177
1256	0.001053740779768177
37	0.001053740779768177
332	0.001053740779768177
503	0.001053740779768177
436	0.001053740779768177
667	0.001053740779768177
1953	0.001053740779768177
1357	0.001053740779768177
903	0.001053740779768177
613	0.001053740779768177
2550	0.001053740779768177
2677	0.001053740779768177
2986	0.001053740779768177
1090	0.001053740779768177
1252	0.001053740779768177
176	0.001053740779768177
2384	0.001053740779768177
1915	0.001053740779768177
1150	0.001053740779768177
2282	0.001053740779768177
1	0.001053740779768177
2339	0.001053740779768177
1528	0.001053740779768177
96	0.001053740779768177
1220	0.002107481559536354
852	0.001053740779768177
1944	0.001053740779768177
1154	0.002107481559536354
1841	0.001053740779768177
1307	0.001053740779768177
1217	0.001053740779768177
1954	0.001053740779768177
1128	0.001053740779768177
1231	0.001053740779768177
2515	0.001053740779768177
2186	0.001053740779768177
2162	0.001053740779768177
167	0.001053740779768177
3285	0.029504741833508954
3286	0.04214963119072708
1236	0.001053740779768177
107	0.001053740779768177
628	0.001053740779768177
2989	0.001053740779768177
171	0.001053740779768177
1214	0.001053740779768177
2964	0.001053740779768177
65	0.001053740779768177
1423	0.001053740779768177
3134	0.001053740779768177
1619	0.001053740779768177
1972	0.001053740779768177
211	0.002107481559536354
1054	0.001053740779768177
1484	0.001053740779768177
677	0.001053740779768177
951	0.001053740779768177
190	0.002107481559536354
722	0.001053740779768177
2969	0.001053740779768177
550	0.001053740779768177
824	0.001053740779768177
2952	0.001053740779768177
1735	0.001053740779768177
1551	0.001053740779768177
820	0.001053740779768177
92	0.001053740779768177
1510	0.002107481559536354
1613	0.002107481559536354
339	0.001053740779768177
2217	0.001053740779768177
525	0.001053740779768177
1985	0.001053740779768177
3064	0.001053740779768177
3287	0.008429926238145416
2657	0.001053740779768177
1743	0.001053740779768177
3288	0.0031612223393045306
3289	0.004214963119072708
736	0.001053740779768177
2642	0.001053740779768177
3290	0.002107481559536354
3291	0.029504741833508954
2678	0.001053740779768177
2290	0.001053740779768177
1447	0.002107481559536354
2996	0.001053740779768177
3292	0.026343519494204423
90	0.001053740779768177
563	0.001053740779768177
515	0.001053740779768177
1002	0.001053740779768177
1673	0.001053740779768177
998	0.001053740779768177
175	0.001053740779768177
1247	0.001053740779768177
3293	0.02107481559536354
3022	0.001053740779768177
684	0.001053740779768177
1159	0.001053740779768177
644	0.001053740779768177
2404	0.001053740779768177
3294	0.0273972602739726
2656	0.001053740779768177
1496	0.001053740779768177
933	0.001053740779768177
329	0.001053740779768177
3162	0.001053740779768177
1525	0.001053740779768177
1963	0.001053740779768177
1296	0.001053740779768177
2992	0.001053740779768177
1127	0.001053740779768177
3167	0.001053740779768177
1265	0.001053740779768177
1242	0.001053740779768177
2148	0.001053740779768177
534	0.001053740779768177
3295	0.0368809272918862
309	0.001053740779768177
1586	0.001053740779768177
1900	0.001053740779768177
2762	0.001053740779768177
818	0.002107481559536354
1366	0.001053740779768177
3296	0.0136986301369863
389	0.001053740779768177
1016	0.001053740779768177
3297	0.001053740779768177
3298	0.02107481559536354
1098	0.001053740779768177
1740	0.001053740779768177
2311	0.001053740779768177
3299	0.040042149631190724
3300	0.046364594309799785
1964	0.001053740779768177
1670	0.002107481559536354
3098	0.001053740779768177
3020	0.001053740779768177
479	0.001053740779768177
514	0.001053740779768177
3040	0.001053740779768177
705	0.001053740779768177
1933	0.001053740779768177
3044	0.001053740779768177
1969	0.001053740779768177
2129	0.001053740779768177
3102	0.002107481559536354
857	0.002107481559536354
1718	0.002107481559536354
2408	0.001053740779768177
687	0.002107481559536354
704	0.001053740779768177
1458	0.001053740779768177
1355	0.001053740779768177
1704	0.001053740779768177
506	0.001053740779768177
277	0.001053740779768177
3301	0.01053740779768177
3035	0.001053740779768177
1764	0.001053740779768177
3302	0.01685985247629083
348	0.001053740779768177
2369	0.001053740779768177
1014	0.001053740779768177
2980	0.001053740779768177
1846	0.001053740779768177
1093	0.001053740779768177
3303	0.015806111696522653
869	0.001053740779768177
199	0.001053740779768177
2953	0.001053740779768177
3304	0.01791359325605901
446	0.001053740779768177
3305	0.0073761854583772385
3306	0.0136986301369863
3005	0.001053740779768177
583	0.001053740779768177
686	0.002107481559536354
1502	0.001053740779768177
2994	0.001053740779768177
1260	0.001053740779768177
1299	0.001053740779768177
1069	0.001053740779768177
28	0.001053740779768177
3307	0.001053740779768177
3308	0.0073761854583772385
2585	0.001053740779768177
2718	0.001053740779768177
321	0.001053740779768177
3309	0.012644889357218123
301	0.001053740779768177
2020	0.001053740779768177
2216	0.001053740779768177
1089	0.001053740779768177
1050	0.001053740779768177
552	0.001053740779768177
3310	0.009483667017913592
3311	0.01053740779768177
1491	0.001053740779768177
1055	0.001053740779768177
624	0.001053740779768177
