749	278	3211
3211	362	4
3211	354	1522
3211	214	796
3211	354	1333
3211	290	1379
1379	278	3211
3211	290	749
3211	214	1379
3212	164	224
3212	38	99
3212	186	394
3103	80	3212
94	190	3212
3212	142	1011
3212	142	2153
402	60	3212
3212	164	1859
3212	334	189
3212	102	189
646	222	3212
3212	314	189
3213	40	1222
3213	18	983
3213	18	1660
3213	52	2108
3213	18	34
3213	46	21
108	16	3213
155	100	3213
3213	18	19
3213	96	9
2108	30	3213
53	26	3214
3214	50	63
2807	54	3214
335	54	3214
3214	78	1123
3214	78	2807
1697	0	3214
3214	78	335
891	54	3214
678	0	3214
2261	0	3214
3163	0	3214
713	0	3214
1457	228	3214
1485	0	3214
3215	454	3216
3215	50	63
3216	232	1030
3216	232	1604
3215	456	184
3215	456	2455
3215	434	2182
3215	434	2455
3216	232	1688
3215	456	2182
3215	98	2182
3216	232	448
3215	362	1386
3215	378	1850
3217	74	357
17	126	3217
2558	28	3217
3217	70	106
3217	68	191
3217	74	196
16	54	3217
3217	14	17
3217	34	40
3217	24	94
255	140	3217
3218	12	3219
3218	28	2981
3219	20	112
3219	70	106
3218	28	3219
138	54	3219
2966	12	3218
2981	28	3218
1692	166	3218
3218	78	138
3218	70	106
3219	12	2966
3219	78	138
3219	34	101
3218	144	187
3218	24	25
3218	28	2966
3219	12	3218
3219	24	94
173	16	3220
1153	16	3220
3220	130	231
569	100	3220
3220	52	69
3220	40	366
3220	48	21
3220	40	48
3155	14	3220
3220	18	791
3220	96	9
3220	18	19
3220	48	559
3220	260	3155
3220	126	3155
3221	152	3222
872	152	3221
1176	154	3221
377	152	3222
3222	212	510
3222	152	1091
3221	154	252
278	152	3221
2067	152	3222
3221	152	496
509	154	3222
3221	152	268
3072	154	3221
3222	152	1206
509	152	3222
3188	152	3222
268	152	3221
3221	212	1446
3222	152	3188
542	152	3222
872	152	3222
3222	152	3221
1206	152	3222
3222	152	542
3222	154	252
3222	152	279
3221	152	701
3221	152	858
274	154	3221
272	152	3221
587	152	3221
3222	152	701
3221	154	928
169	152	3221
3221	152	929
3222	152	496
3222	152	377
3222	152	169
3221	152	169
947	152	3221
3222	154	3221
985	154	3221
3221	154	2970
38	152	3222
1264	154	3222
3157	152	3221
3221	92	1169
701	152	3222
858	152	3222
3221	154	3222
928	154	3221
3222	152	509
252	152	3221
3222	154	151
3221	152	272
3221	152	1126
3222	154	3157
3221	152	872
928	154	3222
3221	152	278
510	152	3222
2347	152	3222
3221	154	3157
3223	144	3224
3224	118	189
3224	18	179
3223	24	94
3223	78	138
3223	12	2966
908	14	3224
3223	12	3219
1347	100	3224
601	30	3224
3224	96	9
3224	304	1163
3224	48	201
1698	144	3224
3223	34	40
1399	16	3224
3224	132	1347
3218	12	3223
3224	46	112
3224	18	34
3223	28	3218
3224	18	67
1125	144	3224
3223	12	3218
3218	28	3223
3223	144	1003
2966	12	3223
3223	20	112
3224	18	146
2973	126	3225
3225	78	1343
3225	70	657
3225	78	391
774	42	3225
391	54	3225
2973	322	3225
2973	138	3225
3190	126	3225
3225	168	3190
3190	272	3225
2601	26	3225
3225	24	94
1581	26	3225
2972	54	3225
3226	272	756
3226	132	569
3226	446	2025
3226	18	34
282	16	3226
3226	126	1641
2	16	3226
3226	126	2229
1153	16	3226
386	16	3226
3226	52	69
3156	16	3226
79	16	3226
3226	118	189
3226	62	79
3226	62	2
3226	224	1641
2229	144	3226
3227	456	3228
3227	434	184
3228	278	3227
3138	278	3227
2800	342	3227
3228	278	3137
3227	434	3138
3229	132	236
3229	52	69
3229	138	105
3229	118	189
3229	132	1433
1359	100	3229
3229	132	2243
3229	322	105
3229	18	146
3229	48	21
3230	28	3231
3231	28	1413
3231	28	3230
3231	78	2830
3230	34	40
3230	42	2238
3231	70	88
3230	74	338
2238	42	3230
3230	78	904
3231	78	1820
3231	70	106
3231	70	657
269	140	3230
1878	54	3231
3230	298	189
3232	144	3233
3232	70	657
3232	78	999
3233	48	21
3232	28	2961
3232	94	2260
1773	126	3232
3232	144	3032
1433	100	3233
3233	304	1788
3232	78	1584
2310	166	3232
3233	18	34
3232	28	467
3232	20	21
207	112	3233
3233	96	9
3232	78	1878
3232	28	3175
3233	52	882
3233	18	1734
3233	18	1445
3232	70	1201
307	144	3233
3232	74	75
3232	28	318
3232	70	88
3232	34	40
334	28	3232
467	28	3232
3232	144	1564
307	14	3233
3233	126	1996
3232	28	353
3176	28	3232
3233	52	69
3233	446	2025
3233	396	1996
904	54	3232
371	140	3232
3233	18	601
1878	54	3232
1237	16	3233
3232	28	24
1567	16	3233
3232	74	2260
3232	28	334
3232	14	1564
3234	48	384
3234	40	1222
3234	40	48
3234	118	189
3194	16	3234
3234	132	1359
3234	52	69
3234	52	1139
3234	50	63
3234	96	9
283	16	3234
1359	100	3234
3234	48	21
3235	28	2965
3235	20	540
1978	28	3235
3235	28	990
1204	140	3235
2965	12	3235
989	12	3235
3182	12	3235
3235	70	106
3235	70	649
3235	50	63
3235	28	762
3235	28	2466
989	28	3235
3235	28	3183
3235	12	2966
3183	28	3235
762	28	3235
2965	28	3235
3235	12	2466
3235	68	1519
2966	28	3235
1868	26	3235
3235	24	94
3235	70	657
3183	12	3235
3235	34	40
3236	34	101
3236	148	882
3236	24	25
3236	68	1519
3236	24	94
3236	50	63
3236	148	716
3236	70	649
3236	70	657
3236	70	106
2962	16	3237
1346	100	3237
3237	52	69
581	14	3237
3237	62	79
3237	18	34
1359	100	3237
3237	132	569
123	16	3237
79	16	3237
3237	48	21
3237	62	2962
3237	118	189
3237	46	21
3237	62	1153
581	144	3237
314	100	3237
1184	14	3237
3237	18	3060
392	16	3237
3237	126	1184
282	16	3237
3237	138	1184
3237	126	581
1153	16	3237
1237	16	3237
3237	18	2029
3238	0	1197
3238	0	1281
3238	0	1479
3238	0	1907
3238	0	1640
2684	134	3238
3238	0	291
3238	0	1043
3238	0	2416
3238	0	439
3238	0	2291
3238	0	1739
3239	0	1537
3239	0	2212
3239	0	1266
3239	0	302
3239	0	1745
3240	144	1809
3240	20	21
3240	78	1708
3240	28	1694
2660	26	3240
3240	144	405
3240	14	405
3240	78	950
2961	28	3240
1550	54	3240
793	28	3240
3240	28	2982
1941	126	3240
1941	244	3240
1324	26	3240
3240	78	968
2982	28	3240
379	54	3240
3240	28	2961
3240	34	101
3240	14	1941
3232	28	3240
3240	24	94
3240	78	2
3240	78	294
3240	28	3034
3240	74	161
2947	28	3240
1060	28	3240
3240	144	1564
565	28	3240
3240	14	1564
3240	12	1060
1320	2	3241
594	2	3241
3177	2	3241
2333	2	3241
3241	26	1228
2649	2	3241
2537	2	3241
1123	2	3241
2685	2	3241
1416	2	3241
102	2	3241
486	2	3241
3241	26	302
2971	2	3241
3241	26	2317
2576	2	3241
1195	2	3241
1431	2	3241
2400	2	3241
3241	26	499
1967	2	3241
438	2	3241
1871	2	3241
3241	294	845
1536	2	3241
177	2	3241
556	2	3241
3196	2	3241
3097	2	3241
3241	26	695
3242	0	3243
3242	0	1563
3242	0	1629
3242	0	62
3242	0	2244
3242	0	1483
3242	0	1488
3242	0	1058
3242	0	752
1259	0	3243
3243	50	63
3242	0	1322
3243	32	278
244	0	3243
3242	0	168
3242	0	1310
3243	70	1270
3242	0	3214
3243	70	106
3242	0	323
3242	0	1419
3242	134	409
3243	28	1180
3242	0	788
3242	0	1151
3243	32	274
3242	0	1208
3242	0	2143
3243	32	510
3242	0	3082
3243	70	88
3242	0	2482
3242	0	1676
3243	32	872
3242	0	1407
244	134	3242
3242	0	1530
3242	0	1527
3242	0	410
3242	0	216
3242	0	1597
3242	0	1520
3243	32	38
3242	0	2433
3242	0	1040
3242	0	570
3243	28	1020
3242	0	2933
3242	0	532
2486	134	3242
564	166	3244
2094	12	3244
3244	78	1867
3244	78	562
16	54	3244
3244	12	2094
3244	20	21
3244	78	16
3244	34	40
3244	94	75
3244	14	923
3244	14	724
893	26	3244
2221	244	3244
3244	14	2221
3244	70	657
3244	28	2932
3245	70	3246
3245	24	94
3245	20	112
3245	78	562
2982	70	3246
2013	70	3246
3245	144	740
3012	70	3246
415	70	3246
3245	34	40
3245	70	106
537	70	3246
2814	250	3245
531	70	3246
118	60	3247
21	60	3247
3247	410	189
316	170	3247
3247	6	1039
1023	236	3247
3247	6	286
3247	150	189
3247	364	2590
444	170	3247
3247	6	1617
3247	218	3247
3247	364	1395
606	170	3247
3247	72	1107
344	170	3247
285	170	3247
3248	8	1424
3248	62	2031
566	16	3248
3248	22	112
590	14	3248
391	16	3248
2205	268	3248
2031	16	3248
3248	96	9
2428	168	3248
1783	16	3248
108	16	3248
34	30	3248
3248	126	2428
1031	16	3248
3194	16	3248
392	16	3248
3248	138	2428
1237	16	3248
3248	132	2072
3248	40	48
2428	14	3248
3248	46	21
3248	62	3156
330	16	3248
732	268	3248
3248	40	1222
3248	132	2910
123	16	3248
3248	62	150
3248	62	1783
3249	346	368
3249	266	1333
1467	60	3249
3249	420	368
3249	6	1258
3249	6	1500
3249	204	485
3250	78	282
3250	14	47
582	54	3250
3250	14	324
3250	24	25
3250	70	88
1867	54	3250
3250	28	270
3250	78	490
3250	12	270
324	348	3250
3250	74	357
2633	166	3250
3250	78	566
3250	50	63
3250	78	582
1631	28	3250
1302	26	3250
3250	20	21
3250	144	47
3250	78	3156
3250	28	1631
1797	42	3250
3156	54	3250
3250	42	1797
3250	78	16
3251	46	3252
3251	132	2812
111	80	3252
3180	46	3252
3251	46	388
3251	46	2521
3202	46	3252
3251	46	822
3251	46	61
3252	122	191
3251	46	548
1830	46	3252
3252	186	394
1853	46	3252
3251	46	21
3251	46	384
3252	258	1834
3252	258	1377
3251	40	1148
3252	122	946
1426	46	3252
3251	46	2977
3252	164	224
3251	46	629
603	46	3252
585	286	3252
1532	144	3251
1573	86	3252
3251	52	69
3251	40	366
3103	80	3252
3252	122	2057
3251	48	822
226	46	3252
2959	46	3252
85	144	3251
3252	314	189
3252	106	189
3251	46	325
3251	46	730
3251	46	426
650	80	3252
3027	46	3252
1748	46	3252
3251	46	113
3252	116	217
3251	40	232
3251	46	43
5	66	3252
3251	46	1684
134	88	3252
810	46	3252
3251	18	3060
3251	48	61
3252	334	189
3251	46	134
2945	46	3252
3251	18	299
3117	80	3252
3251	46	559
3252	76	99
3251	46	98
3251	46	519
3252	122	2465
3251	46	201
753	46	3252
1023	222	3252
958	46	3252
284	46	3252
3251	46	119
258	46	3252
3251	46	460
1124	46	3252
636	66	3252
1063	46	3252
3253	78	3254
140	78	3254
3155	78	3254
1599	78	3254
2015	78	3254
3254	16	2973
3254	16	2609
1553	78	3254
3254	16	1319
3254	16	935
758	78	3254
2794	78	3254
2993	78	3254
1855	78	3254
3254	54	511
3254	54	467
1060	78	3254
1188	78	3254
3088	78	3254
351	78	3254
3254	16	3234
3232	78	3254
3254	16	296
900	78	3254
1499	166	3253
1910	78	3254
3254	16	2172
3254	54	1599
55	78	3254
3253	28	1250
3253	34	40
3254	54	270
669	78	3254
3230	78	3254
539	78	3254
948	78	3254
2918	78	3254
2222	28	3253
3253	28	965
3253	74	1449
347	78	3254
270	78	3254
1753	78	3254
3254	16	3058
3254	16	2995
3254	16	1799
467	78	3254
3253	20	21
1250	78	3254
3234	62	3254
489	78	3254
3254	54	965
511	78	3254
905	78	3254
2960	78	3254
908	78	3254
3255	140	3256
3255	140	2578
3255	140	1910
3255	140	1238
3255	140	2012
3255	140	1599
809	28	3256
3256	12	809
3255	140	1483
3255	140	1947
3255	140	2530
3256	14	1991
3255	140	1950
2059	28	3256
3256	78	386
3255	140	1615
3256	12	3176
1776	26	3256
3255	140	1553
3255	394	21
3255	140	800
3256	34	101
1280	26	3256
3255	140	964
3255	140	2335
3255	140	2140
950	54	3256
3256	12	1910
3075	28	3256
3256	12	3075
1549	12	3256
3255	140	1524
322	54	3256
3255	140	3055
3257	42	3258
3258	28	1919
3258	12	1919
3257	78	406
1662	28	3258
724	244	3257
3257	28	3036
3036	28	3257
1919	12	3257
1662	12	3257
450	12	3258
3258	70	106
3258	78	406
3257	24	25
3258	12	618
724	244	3258
3257	70	106
3257	28	1662
3257	42	450
724	126	3257
450	28	3258
1394	166	3258
450	12	3257
618	28	3257
976	146	3257
3257	12	618
3257	24	94
3258	24	94
450	28	3257
3258	28	618
3258	28	450
2028	26	3257
3036	28	3258
3258	34	101
2028	26	3258
3258	14	724
3257	68	191
3258	42	3257
618	12	3258
618	12	3257
3152	80	3259
565	74	3259
3259	76	275
3259	164	447
111	80	3259
3259	186	394
585	286	3259
1023	222	3259
3259	102	189
2016	60	3259
5	66	3259
2180	80	3259
3117	80	3259
284	46	3259
69	230	3259
3259	76	46
3259	332	1103
3259	116	217
2016	84	3259
3259	288	21
3260	166	3261
3260	382	189
3260	400	2019
3260	408	189
365	90	3260
444	170	3260
3261	24	94
316	170	3260
409	0	3261
3261	78	2735
595	26	3261
1251	60	3260
3261	70	661
3261	32	252
3260	150	189
3260	6	605
3260	6	317
3261	34	40
2735	54	3261
3260	50	63
3261	78	109
3261	70	781
3260	6	1695
3261	70	1270
3013	54	3261
3260	312	189
1697	0	3261
285	170	3260
3261	94	75
3260	410	189
3262	34	40
3262	74	338
1724	304	3262
3262	94	338
3262	14	1724
1380	100	3263
20	14	3263
3263	48	112
792	168	3263
392	16	3263
889	16	3263
3263	18	34
708	16	3263
3263	96	9
3263	304	20
95	16	3263
108	16	3263
1157	100	3263
3263	126	1084
3263	40	232
1637	14	3263
3263	138	1084
792	14	3263
3263	62	108
3263	358	590
434	16	3263
886	16	3263
1084	14	3263
3263	132	1216
1157	14	3263
1237	16	3263
3125	16	3263
91	268	3263
1015	16	3263
3263	18	601
3263	132	185
79	2	3264
3264	26	1170
2	2	3264
3264	26	910
1399	2	3264
731	2	3264
123	2	3264
1732	2	3264
3264	26	590
3264	26	1547
3264	26	3126
392	2	3264
330	2	3264
134	76	3265
33	76	3265
3265	316	111
403	76	3265
111	4	3265
3265	360	658
388	76	3265
1114	76	3265
3048	76	3265
651	76	3265
21	76	3265
3265	338	3103
3265	338	3121
519	76	3265
548	76	3265
690	4	3265
21	38	3265
229	76	3265
3265	66	112
3265	338	4
849	76	3265
822	38	3265
3265	316	3103
3265	316	4
201	76	3265
119	76	3265
3265	338	2180
3265	316	3117
849	38	3265
98	76	3265
3266	118	189
3266	132	569
1031	16	3266
737	16	3266
3266	52	466
342	14	3266
3266	40	48
295	168	3266
3266	52	1139
3266	304	342
3266	234	1889
3266	18	179
569	100	3266
3266	46	21
3266	40	366
3267	34	40
3267	20	1539
3268	24	94
1388	166	3268
3268	70	535
3268	390	2557
3268	390	1023
3268	70	1533
3268	34	40
3268	330	2292
285	104	3268
3268	350	21
3268	390	2442
2138	166	3268
3269	126	3270
3270	78	2972
3269	46	119
3269	52	69
322	16	3269
3269	96	9
2031	16	3269
3269	46	182
3269	46	426
6	166	3270
3269	324	2938
3194	54	3270
797	126	3270
968	16	3269
3269	46	384
3194	16	3269
3270	70	88
3270	34	40
3269	118	189
3269	62	123
3269	46	651
3270	78	3194
3269	46	157
3269	46	201
3269	322	1948
3269	46	691
3269	46	61
3269	46	481
2679	26	3270
3269	46	548
1948	168	3269
3269	46	23
123	16	3269
3269	46	1684
1948	12	3270
3269	46	629
3269	108	21
3269	46	112
3269	46	1844
3269	46	617
3269	40	48
3269	46	717
3269	138	3270
91	268	3269
34	30	3269
3269	46	134
3269	46	730
2679	268	3269
1948	28	3270
3269	46	502
3269	126	1948
3269	46	388
3269	46	327
3269	46	519
3269	40	1148
3269	46	81
3269	62	3194
3269	46	45
3269	46	43
1235	370	3271
272	92	3271
928	92	3271
3271	78	2076
3271	78	1536
2489	228	3271
1255	370	3271
858	92	3271
1149	228	3271
576	92	3271
377	92	3271
1474	0	3271
409	0	3271
1033	228	3271
42	92	3271
872	92	3271
1269	370	3271
278	92	3271
290	92	3271
249	0	3271
274	92	3271
252	92	3271
471	262	3271
151	92	3271
3271	58	338
496	92	3271
3272	78	392
3272	70	88
3272	20	21
3272	14	3173
6	166	3272
637	250	3272
3272	24	94
3272	94	161
3272	74	159
3272	70	657
3273	46	98
3273	46	21
3273	46	61
3273	46	519
3273	40	48
3273	46	23
3273	52	69
3273	18	34
3273	130	231
3273	40	366
3273	46	1844
3273	18	3060
3273	46	691
3273	46	548
3273	46	388
3273	52	936
3273	46	494
3273	46	426
3273	52	215
3273	52	716
3273	46	134
3273	46	201
3273	52	882
3273	46	2521
3273	52	1139
3273	46	119
3273	46	113
3273	46	3048
3274	70	2773
3274	20	134
3274	34	40
566	16	3275
3275	18	3109
3275	18	876
434	16	3275
3155	144	3275
3275	132	569
3109	30	3275
3275	18	34
3254	16	3275
3275	118	189
3275	96	9
3275	52	69
283	16	3275
3275	62	2926
569	100	3275
3155	14	3275
0	0	3276
1100	54	3276
3276	50	63
557	26	3276
2214	0	3276
249	0	3276
3276	70	292
1485	0	3276
3276	78	1100
349	140	3276
2572	228	3276
373	182	3276
1259	0	3276
3276	24	94
3276	208	126
3276	20	21
2157	74	3277
3277	128	21
3277	284	504
3278	70	400
1005	12	3278
3278	28	27
3278	70	106
3278	144	1736
3278	20	134
3278	12	1005
3278	28	774
3278	78	322
3278	28	30
3278	148	69
3278	12	2285
3278	78	386
3278	24	94
3278	74	2521
3278	28	2285
3278	34	101
3279	74	3280
2095	54	3279
2092	26	3279
3169	94	3280
3279	298	189
3279	78	1015
1153	54	3279
3280	374	2401
3279	78	322
385	90	3280
3279	78	2095
1564	126	3279
3220	126	3279
1925	366	3279
3107	74	3280
2962	54	3279
120	44	3280
3280	320	1045
3279	70	88
3280	128	21
3279	70	106
3279	12	794
794	12	3279
1564	304	3279
3279	34	40
392	54	3279
1861	94	3280
3279	24	25
536	222	3280
3280	326	21
21	60	3280
996	74	3280
21	356	3280
3279	70	657
3070	60	3280
3280	284	126
2751	222	3280
1649	26	3279
1564	138	3279
2147	200	3280
3279	24	94
3279	208	1700
792	28	3279
1590	74	3280
3169	74	3280
3279	20	21
2111	54	3279
3279	78	1312
3279	70	535
3279	168	1564
3279	28	794
1315	74	3280
1469	330	3280
1903	140	3279
2001	74	3280
3280	418	189
3281	74	831
3281	34	40
3281	136	1888
3281	148	69
3281	330	357
3281	70	862
3281	70	1201
1336	54	3281
3281	24	25
1225	166	3281
3281	68	191
3281	20	21
3281	74	615
3281	74	1021
3281	70	117
179	30	3282
3282	18	759
3282	48	822
3282	132	952
3282	18	1660
3282	48	33
34	30	3282
3282	40	366
3282	18	1445
3282	96	9
2922	144	3282
3282	40	48
3283	144	2253
3283	20	1317
3283	70	132
285	104	3283
3283	24	94
3283	180	154
3283	70	106
3283	144	1037
3283	34	40
71	70	3284
166	70	3284
2933	70	3284
1335	70	3284
728	70	3284
2584	70	3284
1498	70	3284
1563	70	3284
2284	70	3284
3197	70	3284
875	70	3284
977	70	3284
819	70	3284
2279	70	3284
1387	70	3284
1676	70	3284
1363	70	3284
439	70	3284
894	70	3284
830	70	3284
74	70	3284
1634	70	3284
1520	70	3284
1256	70	3284
37	70	3284
332	70	3284
503	70	3284
436	70	3284
667	70	3284
499	70	3284
1953	70	3284
1407	70	3284
1357	70	3284
903	70	3284
613	70	3284
2550	70	3284
2677	70	3284
2986	70	3284
1235	70	3284
1090	70	3284
1252	70	3284
176	70	3284
1269	70	3284
1255	70	3284
2384	70	3284
1915	70	3284
1150	70	3284
2282	70	3284
1	70	3284
2339	70	3284
291	70	3284
1528	70	3284
96	70	3284
2416	70	3284
1220	70	3284
852	70	3284
1944	70	3284
1154	70	3284
1841	70	3284
1307	70	3284
1217	70	3284
1954	70	3284
1128	70	3284
1231	70	3284
1488	70	3284
2515	70	3284
1753	70	3284
2186	70	3284
2162	70	3284
167	70	3284
3285	62	3286
1694	14	3285
392	16	3285
3286	2	1302
3286	16	1236
107	62	3286
79	16	3285
628	78	3286
3285	18	34
294	16	3285
3286	54	3256
3286	16	2989
3286	16	171
3286	54	1214
3286	16	3285
3286	16	797
3286	16	2964
65	78	3286
3286	16	1423
3286	16	3134
1694	144	3285
2972	16	3285
3285	380	1619
3286	16	1972
3285	132	211
34	30	3285
2966	78	3286
3286	54	1054
1619	380	3285
1163	14	3285
1153	16	3285
3285	48	112
1484	62	3286
3286	16	677
951	62	3286
190	78	3286
1619	292	3285
774	78	3286
3285	322	1694
722	78	3286
2969	78	3286
3286	16	550
566	16	3285
3194	16	3285
3286	16	824
708	16	3285
3286	16	2952
3286	54	1978
889	16	3285
434	16	3285
3285	18	2029
3286	16	1735
3256	78	3286
3286	54	1551
322	16	3285
3286	16	820
1214	78	3286
3285	52	716
92	78	3286
211	100	3285
3285	62	123
1510	144	3285
3286	2	1613
3286	54	1510
3286	16	951
3285	126	339
1978	78	3286
3286	16	2217
525	144	3285
112	30	3285
3286	16	1985
601	30	3285
3064	62	3286
3285	118	189
1054	78	3286
391	16	3285
3285	18	876
27	78	3286
339	168	3285
3286	2	1868
2964	62	3286
3286	16	3064
3287	52	69
3287	358	2657
3287	118	189
3287	40	366
3287	358	1743
3287	40	48
3287	50	63
3287	48	134
3288	306	3289
3288	344	21
724	306	3289
736	306	3289
1346	256	3288
2642	306	3289
190	74	3290
3290	50	63
3291	8	9
3291	46	730
3291	46	2977
3291	46	388
3291	46	559
3291	48	61
3291	46	43
3291	48	384
3291	46	1684
3291	48	112
3291	46	113
3291	96	2678
3291	18	299
3291	46	3048
3291	46	691
3291	46	119
3291	46	61
3291	46	548
3291	18	3109
3291	46	98
3291	304	2290
2918	144	3291
3291	46	502
3291	118	189
3291	46	822
3291	18	146
3291	46	21
3291	18	67
3291	46	1447
2996	170	3292
3292	150	189
3292	72	90
563	232	3292
3215	378	3292
3216	232	3292
515	378	3292
1023	236	3292
3292	166	1002
3292	50	63
3292	308	69
344	170	3292
3292	86	21
1673	378	3292
316	170	3292
3292	164	998
3292	6	175
3292	6	1617
3292	6	605
3292	218	3292
3292	364	1395
90	60	3292
285	170	3292
3137	378	3292
3292	6	1247
3292	346	189
3293	78	3254
3293	144	3202
2932	28	3293
3293	12	3022
774	28	3293
3293	94	159
3293	68	191
3293	20	21
3293	70	649
3293	298	189
684	12	3293
3293	24	94
3293	70	657
908	12	3293
3293	74	159
3293	78	999
3293	144	1159
3293	34	40
3293	70	88
3293	254	644
3293	12	2404
3294	442	2656
3294	372	1496
3294	128	21
3294	60	933
329	74	3294
3162	44	3294
1525	74	3294
1963	58	3294
1296	94	3294
3294	340	2992
1127	74	3294
3294	320	1045
976	60	3294
1296	74	3294
976	158	3294
536	222	3294
3167	74	3294
3294	418	189
1265	74	3294
94	190	3294
3294	340	1242
27	74	3294
3294	114	3294
3268	74	3294
2148	74	3294
534	74	3294
2751	222	3294
3294	284	976
3294	60	3162
3295	48	112
3183	144	3295
3235	14	3295
3286	16	3295
3295	18	34
1868	268	3295
3295	126	990
1153	16	3295
3295	18	759
3295	130	309
2965	144	3295
3295	40	366
3295	126	2966
1586	30	3295
990	144	3295
1581	268	3295
3295	118	189
3295	18	1445
392	16	3295
2466	14	3295
762	144	3295
3295	138	989
1900	268	3295
391	16	3295
3295	126	762
3182	14	3295
3295	126	3182
3295	62	3286
3295	132	2762
2966	14	3295
2966	144	3295
3295	126	989
3295	96	9
3295	62	1153
3295	18	179
3295	304	1163
3182	144	3295
3295	62	322
3235	144	3295
3295	18	818
3295	46	21
179	30	3295
731	16	3295
1366	14	3295
322	16	3295
386	16	3295
3295	18	3060
3296	80	157
3296	80	134
3296	80	559
636	316	3296
99	316	3296
46	338	3296
46	316	3296
3296	4	389
275	316	3296
3296	4	1016
3296	80	23
3265	316	3296
3296	80	21
3265	338	3296
389	338	3296
3296	80	1447
691	60	3297
3298	20	21
1060	12	3298
3298	14	1098
3298	68	1740
3298	70	400
3298	28	905
3298	70	292
2932	28	3298
3240	12	3298
2311	166	3298
3298	12	1060
3298	70	106
27	28	3298
3298	78	322
3298	28	1060
349	140	3298
3298	28	2932
1910	28	3298
3298	12	3240
3298	28	30
3298	50	63
3298	78	3156
3298	78	582
3298	78	999
3299	152	3300
858	154	3299
3299	152	1206
3300	154	377
929	152	3300
3299	152	701
1964	32	3299
1670	154	3300
3299	152	928
587	152	3299
151	152	3299
858	152	3299
3299	152	3098
3299	154	3072
3098	152	3299
3299	152	151
3299	152	38
3300	152	279
3300	160	1407
3299	152	274
701	152	3299
274	152	3299
3020	152	3299
3300	152	510
3300	160	479
1154	32	3300
3300	160	1220
3299	152	268
1176	154	3300
268	152	3300
3300	160	3261
3299	152	509
514	152	3299
3300	154	3040
274	154	3300
3072	152	3300
872	152	3299
3300	154	985
38	152	3299
3299	152	705
3300	152	1670
3299	270	274
274	152	3300
272	152	3300
1933	152	3299
3299	152	272
3300	152	1126
3044	152	3299
252	154	3300
3300	152	268
3299	154	268
3299	152	279
3299	152	1670
1969	32	3299
3300	92	2129
3299	154	252
3102	152	3300
872	154	3299
857	152	3299
3299	152	1718
3300	154	1176
3299	152	252
3299	154	42
3299	152	42
3300	152	3072
3300	152	169
1718	154	3300
3300	160	2408
3300	160	1235
576	152	3300
3299	154	687
252	152	3299
3300	152	278
3300	152	929
3300	152	857
3157	152	3300
3299	152	872
872	154	3300
3300	154	3072
985	152	3299
704	154	3299
3300	152	928
3300	154	151
857	154	3299
510	154	3299
1718	152	3299
3300	154	1670
3300	160	1458
3300	152	3299
272	154	3299
3300	92	3271
3299	154	274
3300	154	509
3299	154	3300
3299	154	705
290	154	3299
3300	154	252
268	154	3299
3299	152	514
3299	152	510
290	152	3300
3300	152	38
3299	152	1933
3299	152	3072
1126	152	3300
3300	152	872
3299	154	872
1255	246	3300
3299	154	704
1563	32	3300
377	154	3300
858	152	3300
705	154	3299
1355	32	3299
3299	152	290
3299	154	858
3300	152	3102
3102	154	3300
3299	154	3102
1704	270	3299
928	154	3300
506	32	3299
3299	154	510
74	32	3300
858	154	3300
1206	152	3299
3300	154	274
277	152	3300
3299	152	587
3300	152	3157
1670	152	3299
3299	152	278
3300	160	55
985	154	3300
3301	28	3036
3301	78	138
3035	28	3301
3301	34	101
1613	26	3301
3301	12	3036
1919	12	3301
1764	126	3301
1919	28	3301
3301	74	1251
3301	12	1919
3035	12	3301
3301	70	106
3301	20	112
3302	144	3058
3302	28	348
3302	70	657
3302	12	2981
2981	28	3302
3302	12	348
3302	78	1732
348	28	3302
3302	28	2981
85	28	3302
3302	28	2369
2369	28	3302
3302	94	1014
3302	78	3254
3302	28	85
2980	12	3302
3302	68	2057
3302	12	85
2981	12	3302
3302	144	1124
3302	28	2980
3302	144	1846
3302	144	1093
347	12	3302
3302	34	40
3302	14	3058
1359	100	3303
731	16	3303
2	16	3303
3303	52	69
3303	18	791
434	16	3303
79	16	3303
3303	96	9
3303	90	357
3303	18	869
1237	16	3303
3303	118	189
3303	18	199
3303	48	21
2953	16	3303
3304	50	63
3304	46	629
3304	40	48
3304	40	366
3304	130	231
3304	96	9
3304	40	1222
3304	18	1445
3304	46	446
236	100	3304
3304	18	1660
3304	46	113
3304	46	403
3304	18	299
3304	40	232
3304	18	34
3304	46	519
3305	28	3306
3306	70	88
3305	94	75
3305	34	40
564	166	3305
3005	138	3306
1359	28	3306
3305	28	211
3306	70	583
3305	28	686
3306	28	1359
1502	260	3306
3306	12	2994
3306	12	1260
1359	12	3306
3305	20	21
1299	260	3306
1260	28	3306
3306	20	21
3306	28	1260
1260	12	3306
3306	14	1299
1069	260	3306
3306	78	28
686	28	3306
3307	366	3308
3308	148	2585
2718	140	3308
444	104	3308
3308	34	40
3308	74	321
3308	24	94
509	160	3309
301	0	3309
2020	0	3309
278	160	3309
3309	50	63
2216	0	3309
3309	70	3284
3309	246	687
1089	0	3309
3309	70	661
3309	74	1050
3309	32	278
552	0	3309
3310	144	3311
3310	14	1491
3311	18	3060
3311	96	9
314	100	3311
1157	14	3311
1491	244	3310
3311	40	366
3311	18	34
3310	20	21
1157	100	3311
3311	90	75
255	140	3310
3311	132	1157
3311	40	1222
314	14	3311
3311	18	818
3310	78	1055
3310	78	138
3310	34	101
3310	144	624
3310	70	106
