749	3211	0.002105263157894737
3211	4	0.02497032887804337
3211	1522	0.002105263157894737
3211	796	0.002105263157894737
3211	1333	0.014643669236315235
3211	1379	0.002105263157894737
4	3265	0.027022350396539295
1333	3249	0.012565026898119905
3212	224	0.0012192717468758516
3212	99	0.001075633675743125
3212	394	0.0009583046526913451
3212	3103	0.001419044113032276
3212	94	0.008301199818238035
3212	1011	0.002105263157894737
3212	2153	0.002105263157894737
3212	402	0.002105263157894737
3212	1859	0.002105263157894737
3212	189	0.007162501754790004
3212	646	0.002105263157894737
224	3252	0.0011998713450591914
99	3252	0.0008514392952631791
99	3296	0.0010192522975584865
394	3252	0.0007436683529163785
394	3259	0.0010826444535405912
3103	3252	0.0011126452319932686
3103	3265	0.0018685916700852607
94	3217	0.003189679958373646
94	3219	0.002015417498054935
94	3223	0.0036179535147938292
94	3225	0.005466664835090035
94	3235	0.00557491637219916
94	3236	0.0027975199273980083
94	3240	0.009671238482970704
94	3245	0.004844794037054624
94	3257	0.004507883960821648
94	3258	0.005286177564005534
94	3261	0.03440329652813757
94	3268	0.004038007354253379
94	3272	0.003224015365121572
94	3276	0.007240201347738309
94	3278	0.004689423077552178
94	3279	0.0068529548589539285
94	3283	0.004127795284351543
94	3293	0.005473990186441224
94	3294	0.011475366196789075
94	3308	0.005167966535813125
189	3224	0.005255803185451335
189	3226	0.00509122597801799
189	3229	0.003202434490625425
189	3230	0.013198066044880037
189	3234	0.006622584043841527
189	3237	0.004392295326958906
189	3247	0.005681034684806884
189	3252	0.02824659771948105
189	3259	0.007462178343975525
189	3260	0.02436392401967526
189	3266	0.005298082476727406
189	3269	0.009200907487199483
189	3275	0.004941887750056141
189	3279	0.006414144413857918
189	3280	0.009615011111142956
189	3285	0.013513149519201514
189	3287	0.00503163264963704
189	3291	0.006227744484127263
189	3292	0.013471669863416424
189	3293	0.006675996555034517
189	3294	0.009603950029304354
189	3295	0.011283059613392626
189	3303	0.004102045999203836
3213	1222	0.0006097981128319716
3213	983	0.002105263157894737
3213	1660	0.001007575633914326
3213	2108	0.002105263157894737
3213	34	0.0013621752394494156
3213	21	0.008043658313697973
3213	108	0.0008645371994141619
3213	155	0.002105263157894737
3213	19	0.0006303580594830685
3213	9	0.0012869037201256948
1222	3234	0.0016349881590054453
1222	3248	0.0011174924476996184
1222	3304	0.0008746942844370998
1222	3311	0.00047558358849116803
1660	3282	0.0004570939625768191
1660	3304	0.001303261635010907
34	3224	0.0013066904464317634
34	3226	0.0015590634926188416
34	3233	0.0017776901649025412
34	3237	0.001238869534504642
34	3248	0.0017355329301337642
34	3263	0.004125638295852936
34	3269	0.0023637452043698192
34	3273	0.0017694675076958008
34	3275	0.002601909765754031
34	3282	0.001685975286517783
34	3285	0.002682041246469086
34	3295	0.002740591149326282
34	3304	0.003542855914920368
34	3311	0.0010736308009029996
21	3220	0.003665431727522414
21	3229	0.004546622582436693
21	3233	0.008032410826701291
21	3232	0.018101011192873183
21	3234	0.009318647733390554
21	3237	0.006489693946730907
21	3240	0.01587761281384616
21	3244	0.010130705495195683
21	3247	0.01016786131857731
21	3248	0.015748041629864165
21	3250	0.01332720174972049
21	3251	0.017823150303465287
21	3253	0.010203596678175856
21	3255	0.03684336881240009
21	3259	0.010956593313426246
21	3265	0.032377105685071905
21	3266	0.007484752101510788
21	3268	0.008321805610182375
21	3269	0.013053088956342856
21	3272	0.0054787541703822705
21	3273	0.008671371509939841
21	3276	0.024700401794562954
21	3277	0.006302479063834508
21	3280	0.014801824943590431
21	3279	0.00944067608475718
21	3281	0.010397433585086668
21	3288	0.007260320481028986
21	3291	0.008579980199318426
21	3292	0.02301635231726666
21	3293	0.010855925878490791
21	3294	0.015974657833345576
21	3295	0.019777493321194623
21	3296	0.008647186028566343
21	3298	0.010910047253355001
21	3303	0.005944464564497956
21	3305	0.0037998859046942694
21	3306	0.013012451428404178
21	3310	0.008197091932496396
108	3248	0.001218011756037876
108	3263	0.0006348650352203522
19	3220	0.001512593758750958
9	3220	0.0008836914070347082
9	3224	0.0013061971332391476
9	3233	0.0015842007618684353
9	3234	0.003967707067797596
9	3248	0.0019456739862623652
9	3263	0.005360219930487738
9	3269	0.002349484878644203
9	3275	0.0021451062897906367
9	3282	0.0018947858150646978
9	3291	0.0015579041989478768
9	3295	0.0029056062104357377
9	3303	0.0013499881896192015
9	3304	0.002904949945612984
9	3311	0.0009743900534564179
53	3214	0.002105263157894737
3214	63	0.05538233502342
3214	2807	0.002105263157894737
3214	335	0.002105263157894737
3214	1123	0.0428174455072259
3214	1697	0.0024323516045871097
3214	891	0.002105263157894737
3214	678	0.002105263157894737
3214	2261	0.002105263157894737
3214	3163	0.002105263157894737
3214	713	0.002105263157894737
3214	1457	0.002105263157894737
3214	1485	0.0032292386419673223
3214	3242	0.01322900770303853
63	3215	0.011531884041506027
63	3234	0.018351199489830574
63	3235	0.021760995872825834
63	3236	0.007086828470134222
63	3243	0.019077047745155954
63	3250	0.015017849123755157
63	3260	0.008961643940843058
63	3276	0.009935946897567686
63	3287	0.010773558940962663
63	3290	0.0038928380396139875
63	3292	0.021742661968415393
63	3298	0.018702951651603447
63	3304	0.018756608938313657
63	3309	0.06664293653522213
1123	3241	0.041360827802116
1697	3261	0.0033727878143423136
1485	3276	0.004329827506990833
3215	3216	0.0018043971584969993
3215	184	0.006882179636820699
3215	2455	0.002105263157894737
3215	2182	0.002105263157894737
3215	1386	0.002105263157894737
3215	1850	0.002105263157894737
3215	3292	0.007337156288834749
3216	1030	0.0021052631578947372
3216	1604	0.0021052631578947372
3216	1688	0.0021052631578947372
3216	448	0.0021052631578947372
3216	3292	0.008677550598144328
184	3227	0.004796882093700515
3217	357	0.0009292243331509145
3217	17	0.002105263157894737
3217	2558	0.002105263157894737
3217	106	0.002632095849391469
3217	191	0.0014050599551726447
3217	196	0.002105263157894737
3217	16	0.0007101191647870137
3217	40	0.0034250204700859562
3217	255	0.000988476852535367
357	3250	0.001445505200083091
357	3281	0.0007838527934387945
357	3303	0.0010725705706066673
106	3219	0.00131512247487019
106	3218	0.0031406605690722004
106	3231	0.002598265242194261
106	3235	0.004174026899537646
106	3236	0.0018453822644704696
106	3243	0.02400322817953456
106	3245	0.004191317238214032
106	3258	0.0034723080966757953
106	3257	0.0033150884079371596
106	3278	0.003692849584645191
106	3279	0.007262615257799881
106	3283	0.003303662535415358
106	3298	0.004733529810431034
106	3301	0.004497252337695584
106	3310	0.003641404511787787
191	3252	0.004662454123219868
191	3257	0.0024812353394762575
191	3281	0.0015601194296037877
191	3293	0.002747409172832454
16	3244	0.0008091815119143077
16	3250	0.0014785385898726338
40	3223	0.0037749639624130964
40	3230	0.0036867701403337895
40	3232	0.007084500534435904
40	3235	0.006494235624912127
40	3244	0.004107901884735944
40	3245	0.005176750084553999
40	3253	0.0037813532103982027
40	3261	0.027554411669381867
40	3262	0.004036186875734953
40	3267	0.004206089512506239
40	3268	0.004823893925440409
40	3270	0.006031024670639192
40	3274	0.003442112261111074
40	3279	0.007278686286880864
40	3281	0.00667854406574854
40	3283	0.004777997837968128
40	3293	0.0041671478624875505
40	3302	0.009455976192809327
40	3305	0.003286415093039712
40	3308	0.005272088357010447
255	3310	0.0012961862698240049
3218	3219	0.0008939653624412586
3218	2981	0.001319606871375957
3218	2966	0.001169306865657128
3218	1692	0.002105263157894737
3218	138	0.0003134817283033857
3218	187	0.002105263157894737
3218	25	0.0011358584612410675
3218	3223	0.00145238639851494
3219	112	0.001898015719153488
3219	138	0.0004034690081038526
3219	2966	0.0006631860151250788
3219	101	0.000596571616417315
3219	3223	0.00023564015827776534
2981	3302	0.0017148227924688659
112	3224	0.0014331825894350714
112	3223	0.0020271713245194325
112	3245	0.005691660073161876
112	3248	0.002820385743262882
112	3263	0.004767991483189249
112	3265	0.007629537239235287
112	3269	0.00319892835617253
112	3285	0.0037056637451460565
112	3291	0.002581819836986212
112	3295	0.004182115581034103
112	3301	0.0038963082878686454
138	3223	0.0006536347107013866
138	3301	0.0004108634357009914
138	3310	0.0009869978159278306
2966	3223	0.001017648936166664
2966	3235	0.0028209464668269976
2966	3286	0.0037538136868855345
2966	3295	0.0011872940229200354
101	3236	0.0016890901349956783
101	3240	0.002207974503186694
101	3256	0.003492160161761649
101	3258	0.002101914875584745
101	3278	0.001060103564561336
101	3301	0.0013975885161498056
101	3310	0.0011525278634654196
25	3236	0.0009861559976029617
25	3250	0.0018791967110429076
25	3257	0.0013122291931035256
25	3279	0.0017270895308680518
25	3281	0.001275650600857678
173	3220	0.002105263157894737
3220	1153	0.0006122307171621117
3220	231	0.0008208793265777077
3220	569	0.0005794030816078174
3220	69	0.0008534760649048903
3220	366	0.0007025947885862965
3220	48	0.0005883715906015485
3220	3155	0.0022419919008090546
3220	791	0.0012311270505373888
3220	559	0.0008967444255826312
3220	3279	0.0031440656808229424
1153	3226	0.0005887993247163368
1153	3237	0.0005184131762260706
1153	3279	0.0014537471594097402
1153	3285	0.0008731922337317799
1153	3295	0.00113747570092972
231	3273	0.0007334191453973461
231	3304	0.0009436916008376424
569	3226	0.00043644034491472847
569	3237	0.0005803701205563949
569	3266	0.0005563911430411565
569	3275	0.0010138727760168967
69	3226	0.001860767189501759
69	3229	0.0010498556365224432
69	3233	0.002149518436106638
69	3234	0.0027624046822917374
69	3237	0.001513854750004144
69	3251	0.002540460645281252
69	3259	0.0026326439007568017
69	3269	0.0029172189951413184
69	3273	0.0017606083057440966
69	3275	0.0021552771822900356
69	3278	0.003046897247757991
69	3281	0.0031390460822289788
69	3287	0.002082169619401424
69	3292	0.005593378720629944
69	3303	0.0013432406665636384
366	3251	0.0015300653427628827
366	3266	0.0009086821620586927
366	3273	0.0008332552028316322
366	3282	0.0010820717770973138
366	3287	0.001223991578308998
366	3295	0.001928275394792096
366	3304	0.001206921867807293
366	3311	0.0007275894764905057
48	3234	0.002071631856041942
48	3248	0.0015728582623952812
48	3266	0.0009550220401498137
48	3269	0.0015278837968497327
48	3273	0.000860645206140338
48	3282	0.0012194357242642086
48	3287	0.0012944347562391886
48	3304	0.0012538790364837588
3155	3254	0.0024838475967636363
3155	3275	0.0004656671160510282
791	3303	0.0009089498852958206
559	3251	0.000568929816881664
559	3291	0.0007263197178815406
559	3296	0.000401771853869845
3221	3222	0.00031501303310964453
3221	872	0.0017935027120592163
3221	1176	0.0001630001808759114
3221	252	0.004168064276911239
3221	278	0.0032267472706993877
3221	496	0.00032677932449096824
3221	268	0.00014725433716272424
3221	3072	0.00014725433716272424
3221	1446	0.002105263157894737
3221	701	0.0004862850310031553
3221	858	0.00020896704786217495
3221	274	0.0018110157605744275
3221	272	0.0002305827294861014
3221	587	0.000652897204432805
3221	928	0.00020896704786217492
3221	169	0.0001262014412900794
3221	929	0.0001630001808759114
3221	947	0.002105263157894737
3221	985	0.00014725433716272426
3221	2970	0.002105263157894737
3221	3157	0.0001262014412900794
3221	1169	0.002105263157894737
3221	1126	0.00016300018087591145
3222	377	0.00031204652001389985
3222	510	0.0022144107481167144
3222	1091	0.002105263157894737
3222	2067	0.002105263157894737
3222	509	0.002009731579072352
3222	1206	0.0006537636269260121
3222	3188	0.002105263157894737
3222	542	0.002105263157894737
3222	872	0.002343774892912611
3222	252	0.005674606207129168
3222	279	0.00018516736993912867
3222	701	0.0004885945665761018
3222	496	0.00037370928891865794
3222	169	0.0001598385917207073
3222	38	0.0022144107481167144
3222	1264	0.002105263157894737
3222	858	0.00030026421836382145
3222	151	0.00031744309670451304
3222	3157	0.00015983859172070733
3222	928	0.00030026421836382145
3222	2347	0.002105263157894737
872	3243	0.00880100286135741
872	3271	0.001786386689389932
872	3299	0.002398056059707595
872	3300	0.001098824420366164
1176	3300	0.0020324817041756033
377	3271	0.0007655361122023152
377	3300	0.0014727040912686808
510	3243	0.006037606604902319
510	3300	0.001220143072352443
510	3299	0.0022185263013739936
252	3261	0.0178847611451064
252	3271	0.002391300608235897
252	3300	0.0004175665913524713
252	3299	0.005510264303492877
278	3243	0.007296455996623344
278	3271	0.002073492460316439
278	3300	0.0012562176352546286
278	3299	0.0033579736015348144
278	3309	0.00449485828741507
496	3271	0.0018863777540285792
509	3299	0.0010830214594394945
509	3300	0.0012803289752433996
509	3309	0.004336311949276874
268	3299	0.00015378200906116367
268	3300	0.0019270305752785517
3072	3299	0.00015378200906116367
3072	3300	0.0019270305752785517
1206	3299	0.0015007704714638192
279	3300	0.0019621466601369257
279	3299	0.0001624946946901745
701	3299	0.001212239537261481
858	3271	0.0010033162482228186
858	3299	0.0003149475812272878
858	3300	0.0014280953468171157
274	3243	0.006731452045968685
274	3271	0.0016429418563965465
274	3299	0.0023770439788080313
274	3300	0.0010242682205690917
272	3271	0.0008655307378716724
272	3300	0.001363151759402903
272	3299	0.000302030709647304
587	3299	0.001484950989912876
928	3271	0.0010033162482228186
928	3299	0.0003149475812272878
928	3300	0.0014280953468171157
169	3300	0.0020647164784171473
929	3300	0.0020324817041756033
985	3300	0.0019270305752785515
985	3299	0.0001537820090611637
38	3243	0.006037606604902319
38	3299	0.0022185263013739936
38	3300	0.001220143072352443
3157	3300	0.002064716478417147
151	3271	0.0009144780723136819
151	3299	0.00031037366166937865
151	3300	0.0013986375778682106
1126	3300	0.002032481704175603
3223	3224	0.003421951843791673
3223	1003	0.002105263157894737
3224	179	0.0007607659666904287
3224	908	0.00320380538434647
3224	1347	0.002105263157894737
3224	601	0.0008583162331025635
3224	1163	0.0007076971137796224
3224	201	0.0011446430859811238
3224	1698	0.002105263157894737
3224	1399	0.002083766395414373
3224	67	0.0009020684577203608
3224	1125	0.002105263157894737
3224	146	0.0008012460303847887
179	3266	0.0007840449848948433
179	3282	0.0003973346743545705
179	3295	0.0015866138310552315
908	3254	0.003350594175611132
908	3293	0.001033298348506795
601	3233	0.0015158794681362664
601	3263	0.0007490063099740652
601	3285	0.0010839641222831784
1163	3285	0.000567855387525129
1163	3295	0.0013624029464932728
201	3251	0.0006427168733427706
201	3265	0.0008305960629224515
201	3269	0.0009250844036286329
201	3273	0.0005015097049294766
1399	3264	0.0005487172970369121
67	3291	0.0013038579879412948
146	3229	0.0006697542452877415
146	3291	0.0009441179177348463
2973	3225	0.002222052045322071
2973	3254	0.00315138834173335
3225	1343	0.002105263157894737
3225	657	0.0017773107305676444
3225	391	0.0013914135716667343
3225	774	0.0010883512864627318
3225	3190	0.002105263157894737
3225	2601	0.002105263157894737
3225	1581	0.000865290342201669
3225	2972	0.0011009717214401473
657	3231	0.0012730113530126815
657	3232	0.0021085437560825755
657	3235	0.0021267519242601364
657	3236	0.001297564779442025
657	3244	0.0014872664992540727
657	3272	0.0010029093867429892
657	3279	0.002273186693737366
657	3293	0.001343376586974559
657	3302	0.0033485156474275667
391	3248	0.0011256393026820592
391	3285	0.0007337194619664557
391	3295	0.0013766278383391642
774	3278	0.0013878224001810633
774	3286	0.00470085551931102
774	3293	0.004639412580770788
1581	3295	0.0017555890449847365
2972	3270	0.0009909373433627468
2972	3285	0.0012067658754511654
3226	756	0.002105263157894737
3226	2025	0.0007749544990168384
3226	282	0.0005981898699475894
3226	1641	0.002105263157894737
3226	2	0.0008437730099109547
3226	2229	0.002105263157894737
3226	386	0.0009695668537341807
3226	3156	0.0008926169660230951
3226	79	0.0006196384894312795
2025	3233	0.0014937548531476137
282	3237	0.0008386717384427138
282	3250	0.0015967125430804221
2	3240	0.0029956161239764042
2	3264	0.0018029658110742316
2	3303	0.0009837309949725214
386	3256	0.001295344678025253
386	3278	0.0010448573481672168
386	3295	0.0014906946834222954
3156	3248	0.0013281171384194371
3156	3250	0.0013082233894572731
3156	3298	0.0015806518301162355
79	3237	0.0009592882256352494
79	3264	0.0010178927668496977
79	3285	0.0011201360249723847
79	3303	0.0009934926639556833
3227	3228	0.0015233441832669316
3227	3138	0.002105263157894737
3227	2800	0.002105263157894737
3228	3137	0.003599768119820643
3137	3292	0.0056850656629408225
3229	236	0.00113647523641985
3229	105	0.002105263157894737
3229	1433	0.0008395822602511173
3229	1359	0.0004570986662100387
3229	2243	0.002105263157894737
236	3304	0.0011735484541566066
1433	3233	0.0013346238854201281
1359	3234	0.0017036421605241992
1359	3237	0.0007154293086057192
1359	3303	0.0006145944767328003
1359	3306	0.0010652005201307326
3230	3231	0.004393364419342177
3230	2238	0.0021052631578947372
3230	338	0.008943618519915007
3230	904	0.000969453498490605
3230	269	0.0021052631578947372
3230	3254	0.006898924607451853
3231	1413	0.002105263157894737
3231	2830	0.002105263157894737
3231	88	0.0018460974412338029
3231	1820	0.002105263157894737
3231	1878	0.0005728280146199014
88	3232	0.005418513967403658
88	3243	0.020832624883042883
88	3250	0.0032138457852477465
88	3270	0.004449959882104566
88	3272	0.0021507893513297476
88	3279	0.005134347187097646
88	3293	0.0034300942338086077
88	3306	0.005211761607834383
338	3262	0.0016635469581565534
338	3271	0.009471947443631622
904	3232	0.001391256330142313
1878	3232	0.0018561712673957963
3232	3233	0.007996968316596968
3232	999	0.0008308414617651082
3232	2961	0.001218198782078729
3232	2260	0.002105263157894737
3232	1773	0.002105263157894737
3232	3032	0.002105263157894737
3232	1584	0.002105263157894737
3232	2310	0.002105263157894737
3232	467	0.0011915897265562885
3232	3175	0.002105263157894737
3232	1201	0.001590827535034825
3232	75	0.0027372110646866677
3232	318	0.002105263157894737
3232	334	0.002105263157894737
3232	1564	0.0009200572170788359
3232	353	0.002105263157894737
3232	3176	0.0027972111882818554
3232	371	0.002105263157894737
3232	24	0.002105263157894737
3232	3240	0.005594102894462449
3232	3254	0.01751462370605253
3233	1788	0.002105263157894737
3233	207	0.002105263157894737
3233	882	0.0008052895949819095
3233	1734	0.002105263157894737
3233	1445	0.000983613389870114
3233	307	0.002105263157894737
3233	1996	0.002105263157894737
3233	1237	0.001190471844862159
3233	1567	0.002105263157894737
999	3293	0.0009164254146392399
999	3298	0.000969625932071369
2961	3240	0.000887064375816004
467	3254	0.0009136734313384482
882	3236	0.0013859293488233174
882	3273	0.0008805419113432891
1445	3282	0.0005305679131790683
1445	3295	0.0013771965521683712
1445	3304	0.0011557650071752073
1201	3281	0.0009519018914714374
75	3244	0.0020242576321623665
75	3261	0.006946865546063056
75	3305	0.001261930735304203
75	3311	0.0029334131719456003
1564	3240	0.000684655259585806
1564	3279	0.0012567643964506625
3176	3256	0.0014038374640824565
1237	3237	0.0007365266864962397
1237	3248	0.0007102554381685378
1237	3263	0.0009594546211176126
1237	3303	0.0007359009606685836
3234	384	0.0015752117721414022
3234	3194	0.00198558960394317
3234	1139	0.0015719195587222214
3234	283	0.0014974554811397775
3234	3254	0.01576224817871656
384	3251	0.0006165314656615942
384	3269	0.0008844223832561974
384	3291	0.00042885720740973277
3194	3248	0.0010124517045076121
3194	3270	0.0006329532253996806
3194	3269	0.0010830219616383562
3194	3285	0.0011305588211865537
1139	3266	0.0006173588325342155
1139	3273	0.000750132667891198
283	3275	0.0006684530338901379
3235	2965	0.0010111503130025119
3235	540	0.002105263157894737
3235	1978	0.0034178011392145195
3235	990	0.0010111503130025119
3235	1204	0.002105263157894737
3235	989	0.0010111503130025119
3235	3182	0.0010111503130025119
3235	649	0.0007294051313001883
3235	762	0.0010111503130025119
3235	2466	0.0010111503130025119
3235	3183	0.0010111503130025119
3235	1519	0.0013488201814032008
3235	1868	0.0028881865970159194
3235	3295	0.01233441472501259
2965	3295	0.001094112844892225
1978	3286	0.0025017658353466326
990	3295	0.001094112844892225
989	3295	0.001094112844892225
3182	3295	0.001094112844892225
649	3236	0.0005303374404301894
649	3293	0.0012560567088029397
762	3295	0.001094112844892225
2466	3295	0.001094112844892225
3183	3295	0.001094112844892225
1519	3236	0.0007890183512324476
1868	3286	0.0021208201418450486
1868	3295	0.0009105602357001897
3236	716	0.0015506660411720304
716	3273	0.0010918752929266419
716	3285	0.0011567953374678809
2962	3237	0.0008061363437073362
2962	3279	0.001472256001309576
3237	1346	0.001647683020776783
3237	581	0.002105263157894737
3237	123	0.0009106975472036353
3237	314	0.0014004359266022103
3237	1184	0.002105263157894737
3237	3060	0.0005726231458882066
3237	392	0.001017646158025335
3237	2029	0.0012887412654232536
1346	3288	0.0006128703348431795
123	3248	0.0008640179856714695
123	3264	0.0016297307843889444
123	3269	0.0020514777689780435
123	3285	0.0011373069430301338
314	3311	0.0007395693534009651
3060	3251	0.0009900601685598096
3060	3273	0.0006057139284035364
3060	3295	0.001661184252413099
3060	3311	0.0005317404666645973
392	3248	0.001428587847894301
392	3263	0.0026987373466255842
392	3264	0.003947818066251788
392	3272	0.002124397162554145
392	3279	0.00414136792131132
392	3285	0.0014551760113413832
392	3295	0.002400293409827641
2029	3285	0.000966380750727428
3238	1197	0.002105263157894737
3238	1281	0.002105263157894737
3238	1479	0.002105263157894737
3238	1907	0.002105263157894737
3238	1640	0.002105263157894737
3238	2684	0.002105263157894737
3238	291	0.0069532102120420155
3238	1043	0.002105263157894737
3238	2416	0.0069532102120420155
3238	439	0.0069532102120420155
3238	2291	0.002105263157894737
3238	1739	0.002105263157894737
291	3284	0.00900966853382115
2416	3284	0.00900966853382115
439	3284	0.00900966853382115
3239	1537	0.002105263157894737
3239	2212	0.002105263157894737
3239	1266	0.002105263157894737
3239	302	0.01048194775664134
3239	1745	0.002105263157894737
302	3241	0.012565026898119905
3240	1809	0.002105263157894737
3240	1708	0.002105263157894737
3240	1694	0.001919462479771452
3240	2660	0.002105263157894737
3240	405	0.002105263157894737
3240	950	0.0021393896093732487
3240	1550	0.002105263157894737
3240	793	0.002105263157894737
3240	2982	0.0046060035958367385
3240	1941	0.002105263157894737
3240	1324	0.002105263157894737
3240	968	0.0016858028517747917
3240	379	0.002105263157894737
3240	294	0.0019194624797714522
3240	3034	0.002105263157894737
3240	161	0.0013021406866183108
3240	2947	0.002105263157894737
3240	1060	0.002587247182959838
3240	565	0.0017462598272015338
3240	3298	0.006762174869641842
1694	3285	0.0012613237863150777
950	3256	0.0008616471632848846
2982	3246	0.0026692669366775806
968	3269	0.0014351873823433392
294	3285	0.0012613237863150777
161	3272	0.0009466663283206238
1060	3254	0.003140724120775005
1060	3298	0.0012154890578662165
565	3259	0.001098621723257008
1320	3241	0.002105263157894737
3241	594	0.002105263157894737
3241	3177	0.002105263157894737
3241	2333	0.002105263157894737
3241	1228	0.002105263157894737
3241	2649	0.002105263157894737
3241	2537	0.002105263157894737
3241	2685	0.002105263157894737
3241	1416	0.002105263157894737
3241	102	0.002105263157894737
3241	486	0.002105263157894737
3241	2971	0.002105263157894737
3241	2317	0.002105263157894737
3241	2576	0.002105263157894737
3241	1195	0.002105263157894737
3241	1431	0.002105263157894737
3241	2400	0.002105263157894737
3241	499	0.013314480645906606
3241	1967	0.002105263157894737
3241	438	0.002105263157894737
3241	1871	0.002105263157894737
3241	845	0.002105263157894737
3241	1536	0.013208412883331782
3241	177	0.002105263157894737
3241	556	0.002105263157894737
3241	3196	0.002105263157894737
3241	3097	0.002105263157894737
3241	695	0.002105263157894737
499	3284	0.015192317300960276
1536	3271	0.014984524807586698
3242	3243	0.028019278444110896
3242	1563	0.0044498139203463394
3242	1629	0.002105263157894737
3242	62	0.002105263157894737
3242	2244	0.002105263157894737
3242	1483	0.02217171260304196
3242	1488	0.0034153715687057114
3242	1058	0.002105263157894737
3242	752	0.002105263157894737
3242	1322	0.002105263157894737
3242	168	0.002105263157894737
3242	1310	0.002105263157894737
3242	323	0.002105263157894737
3242	1419	0.002105263157894737
3242	409	0.007311557775124018
3242	788	0.002105263157894737
3242	1151	0.002105263157894737
3242	1208	0.002105263157894737
3242	2143	0.002105263157894737
3242	3082	0.002105263157894737
3242	2482	0.002105263157894737
3242	1676	0.0034153715687057127
3242	1407	0.004449813920346339
3242	244	0.00044224051397023654
3242	1530	0.002105263157894737
3242	1527	0.002105263157894737
3242	410	0.002105263157894737
3242	216	0.002105263157894737
3242	1597	0.002105263157894737
3242	1520	0.003415371568705713
3242	2433	0.002105263157894737
3242	1040	0.002105263157894737
3242	570	0.002105263157894737
3242	2933	0.0034153715687057135
3242	532	0.002105263157894737
3242	2486	0.002105263157894737
3243	1259	0.0013326835473195138
3243	244	0.0016630226439245037
3243	1270	0.0009901306699720185
3243	1180	0.002105263157894737
3243	1020	0.002105263157894737
1563	3284	0.004339625354746641
1563	3300	0.0044377420121451796
1483	3255	0.022903058814616708
1488	3284	0.002741993955071781
1259	3276	0.0018792311688492404
1270	3261	0.001302334625705851
409	3261	0.008533298200400937
409	3271	0.003662192816326212
1676	3284	0.0027419939550717815
1407	3284	0.004339625354746641
1407	3300	0.00443774201214518
1520	3284	0.002741993955071782
2933	3284	0.0027419939550717824
564	3244	0.0011237279382960376
564	3305	0.0010136426417630664
3244	2094	0.002105263157894737
3244	1867	0.000978066903393903
3244	562	0.0013225117331996292
3244	923	0.002105263157894737
3244	724	0.0020699038524664144
3244	893	0.002105263157894737
3244	2221	0.002105263157894737
3244	2932	0.0006558221243049832
1867	3250	0.0014518398008558334
562	3245	0.0010219690068118566
724	3257	0.0011771572913727806
724	3258	0.0011191187256212112
724	3289	0.0015739442548355499
2932	3293	0.0010961904690094365
2932	3298	0.001092728767865849
3245	3246	0.010037665640478506
3245	740	0.002105263157894737
3245	2814	0.002105263157894737
3246	2013	0.002105263157894737
3246	3012	0.002105263157894737
3246	415	0.002105263157894737
3246	537	0.002105263157894737
3246	531	0.002105263157894737
118	3247	0.002105263157894737
3247	316	0.0011043849562902463
3247	1039	0.002105263157894737
3247	1023	0.0009189970127126925
3247	286	0.002105263157894737
3247	2590	0.002105263157894737
3247	444	0.0015676207599345472
3247	1617	0.0008461292318500396
3247	3247	0.0
3247	1395	0.0008461292318500396
3247	606	0.002105263157894737
3247	1107	0.002105263157894737
3247	344	0.0008461292318500396
3247	285	0.0012657210997850039
316	3260	0.0013444863685666683
316	3292	0.0012176659888138792
1023	3252	0.0032285263286935583
1023	3259	0.0009609444535664508
1023	3268	0.0016093367922009787
1023	3292	0.003484871984188191
444	3260	0.0016072647615552314
444	3308	0.0008899587959043231
1617	3292	0.001555054618989251
1395	3292	0.001555054618989251
344	3292	0.001555054618989251
285	3260	0.0015596474505415467
285	3268	0.0010947708489434827
285	3283	0.001445157052786124
285	3292	0.0019245529603190467
3248	1424	0.002105263157894737
3248	2031	0.0008117998436682152
3248	566	0.0011179750337021188
3248	590	0.001855993831242531
3248	2205	0.002105263157894737
3248	2428	0.002105263157894737
3248	1783	0.002105263157894737
3248	1031	0.0011422158946189464
3248	2072	0.002105263157894737
3248	330	0.00210237665688059
3248	732	0.002105263157894737
3248	2910	0.002105263157894737
3248	150	0.002105263157894737
2031	3269	0.001507527770988053
566	3250	0.0018502769204794883
566	3275	0.0010690937351649117
566	3285	0.0012878656826447962
590	3263	0.0007511698951869481
590	3264	0.0005409639033104269
1031	3266	0.0011591520481323587
330	3264	0.00041631974783803
3249	368	0.002105263157894737
3249	1467	0.002105263157894737
3249	1258	0.002105263157894737
3249	1500	0.002105263157894737
3249	485	0.002105263157894737
3250	47	0.002105263157894737
3250	582	0.0009952846272227728
3250	324	0.002105263157894737
3250	270	0.002357382352646707
3250	490	0.002105263157894737
3250	2633	0.002105263157894737
3250	1631	0.002105263157894737
3250	1302	0.003975623332507154
3250	1797	0.002105263157894737
582	3298	0.0012687821501973732
270	3254	0.0021257464213181422
1302	3286	0.002803319869320294
3251	3252	0.011664127881765868
3251	2812	0.002105263157894737
3251	388	0.000489250800135543
3251	2521	0.0008224126401691537
3251	822	0.0008682773179147955
3251	61	0.0004647667878329465
3251	548	0.0004892508001355429
3251	1148	0.0007629550867563939
3251	2977	0.0008430074013845215
3251	629	0.0007258227374544545
3251	1532	0.002105263157894737
3251	85	0.0022252525526244406
3251	325	0.002105263157894737
3251	730	0.0005380423278984049
3251	426	0.000594703219230463
3251	113	0.0006610442735126919
3251	232	0.0023452823511107028
3251	43	0.000538042327898405
3251	1684	0.000538042327898405
3251	134	0.000803041189332636
3251	299	0.0007910397590145225
3251	98	0.0005829268240855575
3251	519	0.0006483559851287583
3251	119	0.0004892508001355431
3251	460	0.002105263157894737
3252	111	0.0010721790781526546
3252	3180	0.002105263157894737
3252	3202	0.001516581944220816
3252	1830	0.002105263157894737
3252	1853	0.002105263157894737
3252	1834	0.002105263157894737
3252	1377	0.002105263157894737
3252	946	0.002105263157894737
3252	1426	0.002105263157894737
3252	603	0.002105263157894737
3252	585	0.0008523089804074619
3252	1573	0.002105263157894737
3252	2057	0.0022368477152934357
3252	226	0.002105263157894737
3252	2959	0.002105263157894737
3252	650	0.002105263157894737
3252	3027	0.002105263157894737
3252	1748	0.002105263157894737
3252	217	0.0008523089804074616
3252	5	0.0008523089804074616
3252	134	0.004121195937331663
3252	810	0.002105263157894737
3252	2945	0.002105263157894737
3252	3117	0.0010721790781526555
3252	2465	0.002105263157894737
3252	753	0.002105263157894737
3252	958	0.002105263157894737
3252	284	0.0008523089804074611
3252	258	0.002105263157894737
3252	1124	0.002236847715293435
3252	636	0.0011624321291749857
3252	1063	0.002105263157894737
111	3259	0.001035149940318611
111	3265	0.0013060303490513316
388	3265	0.0006558748377669904
388	3269	0.0009165095950910552
388	3273	0.00041770158038314967
388	3291	0.0007286305241036323
2521	3273	0.0007512730427046056
2521	3278	0.0011554360440692876
3202	3293	0.0026440028599600883
822	3265	0.0007881412410525874
822	3282	0.0006644067242823093
822	3291	0.0011242563317700172
61	3269	0.0008402338179499029
61	3273	0.0003946944298120685
61	3291	0.0007117460749953969
548	3265	0.0006558748377669904
548	3269	0.0009165095950910552
548	3273	0.0004177015803831497
548	3291	0.0007286305241036323
1148	3269	0.0014080163261607412
2977	3291	0.0012929689921247277
629	3269	0.0011001196057139385
629	3304	0.0011413838460598007
585	3259	0.0013827309025077348
2057	3302	0.0022720881176802707
85	3302	0.0019050538058528871
730	3269	0.000950323066371693
730	3291	0.0007791994931852132
426	3269	0.0011434853598015723
426	3273	0.0005271192469124012
113	3273	0.0005236841796451421
113	3291	0.0007179013168897784
113	3304	0.0011309524992037313
217	3259	0.0013827309025077341
232	3263	0.0024609707386412417
232	3304	0.0019115367542518345
43	3269	0.0009503230663716932
43	3291	0.0007791994931852133
5	3259	0.0013827309025077341
1684	3269	0.000950323066371693
1684	3291	0.0007791994931852133
134	3265	0.002671925731025387
134	3269	0.0020062142660090855
134	3273	0.0012635066286567393
134	3274	0.0015725470609435027
134	3278	0.0027170058674809467
134	3287	0.0033446440346658565
134	3296	0.0008632112658977797
299	3291	0.0008516740270299761
299	3304	0.0010864943198850906
3117	3259	0.0010351499403186096
3117	3265	0.0013060303490513314
98	3265	0.0006076856617355925
98	3273	0.0005356077411970497
98	3291	0.000970052936431241
519	3265	0.0013909115614814075
519	3269	0.001011514688303173
519	3273	0.00048474856803437286
519	3304	0.0019938813426563784
284	3259	0.001382730902507734
119	3265	0.0006558748377669906
119	3269	0.0009165095950910552
119	3273	0.0004177015803831497
119	3291	0.0007286305241036325
1124	3302	0.00227208811768027
636	3296	0.001187377989519344
3253	3254	0.006500424770185614
3253	1499	0.0021052631578947372
3253	1250	0.0009323740761803326
3253	2222	0.0021052631578947372
3253	965	0.0009323740761803326
3253	1449	0.0021052631578947372
3254	140	0.002105263157894737
3254	1599	0.00228844820189481
3254	2015	0.002105263157894737
3254	2609	0.002105263157894737
3254	1553	0.00228844820189481
3254	1319	0.002105263157894737
3254	935	0.002105263157894737
3254	758	0.002105263157894737
3254	2794	0.002105263157894737
3254	2993	0.002105263157894737
3254	1855	0.002105263157894737
3254	511	0.002105263157894737
3254	1188	0.002105263157894737
3254	3088	0.002105263157894737
3254	351	0.002105263157894737
3254	296	0.002105263157894737
3254	900	0.002105263157894737
3254	1910	0.00767947386832033
3254	2172	0.002105263157894737
3254	55	0.014943612113399111
3254	669	0.002105263157894737
3254	539	0.002105263157894737
3254	948	0.002105263157894737
3254	2918	0.006389952247911071
3254	347	0.0016120203709753744
3254	1753	0.05757041307280661
3254	3058	0.0016120203709753744
3254	2995	0.002105263157894737
3254	1799	0.002105263157894737
3254	1250	0.0011728890817144049
3254	489	0.002105263157894737
3254	965	0.0011728890817144049
3254	905	0.001243020313025681
3254	2960	0.002105263157894737
3254	3275	0.012253488858753
3254	3293	0.01759383917894621
3254	3302	0.011662836366586035
1599	3255	0.0021885109517279858
1553	3255	0.0021885109517279858
1910	3255	0.0018645638241979513
1910	3256	0.005937522249329295
1910	3298	0.0019043816974480766
55	3300	0.014058559267949763
2918	3291	0.006420504285509753
347	3302	0.0004932427869193636
1753	3284	0.05656847794102958
3058	3302	0.0004932427869193636
905	3298	0.001697393483452199
3255	3256	0.010225466841628958
3255	2578	0.0021052631578947372
3255	1238	0.0021052631578947372
3255	2012	0.0021052631578947372
3255	1947	0.0021052631578947372
3255	2530	0.0021052631578947372
3255	1950	0.0021052631578947372
3255	1615	0.0021052631578947372
3255	800	0.0021052631578947372
3255	964	0.0021052631578947372
3255	2335	0.0021052631578947372
3255	2140	0.0021052631578947372
3255	1524	0.0021052631578947372
3255	3055	0.0021052631578947372
3256	809	0.002105263157894737
3256	1991	0.002105263157894737
3256	2059	0.002105263157894737
3256	1776	0.002105263157894737
3256	1280	0.002105263157894737
3256	3075	0.002105263157894737
3256	1549	0.002105263157894737
3256	322	0.0033220441325609324
3256	3286	0.009200972165793596
322	3269	0.002709062832078096
322	3278	0.0011604751127972665
322	3279	0.0023452050101696376
322	3285	0.001895625363064754
322	3295	0.001464612791913807
322	3298	0.0024387267527286147
3257	3258	0.000282730590205766
3257	406	0.0011294114149475475
3257	3036	0.0008402344437219588
3257	1919	0.0008402344437219588
3257	1662	0.0011294114149475475
3257	450	0.0011294114149475475
3257	618	0.0011294114149475475
3257	976	0.0008752113861288104
3257	2028	0.0011294114149475475
3258	1919	0.0006435651937047438
3258	1662	0.0009758517429471904
3258	450	0.0009758517429471904
3258	406	0.0009758517429471904
3258	618	0.0009758517429471904
3258	1394	0.002105263157894737
3258	3036	0.0006435651937047438
3258	2028	0.0009758517429471904
1919	3301	0.0009009402837066196
3036	3301	0.0009009402837066195
976	3294	0.0016939152115363343
3152	3259	0.0021052631578947364
3259	275	0.0013525768428118306
3259	447	0.0021052631578947364
3259	2016	0.0021052631578947364
3259	2180	0.0013270974765396042
3259	46	0.0013525768428118306
3259	1103	0.0021052631578947364
275	3296	0.0008241813240037299
2180	3265	0.0010586909852914703
46	3296	0.00082418132400373
3260	3261	0.02139995772865455
3260	2019	0.002105263157894737
3260	365	0.002105263157894737
3260	1251	0.0019195872432630997
3260	605	0.0010323243185014757
3260	317	0.002105263157894737
3260	1695	0.002105263157894737
3261	2735	0.002105263157894737
3261	595	0.002105263157894737
3261	661	0.0029728138132053905
3261	109	0.002105263157894737
3261	781	0.002105263157894737
3261	3013	0.002105263157894737
3261	3300	0.04909449335864199
1251	3301	0.0011135434535709833
661	3309	0.0021145452840306347
605	3292	0.001478441093344472
3262	1724	0.002105263157894737
1380	3263	0.002105263157894737
3263	20	0.002105263157894737
3263	792	0.0013540093427981232
3263	889	0.0007188020290315787
3263	708	0.0007188020290315787
3263	95	0.002105263157894737
3263	1157	0.0008644417448082162
3263	1084	0.002105263157894737
3263	1637	0.002105263157894737
3263	434	0.001233762956439292
3263	886	0.002105263157894737
3263	1216	0.002105263157894737
3263	3125	0.002105263157894737
3263	91	0.0006372873460655763
3263	1015	0.0013540093427981232
3263	185	0.002105263157894737
792	3279	0.002701017262452998
889	3285	0.0018092717850007626
708	3285	0.0018092717850007626
1157	3311	0.0015495730442486538
434	3275	0.0016793050196068106
434	3285	0.0010084318183939459
434	3303	0.0010291159577581937
91	3269	0.0021183697721092794
1015	3279	0.0027010172624529977
3264	1170	0.002105263157894737
3264	910	0.002105263157894737
3264	731	0.00103461022189206
3264	1732	0.002596000846751545
3264	1547	0.002105263157894737
3264	3126	0.002105263157894737
731	3295	0.0022203600637005
731	3303	0.0009988420783044645
1732	3302	0.0035527163267003808
3265	33	0.0017520377070208038
3265	403	0.0018585129999272255
3265	658	0.002105263157894737
3265	1114	0.002105263157894737
3265	3048	0.0006666006042887069
3265	651	0.0007765830297525051
3265	3121	0.002105263157894737
3265	690	0.002105263157894737
3265	229	0.002105263157894737
3265	849	0.002105263157894737
3265	3296	0.0012424591751218255
33	3282	0.0007302496402305635
403	3304	0.0018587219779445205
3048	3273	0.0006734252719368865
3048	3291	0.0011291225906574648
651	3269	0.0016468316731817864
3266	737	0.002105263157894737
3266	466	0.002105263157894737
3266	342	0.002105263157894737
3266	295	0.002105263157894737
3266	1889	0.002105263157894737
3267	1539	0.002105263157894737
3268	1388	0.002105263157894737
3268	535	0.000776772736776948
3268	2557	0.002105263157894737
3268	1533	0.002105263157894737
3268	2292	0.002105263157894737
3268	2442	0.002105263157894737
3268	2138	0.002105263157894737
3268	3294	0.0016680263518486552
535	3279	0.0014961701020507563
3269	3270	0.00727992514116616
3269	182	0.002105263157894737
3269	2938	0.002105263157894737
3269	157	0.0016616112265846336
3269	1948	0.0013710936307755306
3269	691	0.0018904194442322098
3269	481	0.002105263157894737
3269	23	0.0012952617494590825
3269	1844	0.0014421484772772432
3269	617	0.002105263157894737
3269	717	0.002105263157894737
3269	2679	0.0013710936307755306
3269	502	0.0012076650446745415
3269	327	0.002105263157894737
3269	81	0.002105263157894737
3269	45	0.002105263157894737
3270	6	0.0007683133831687357
3270	797	0.0020881953221794577
3270	2679	0.0007341695271191995
3270	1948	0.0007341695271191995
6	3272	0.0013831743545402752
797	3286	0.0016033160179793713
157	3296	0.0005999946192096648
691	3273	0.0009189883199557761
691	3291	0.0015740559323949152
691	3297	0.002105263157894737
23	3273	0.0006137213855556793
23	3296	0.0005058912521477974
1844	3273	0.0007250688156628103
502	3291	0.0009634783521438576
1235	3271	0.0013732063640545093
1235	3284	0.0034006229650687062
1235	3300	0.0029150171858934337
3271	2076	0.002105263157894737
3271	2489	0.002105263157894737
3271	1255	0.0013732063640545093
3271	1149	0.002105263157894737
3271	576	0.0006505052342282776
3271	1474	0.002105263157894737
3271	1033	0.002105263157894737
3271	42	0.0017706850029784462
3271	1269	0.002074362116109657
3271	290	0.0007859091841892667
3271	249	0.010686565715512129
3271	471	0.002105263157894737
3271	3300	0.005546176004307382
1255	3284	0.0034006229650687062
1255	3300	0.0029150171858934337
576	3300	0.0014547579236664598
42	3299	0.0006759528994920964
1269	3284	0.0018332634819379797
290	3299	0.00031091578737225386
290	3300	0.001349812930909022
249	3276	0.011685386197008417
3272	3173	0.0021052631578947372
3272	637	0.0021052631578947372
3272	159	0.0007204776698740795
159	3293	0.0015078388262071796
3273	936	0.002105263157894737
3273	494	0.002105263157894737
3273	215	0.002105263157894737
3274	2773	0.002105263157894737
3275	3109	0.0011052872382877217
3275	876	0.0013504235238721027
3275	2926	0.002105263157894737
3109	3291	0.0010929732979369916
876	3285	0.0011367375474572703
0	3276	0.002105263157894737
3276	1100	0.002105263157894737
3276	557	0.002105263157894737
3276	2214	0.002105263157894737
3276	292	0.001049618824631641
3276	349	0.001049618824631641
3276	2572	0.002105263157894737
3276	373	0.002105263157894737
3276	126	0.002043941202583375
292	3298	0.0012289539657744516
349	3298	0.0012289539657744516
126	3280	0.0016948711620667376
2157	3277	0.002105263157894737
3277	504	0.002105263157894737
3278	400	0.0008506198195567555
3278	1005	0.002105263157894737
3278	27	0.0012565487249866238
3278	1736	0.002105263157894737
3278	30	0.0008506198195567555
3278	2285	0.002105263157894737
400	3298	0.0014221354840764058
27	3286	0.005188639806350567
27	3294	0.0031909672220590095
27	3298	0.0036454565530462373
30	3298	0.0014221354840764058
3279	3280	0.00691122839950596
3279	2095	0.002105263157894737
3279	2092	0.002105263157894737
3279	1925	0.002105263157894737
3279	794	0.002105263157894737
3279	1649	0.002105263157894737
3279	1700	0.002105263157894737
3279	2111	0.002105263157894737
3279	1312	0.002105263157894737
3279	1903	0.002105263157894737
3280	3169	0.002105263157894737
3280	2401	0.002105263157894737
3280	385	0.002105263157894737
3280	3107	0.002105263157894737
3280	120	0.002105263157894737
3280	1045	0.0009821753391285283
3280	1861	0.002105263157894737
3280	536	0.0009821753391285283
3280	996	0.002105263157894737
3280	3070	0.002105263157894737
3280	2751	0.000982175339128528
3280	2147	0.002105263157894737
3280	1590	0.002105263157894737
3280	1315	0.002105263157894737
3280	1469	0.002105263157894737
3280	2001	0.002105263157894737
1045	3294	0.001355669353660424
536	3294	0.001355669353660424
2751	3294	0.001355669353660424
3281	831	0.002105263157894737
3281	1888	0.002105263157894737
3281	862	0.002105263157894737
3281	1336	0.002105263157894737
3281	1225	0.002105263157894737
3281	615	0.002105263157894737
3281	1021	0.002105263157894737
3281	117	0.002105263157894737
3282	759	0.00035804908133760786
3282	952	0.002105263157894737
3282	2922	0.002105263157894737
759	3295	0.0020787838035321426
3283	2253	0.002105263157894737
3283	1317	0.002105263157894737
3283	132	0.002105263157894737
3283	154	0.002105263157894737
3283	1037	0.002105263157894737
71	3284	0.002105263157894737
3284	166	0.002105263157894737
3284	1335	0.002105263157894737
3284	728	0.002105263157894737
3284	2584	0.002105263157894737
3284	1498	0.002105263157894737
3284	2284	0.002105263157894737
3284	3197	0.002105263157894737
3284	875	0.002105263157894737
3284	977	0.002105263157894737
3284	819	0.002105263157894737
3284	2279	0.002105263157894737
3284	1387	0.002105263157894737
3284	1363	0.002105263157894737
3284	894	0.002105263157894737
3284	830	0.002105263157894737
3284	74	0.002612558979165254
3284	1634	0.002105263157894737
3284	1256	0.002105263157894737
3284	37	0.002105263157894737
3284	332	0.002105263157894737
3284	503	0.002105263157894737
3284	436	0.002105263157894737
3284	667	0.002105263157894737
3284	1953	0.002105263157894737
3284	1357	0.002105263157894737
3284	903	0.002105263157894737
3284	613	0.002105263157894737
3284	2550	0.002105263157894737
3284	2677	0.002105263157894737
3284	2986	0.002105263157894737
3284	1090	0.002105263157894737
3284	1252	0.002105263157894737
3284	176	0.002105263157894737
3284	2384	0.002105263157894737
3284	1915	0.002105263157894737
3284	1150	0.002105263157894737
3284	2282	0.002105263157894737
3284	1	0.002105263157894737
3284	2339	0.002105263157894737
3284	1528	0.002105263157894737
3284	96	0.002105263157894737
3284	1220	0.002612558979165254
3284	852	0.002105263157894737
3284	1944	0.002105263157894737
3284	1154	0.002612558979165254
3284	1841	0.002105263157894737
3284	1307	0.002105263157894737
3284	1217	0.002105263157894737
3284	1954	0.002105263157894737
3284	1128	0.002105263157894737
3284	1231	0.002105263157894737
3284	2515	0.002105263157894737
3284	2186	0.002105263157894737
3284	2162	0.002105263157894737
3284	167	0.002105263157894737
3284	3309	0.05738548980424958
74	3300	0.0032739250956984873
1220	3300	0.0032739250956984873
1154	3300	0.0032739250956984873
3285	3286	0.011585573546723826
3285	1619	0.002105263157894737
3285	211	0.001357562653908
3285	1510	0.0014360139679262007
3285	339	0.002105263157894737
3285	525	0.002105263157894737
3286	1236	0.002105263157894737
3286	107	0.002105263157894737
3286	628	0.002105263157894737
3286	2989	0.002105263157894737
3286	171	0.002105263157894737
3286	1214	0.002105263157894737
3286	2964	0.002105263157894737
3286	65	0.002105263157894737
3286	1423	0.002105263157894737
3286	3134	0.002105263157894737
3286	1972	0.002105263157894737
3286	1054	0.002105263157894737
3286	1484	0.002105263157894737
3286	677	0.002105263157894737
3286	951	0.002105263157894737
3286	190	0.0026630106839003963
3286	722	0.002105263157894737
3286	2969	0.002105263157894737
3286	550	0.002105263157894737
3286	824	0.002105263157894737
3286	2952	0.002105263157894737
3286	1735	0.002105263157894737
3286	1551	0.002105263157894737
3286	820	0.002105263157894737
3286	92	0.002105263157894737
3286	1613	0.0017018440727813262
3286	1510	0.0006692491899685347
3286	2217	0.002105263157894737
3286	1985	0.002105263157894737
3286	3064	0.002105263157894737
3286	3295	0.022152933222325536
211	3305	0.0014823072349990415
190	3290	0.002141421801670282
1613	3301	0.0015771239725441391
3287	2657	0.002105263157894737
3287	1743	0.002105263157894737
3288	3289	0.004826144481230114
3289	736	0.002105263157894737
3289	2642	0.002105263157894737
3291	2678	0.0021052631578947372
3291	2290	0.0021052631578947372
3291	1447	0.0015267329599494533
1447	3296	0.0006673777392977413
2996	3292	0.002105263157894737
3292	90	0.002105263157894737
3292	563	0.002105263157894737
3292	515	0.002105263157894737
3292	1002	0.002105263157894737
3292	1673	0.002105263157894737
3292	998	0.002105263157894737
3292	175	0.002105263157894737
3292	3292	0.0
3292	1247	0.002105263157894737
3293	3022	0.002105263157894737
3293	684	0.002105263157894737
3293	1159	0.002105263157894737
3293	644	0.002105263157894737
3293	2404	0.002105263157894737
3294	2656	0.002105263157894737
3294	1496	0.002105263157894737
3294	933	0.002105263157894737
3294	329	0.002105263157894737
3294	3162	0.002105263157894737
3294	1525	0.002105263157894737
3294	1963	0.002105263157894737
3294	1296	0.002105263157894737
3294	2992	0.002105263157894737
3294	1127	0.002105263157894737
3294	3167	0.002105263157894737
3294	1265	0.002105263157894737
3294	1242	0.002105263157894737
3294	3294	0.0
3294	2148	0.002105263157894737
3294	534	0.002105263157894737
3295	309	0.0021052631578947372
3295	1586	0.0021052631578947372
3295	1900	0.0021052631578947372
3295	2762	0.0021052631578947372
3295	818	0.0017382908059565285
3295	1366	0.0021052631578947372
818	3311	0.0004871764702190676
3296	389	0.002105263157894737
3296	1016	0.002105263157894737
3298	1098	0.0021052631578947372
3298	1740	0.0021052631578947372
3298	2311	0.0021052631578947372
3299	3300	0.011060252434856916
3299	1964	0.0021052631578947372
3299	3098	0.0021052631578947372
3299	3020	0.0021052631578947372
3299	514	0.0021052631578947372
3299	705	0.0021052631578947372
3299	1933	0.0021052631578947372
3299	3044	0.0021052631578947372
3299	1670	0.00017496749907920772
3299	1969	0.0021052631578947372
3299	857	0.00017496749907920772
3299	1718	0.00017496749907920772
3299	687	0.001376224770429574
3299	704	0.0021052631578947372
3299	1355	0.0021052631578947372
3299	3102	0.00017496749907920772
3299	1704	0.0021052631578947372
3299	506	0.0021052631578947372
3300	1670	0.0019302956588155293
3300	479	0.002105263157894737
3300	3040	0.002105263157894737
3300	2129	0.002105263157894737
3300	3102	0.0019302956588155293
3300	1718	0.001930295658815529
3300	2408	0.002105263157894737
3300	857	0.001930295658815529
3300	1458	0.002105263157894737
3300	277	0.002105263157894737
687	3309	0.002704208042768451
3301	3035	0.002105263157894737
3301	1764	0.002105263157894737
3302	348	0.002105263157894737
3302	2369	0.002105263157894737
3302	1014	0.002105263157894737
3302	2980	0.002105263157894737
3302	1846	0.002105263157894737
3302	1093	0.002105263157894737
3303	869	0.002105263157894737
3303	199	0.002105263157894737
3303	2953	0.002105263157894737
3304	446	0.002105263157894737
3305	3306	0.0016307561913311219
3305	686	0.0011856177501310262
3306	3005	0.002105263157894737
3306	583	0.002105263157894737
3306	1502	0.002105263157894737
3306	2994	0.002105263157894737
3306	1260	0.002105263157894737
3306	1299	0.002105263157894737
3306	1069	0.002105263157894737
3306	28	0.002105263157894737
3306	686	0.0009196454077637105
3307	3308	0.002105263157894737
3308	2585	0.002105263157894737
3308	2718	0.002105263157894737
3308	321	0.002105263157894737
3309	301	0.002105263157894737
3309	2020	0.002105263157894737
3309	2216	0.002105263157894737
3309	1089	0.002105263157894737
3309	1050	0.002105263157894737
3309	552	0.002105263157894737
3310	3311	0.0020963777490531697
3310	1491	0.002105263157894737
3310	1055	0.002105263157894737
3310	624	0.002105263157894737
