1615	2.6862761085522585e-05
2909	0.0005496237637556886
1774	0.0002341197162400134
685	1.8098624969992684e-05
2385	0.00018429941068969223
1549	4.429144961089927e-05
1290	1.8438233320272843e-05
1170	0.0003004826704648672
2028	0.00025655884094602586
724	0.0002070897029498613
2379	2.2682719630338047e-05
1105	1.9293417622862155e-05
2910	0.0009711276264499351
2911	0.000495819604124576
649	0.004563727003632765
132	0.00031045670852843473
406	0.0005022454915130933
94	0.0480677895202676
189	0.06734637308870092
106	0.040301028200216645
871	0.0
2728	1.2518779548912433e-05
40	0.05899668268081079
2912	0.0006944651838326712
75	0.007713543608949599
541	1.1376614101625446e-05
2702	4.4863116541964895e-06
138	0.0006600621046439604
384	0.008234348186169452
2438	0.0002233907892148593
1062	3.2524673546068605e-05
565	0.00021055925024551653
101	0.004564984201161374
1694	0.0003992341381738514
405	0.00033155002423372956
404	0.00012072645595874512
2913	0.003681402956373163
21	0.2225863150141193
232	0.0003776393828040196
34	0.003394333201365129
912	1.116657980983634e-06
179	0.0005829871092090648
350	6.978000502273936e-05
1222	0.0014092491074276128
357	0.00603226377038264
211	0.0003782582519212258
9	0.005069478727980461
63	0.08995144996487738
1776	1.3426291408039407e-05
309	0.00016912125990002974
2736	1.0754571031951992e-06
1128	0.0005082549763518123
366	0.0016699766537315356
1325	7.885166130261458e-05
2704	7.449738847774855e-07
689	1.4968944146080163e-05
1074	0.0
42	3.211848661150685e-05
2914	0.0024708367550610173
1180	0.00036651919898126754
2489	5.899608191407741e-06
292	0.0013039229804065054
1877	0.001014538166907336
274	0.0017131237361962467
278	0.0011668765532845424
2095	5.1134884183204126e-05
687	0.0002466320767124802
2261	1.1339876968647755e-05
595	0.0006180840460459239
726	5.3379634469731905e-05
1876	4.254029317611811e-05
409	0.0011936220265142486
252	0.005239024785734483
713	0.00014682637100304759
2915	0.0016820049439725936
858	0.0007278091707104897
552	7.061800744942113e-05
891	0.00037838331054900056
2076	9.954809708964466e-05
2715	1.4339835227836759e-05
2073	0.0
928	0.0009081844481087231
243	5.260872608316e-05
1963	0.0
2002	7.991403687901789e-05
979	1.053931932498174e-05
2202	1.621073926840431e-06
2916	0.00569943510662766
1955	1.7960031868649288e-06
217	0.001531187247084816
1740	3.226251967752418e-05
2371	0.0
2177	0.0
2057	4.4801829002603327e-05
851	2.231388804164311e-06
1470	0.0
1371	1.621073926840431e-06
2176	3.1163487316443026e-07
1160	5.644863064807383e-05
2527	0.0
450	1.5491184702999725e-06
2917	0.0007241502858499202
1662	1.0262574770540742e-05
1919	2.445646575010929e-06
618	0.000189250435985238
1394	0.0003369453798858305
2918	0.00047681495477942804
26	0.00015169517194707247
2241	2.1628419125411418e-07
1625	0.00013652973005655772
508	0.0007804312432305474
314	0.00037499711571032285
2919	0.0006959246288423444
1259	0.000744612724621282
1424	7.569429559633071e-05
7	0.00015142594121618662
538	3.573906460084446e-05
996	2.57511713093589e-05
969	0.0
112	0.01417684583471221
1775	4.852522988142053e-07
1383	1.2567656374052277e-05
2920	0.0010231284050640954
2921	0.0007028903229612436
371	0.0016083523108496338
2180	0.0002606810529874099
139	0.0
1043	0.0007268609207961056
1308	0.0005832931401868194
2718	4.368781796074692e-07
2922	0.0006817770346256008
481	0.0007525609468322996
2923	0.0001192443580523749
1915	9.727933051572681e-05
2515	9.742633050386979e-06
875	6.960418512489156e-05
503	0.0010231514736102156
2924	0.00014399239082892504
818	5.543418861538069e-05
1583	3.829931157653846e-05
1529	0.00026721922022793644
2925	0.00016919725200186794
2182	0.00047553206178926796
2455	0.0002065473845979135
1030	9.580540169134191e-05
1333	0.004174626783276424
1386	0.0013074601404327144
1178	0.0003386275770049073
184	0.0003999276989013549
2926	0.0006746031484442129
2927	0.0027641284398978896
1065	1.965102068316049e-06
1845	1.965102068316049e-06
1127	1.6452318529983515e-05
1821	0.00018448666381064562
739	9.90821230620836e-05
762	0.0004059025496034328
1073	0.0002231555256709024
294	7.315639558792613e-05
1719	5.888184256979301e-05
1587	0.0
329	4.293005698434082e-05
1291	1.0632717704123463e-05
269	0.0007992425371704738
1898	0.0
1060	2.770814787737199e-05
2928	0.0006040862589509524
2929	0.0010442979907014812
1505	2.2045378745230335e-05
1506	0.00037419717836910426
69	0.056838528137876605
2633	9.437211299875994e-05
2930	0.0006439146020977371
2931	0.00183807093344013
1482	2.5652369505003744e-05
632	0.00014925190794322216
764	0.0004747477318831042
787	0.0009963660614795348
1131	0.0
471	3.911070939847832e-05
509	0.001157361569633867
1033	6.972435563096672e-05
2932	0.0032799700217292236
2933	0.0008728109503406418
797	0.00023512826671610464
208	4.933804796103751e-05
1203	0.00031324319718695887
1442	1.3860944649038364e-06
2187	3.2538473782047746e-05
1881	0.0
1400	0.0007125935260375756
1042	0.00047180990985239645
637	1.3345035404627301e-05
550	0.00010144064859118391
340	0.00045514819304982775
908	0.00020264697197857966
2503	0.0004453274517569325
2229	8.221998226682452e-06
1134	1.3860944649038364e-06
192	0.00030111518676879457
2070	0.0005644198807414491
1274	3.382787241746296e-05
2021	5.173784129321311e-05
237	0.00044096579902930255
738	3.4195508153039185e-05
306	0.0010395017166109364
32	0.0001011047827308016
35	0.0004469966004721887
1621	0.00045161865901161653
2295	0.00010021838850417713
1516	9.81024514773693e-06
727	0.00014974626881286807
2934	0.002318340418586364
2935	0.0030810301143469453
881	0.0
2	0.0006400198671257659
2292	0.000286791170901557
1046	2.072151845795285e-05
2074	5.1845128117115816e-05
819	0.0011760280322824748
293	0.00036770338596982705
2151	2.639966729665266e-05
1941	5.69656604324132e-05
774	1.7854712700403182e-05
387	0.001223228296865618
1689	0.00011758615526595154
27	0.00021055872916545557
2426	7.314415118946223e-05
1054	4.739875652116868e-05
378	0.0
1510	0.00011266437061579324
1146	2.8749050938765798e-05
1577	0.000257879244735843
1609	4.77182631939246e-05
1707	2.52874288019826e-05
2738	8.418603330824256e-06
386	0.00038540317851046307
1978	0.00019789691870999152
307	2.1463610125599387e-05
191	0.001142853292919334
2936	0.0008737661512847969
2937	4.795571990851933e-05
2938	0.0
181	0.0001985842897370639
113	0.0026049309775428445
260	1.3774312333099231e-05
394	0.0002464530971740036
2939	0.00013851645678108427
1286	0.00016005874033817347
1045	0.0015743547186120913
2940	0.0019984422272124346
2941	3.888797700618418e-05
1385	3.8909839588851486e-07
2181	1.2288154966917298e-05
2942	0.0008081528623531543
601	0.00037644170735114357
2108	2.6475051977667592e-05
134	0.0011986415866465892
791	9.626090818017461e-05
876	0.0002604555861900001
1589	6.135032464749721e-07
869	1.1629583209734118e-05
2943	0.0020470155406077544
161	2.0204520504386637e-05
1749	0.0007191891512273347
758	0.00031065264166144817
25	0.0018915654783860068
30	5.064258717193005e-05
338	0.0028922012342093
1302	8.892730796943328e-05
379	5.4032858279244354e-05
1055	5.554508090819126e-05
943	4.853943619948385e-05
2944	0.0001916195276876412
98	0.00021127106935930087
950	3.324821897884743e-05
388	0.00038321925948916493
617	0.000931714519908589
231	5.0213545056295876e-05
426	0.0007905107822163665
23	0.0008859235000050095
494	0.0001710450495727155
999	0.0003434456325382895
48	0.0016836660730048564
1844	7.166577805697177e-05
61	0.004618624004093333
157	0.0017317710709681352
201	0.0035523501433498417
2945	0.002888701369188819
2946	0.0031608306497945067
1700	0.00029295448453134723
97	3.85395418337725e-05
497	0.0003207578085281689
980	0.0006617115105894984
536	6.288514426375537e-05
272	0.0009626143025805644
268	0.00020662947446641522
400	0.003756643504016957
781	9.35649864681627e-07
705	6.612178095385193e-05
1224	0.0016259714256604179
151	0.001196964474073624
510	0.0003592440976870568
1270	0.0009730695814713725
2947	0.0022061499009148923
2948	0.0017943467501550332
334	2.640958403575483e-06
24	6.183736957288446e-05
1063	0.0001341029838241321
490	0.00011434884029567307
146	2.842876003067435e-05
353	7.923168473268295e-05
467	0.0002559072879350534
264	0.0003131445536386027
569	0.0007777362639151825
703	0.00011789242138092447
299	0.0008236013869789484
688	0.0
2174	0.0
1724	0.00042174193017422177
1121	6.189991782489558e-07
318	7.667717122862794e-05
1398	1.0981376397743522e-06
1910	0.00016229924368912243
657	0.0012435710946367203
1551	4.130188980553101e-05
822	0.0025326842198430295
2949	0.001339678220636198
2799	0.0
2522	0.0
2061	5.9868047564478835e-05
2950	0.00018098380657042312
142	0.0002531694981346891
285	0.0020911216964140293
1500	7.567773882328752e-07
2951	3.707413325870132e-05
796	0.0023144388951053057
749	0.0016728541644829486
1379	0.0012292327390015557
2952	0.00033757214913456295
525	3.1080010780465734e-05
559	0.001960686258432337
322	0.00284448680601313
582	9.490543592709152e-05
2953	3.435005268583004e-05
2954	0.000246736491586702
2955	0.0019181185378815073
2745	0.0
53	0.0004928648841202143
1346	1.264323055732597e-05
2956	0.0003050641701067177
2957	0.0005222371725352508
1884	5.301426025505277e-05
1525	0.0
2509	0.00010069797512006763
2958	1.3993556774073418e-05
592	0.002637529789197071
985	0.00011383639911255563
2959	0.003014160367042142
45	2.6513497498303504e-05
2762	0.0
403	0.0004996678605908688
548	0.0005729588633410392
721	2.1765915014598554e-05
2226	7.650390877534974e-06
492	0.0007131308750064074
182	1.4431814303396714e-06
629	0.00038702472087260377
33	0.00026202800819894503
1399	0.00013403457819955185
691	0.0003540433745995936
895	4.145256424470966e-05
2679	3.4338925718120624e-05
730	0.0008602053183180215
236	6.615424626856982e-06
43	0.0003454177119116967
119	0.0007241702308658203
2960	3.54206189235492e-05
2303	0.001397402046828224
2395	6.63863354676351e-05
2961	0.001351697036317657
2962	0.0009203249180389681
1637	1.935895666413648e-05
1899	1.2115518337189017e-05
1015	2.0995338236385617e-05
392	0.0008789664432926094
1084	5.527631557113721e-05
1157	1.9253454617195516e-05
1862	0.0001191918009098339
95	0.00028683957411410835
1380	8.328462847032305e-06
20	0.0011282628711322647
665	5.582824857408836e-06
108	2.7451090475584387e-05
590	5.967566330295792e-06
1237	0.0002872918458232554
886	4.393188143390605e-05
731	0.0003042946144894038
792	0.0004904480507344187
434	0.000510351521386828
889	9.394937723122298e-05
185	1.6162034312779996e-05
1216	3.259839485702771e-06
708	0.0006085251330661472
91	1.1205936684883883e-05
2963	8.70224116476264e-05
2964	0.004282293080366658
123	0.0010145622899799134
282	0.0009957860514596814
1783	0.00030571338211438765
1248	0.0005262775425256816
327	7.916014630492853e-05
325	0.00019116201746663205
519	0.0011882040637772714
1153	0.0003554053689441444
311	3.409614475704565e-05
651	5.639727344782165e-05
566	0.0006147494747269728
391	0.00023023313077531708
2965	0.000991689690004754
894	0.00026850914196163673
686	0.0003218972251999519
1406	3.236621223439714e-05
882	9.842854338051312e-05
67	0.00018245992032077404
2966	0.00365442686584645
188	2.7652961557860362e-05
1034	0.0
499	0.0006959674411361613
845	5.3482656798455745e-05
1488	0.0008828125083576445
1027	3.275926458259892e-05
1405	6.0212446666284416e-05
1715	0.0
681	0.0
694	6.23552881854986e-06
1002	2.421101535325567e-06
1240	8.254257550009538e-05
557	5.4156901151751075e-05
1840	0.00013743057424495922
1452	3.5649668627670324e-05
464	1.1940375085703337e-05
553	0.0002686476944113043
2967	0.0007216418950514972
2968	0.00027097410939203216
2625	5.157825256443384e-06
1622	5.7643728811911304e-05
407	0.0
475	0.00019414954297040764
2969	0.002964006790098151
2970	0.006149464454827057
625	8.485359392440196e-05
424	0.00042910983646258626
477	4.365919791962431e-08
1330	0.0001244094800375944
504	3.1431435207917847e-06
2662	4.1608009164900037e-07
776	2.1590086818527917e-05
2144	4.5973928956862473e-07
223	0.00016417481641073722
1449	0.00013580803587216416
153	0.00026307014984620853
1437	1.711244187778418e-06
1143	0.00021050192640863655
1523	5.113288689624197e-05
1107	3.928417931754686e-05
1021	0.0006897535652935372
2441	2.5565855671473583e-07
1273	7.838213660520283e-06
1851	0.0
2158	2.3621518548322774e-05
814	0.0016412507111609475
975	1.7181223711884486e-06
1050	4.4376641228095725e-07
2367	9.648920417064222e-06
454	6.847453682563555e-06
222	2.5565855671473583e-07
2145	1.4544264560445112e-05
126	0.0007247193190320825
2971	0.0005073354169259589
2972	0.006267153001503636
1377	3.3444045218595036e-05
2421	8.68975679869455e-06
892	0.0002453359434400948
1147	3.0402277915235975e-05
670	6.256771368198547e-05
682	1.441729298676736e-05
284	0.0001738057538475276
402	8.550841065446023e-05
1124	0.0022135388009547337
753	4.045531455957254e-06
1212	0.00014510927829239115
1606	0.00023218884509924932
1859	9.43537884290679e-06
275	0.00019081978815307222
1159	0.00025822275326005395
1114	4.71778424178096e-06
446	0.0004643537016313145
473	0.00018723440829218976
547	1.510601442070574e-05
1660	9.074043378109601e-06
82	0.0001224619357438491
111	0.0002773870226548074
136	1.2392731538380967e-05
658	7.929430262820384e-05
1803	0.00022425180779440823
46	5.845516102950299e-05
440	3.592245555318636e-05
5	2.2282332840930728e-05
1632	7.842602742231676e-05
1016	2.3197848141544175e-06
849	5.312101523259223e-05
771	3.3469338468514738e-06
887	0.00017290554364163865
1748	4.6548936676832745e-05
810	0.00021373881181506305
1802	9.49485024963637e-05
396	0.0009369343919452495
99	0.00039936908652401246
2973	0.0011697888617833126
2213	0.0
1324	1.0496651328239597e-05
2974	0.00160439756022351
435	0.00014236740497443388
801	2.7575427939628537e-05
1744	7.406368902852185e-05
1485	0.00013236783300579625
376	0.00013397619647978655
2975	0.0
2976	0.0014678893094193463
2857	0.0
109	0.0003979086666811744
6	0.0013510259344217707
680	3.137313303025776e-05
13	0.0
2977	0.0015321739263699048
2978	0.0016834174289547042
2606	0.0
619	2.628571802616667e-06
1857	5.463099056609051e-05
1080	6.11974312694957e-05
137	3.746342946004065e-05
2203	0.00013197850286760331
127	5.819443260499439e-07
1764	4.232777785121959e-06
987	5.025768124923824e-07
655	0.0001338873075340802
417	0.0004945278050759377
2117	0.00016808080515548442
2979	0.012124660814578872
2482	1.2248854429411123e-05
2244	0.0
1629	0.0
788	0.0001516929715939976
1310	6.809534911084088e-05
1322	0.0
1563	4.328558273798782e-05
2486	0.0
1676	0.0001251790849995528
244	4.772394157865833e-05
216	1.3851131160987312e-05
1040	0.0
570	0.0
1483	0.0
1597	0.0
1527	0.0
2433	0.00017803392212917664
1058	0.0
1208	0.0
323	0.0
2143	4.752434410847992e-05
752	0.0
1407	0.0015368365092528753
168	1.3851131160987312e-05
1151	2.7832385507527648e-05
1530	0.0
1419	1.3851131160987312e-05
1520	3.904000143726085e-05
532	0.00020604714762938338
410	0.0
62	3.8501709703624444e-05
2980	0.0005327628270605437
472	6.257509963421812e-06
676	9.178148403160795e-05
2570	4.6697713545522165e-05
254	0.00044079670461710004
2981	0.0007242657039474112
2806	6.654352354078923e-06
1006	0.000543140162434186
2982	0.0007986290843611809
630	0.0
444	0.0004647146676103252
2983	0.00308278778544488
2984	0.0024003679257128398
502	3.689101962282983e-05
326	0.0009652966070754856
585	0.00019260429644449282
2562	3.6801052718755385e-06
1359	0.0007049851776093798
1912	1.128372190553318e-05
951	0.0004543058050278535
226	3.517459856351298e-05
603	5.3122580958027376e-05
1103	0.0002502418373977956
389	1.555124571874429e-05
1834	0.0001414971008498425
2033	8.94166717283465e-05
215	0.0003918801651384135
650	0.00015437184490283074
447	0.0002980084294796966
759	0.00014182967011588092
1426	0.000380090008443386
81	6.657019545511992e-06
2153	3.7505051671231176e-06
1352	4.368412992780439e-05
1885	6.198168293424765e-05
1023	0.0015734053204211089
1207	4.247256384851024e-05
838	0.00011191955864294624
2985	0.0006295607492451365
1148	0.00028189434531081855
1415	1.2789670533208984e-05
1445	5.629788531436865e-05
1139	0.0003211416897129659
1092	7.590715844645056e-07
147	3.2901508075042944e-06
2986	0.0007860563106039524
2987	0.004555400584718079
817	0.00010796359560844476
983	2.1312538162398805e-05
2082	2.222810114685598e-05
864	4.1587110594424034e-05
716	0.0019538982508591446
737	8.090153709350216e-05
1031	0.00018424224434543342
1913	1.782684929990266e-05
935	2.4566415811804796e-05
14	7.203259122456337e-06
1793	2.9489655081157075e-06
2552	0.0
1564	0.0007169221187099596
19	0.0007056817290584495
16	0.00021402010612097758
2988	0.0006376598396462294
344	0.0006041403077559793
316	0.00019493412588693858
2138	0.0012340042940911767
423	1.2489245684477544e-05
2989	0.005443591312876664
2990	0.012710991139392816
1882	8.853354897805643e-05
1137	1.150773646797379e-05
2288	8.941043675278718e-07
1465	6.674175348737147e-06
491	9.539966292521036e-06
2400	1.851889676335225e-05
70	0.0005635388456526505
462	0.00013967048166920506
335	0.000806803961659745
1593	7.070017520383107e-05
766	5.223374452162462e-05
857	0.00013350630578229147
830	1.142888838249969e-05
463	3.8543180401628044e-05
594	0.00012713199322576926
1967	1.0806811139353474e-05
486	6.711926837375489e-05
1871	1.3109575973525513e-05
361	0.0
613	0.0017480414076058751
2649	2.0697312444152685e-05
1387	5.471267191813075e-05
1115	0.0002613315547263057
2685	2.326149174464288e-05
556	0.00018505182631153104
1534	3.3087893222189366e-05
1123	0.0003740379554465395
2537	2.2012788581725976e-05
1320	3.8108003708261706e-05
290	0.00038329005600548963
1211	2.631198840376136e-06
333	1.0020617099746383e-06
2719	1.1953507595032545e-06
1486	5.48656267120723e-05
554	6.244593022480333e-05
2305	7.308804036545841e-05
1536	1.9606093719848276e-05
575	0.0006301579005089422
102	3.60766445837209e-05
438	3.4394174627371673e-06
883	6.233954217819259e-05
1112	0.000147781995856555
1677	3.186332921097404e-05
2991	0.0021522122602729847
2750	0.0
420	3.3693515793737034e-07
273	7.246501432085039e-05
207	6.29302570860635e-07
2992	0.0018850220394797815
2993	0.0006453825701816421
2456	7.156616009081272e-06
2128	2.26717810111798e-05
2240	4.332031156285678e-05
678	0.00010862928700972913
1739	0.0
1503	7.893389939388066e-06
2994	0.000284046931071587
2995	0.0011379690564961237
1959	8.24448957873133e-06
295	0.00033690359066889937
535	8.321951504187943e-05
2996	0.0002890100122930516
346	2.143369968953633e-05
2997	0.0003365186078415852
1176	0.0002091971956348247
890	4.502856737313011e-06
872	0.0005992494508134784
929	2.089627082736205e-06
701	6.5614925865045925e-06
2998	0.0022975952836464023
485	0.00017634390959713066
579	5.5055209113213975e-05
1695	0.00016573623416900964
1673	1.3086948075765037e-05
1413	4.836740056551935e-06
2999	0.0009278861422079916
3000	0.0009035690910129266
79	0.00019773432188326486
2029	4.459013476835545e-05
3001	0.0015062415922601263
1584	1.92532399528779e-05
1120	1.7557823894006738e-05
289	0.00023682359157613036
1620	6.052916748508082e-06
2404	5.814556312466514e-06
3002	0.0005589895053723447
1553	2.67643252871045e-05
468	0.0004063934297770133
794	0.00021723572701736867
159	0.00023984665811981103
1341	2.4340028918484202e-05
3003	7.467922113477158e-05
513	0.0020535904162603483
4	0.008415737390834914
3004	0.004094664589266929
1022	3.621824712629517e-05
380	3.365801542649006e-05
1391	2.118203518330578e-05
1717	0.0002420629462840488
373	5.906984423790924e-07
2221	1.8564605212327147e-06
853	4.918768417905996e-05
416	0.0003961799426207568
836	0.00040434521786979866
186	0.0001378485802080523
3005	0.02717195733633023
1812	5.3630727388843344e-05
549	1.0184335373824274e-05
1652	6.417757119610809e-05
2275	1.5606151785379038e-05
1019	0.0
2253	0.00017956936062485444
954	5.043863138625393e-05
2361	0.00017397377844186854
746	0.0002456275046150907
683	0.0001203794968389488
1305	3.0796202116554085e-05
966	1.544255267341004e-05
2051	2.691343430071868e-05
2607	3.0208385669537362e-05
2450	6.689168320541006e-05
461	0.0
720	5.140455696113179e-05
529	4.771479786475742e-05
1991	0.0001333686811293357
2227	0.0
1595	0.00023125461352795066
1723	0.0002516505441578336
1309	7.57948278779479e-05
154	0.00018674854166117968
1145	6.793233051301137e-05
1028	0.00044109319880560266
1619	5.6616692850588196e-05
621	0.00042643139147524725
2725	0.0
1661	0.0
480	5.090242182843589e-05
2232	1.0184335373824274e-05
1669	0.00023966924087469855
2165	0.00012180279247820254
1066	0.0
2430	4.6419282649252355e-05
1799	7.185944609156774e-05
266	7.477946154995555e-05
296	0.00012454536285256754
839	0.0
1556	1.5429047215318427e-05
1779	2.8289462044313986e-05
2154	0.0001135709744734832
1068	0.00026721877132209024
1253	4.365899185322838e-05
622	2.691343430071868e-05
2402	0.0010622791742006578
1972	0.00011293629415156775
2464	0.0
1241	0.0001347250530918793
370	4.991357610236829e-05
1351	4.762138003148638e-05
772	0.00025571133835823346
1049	0.00013952568063171008
1378	0.00040737086143869864
1846	4.167677870531874e-05
253	0.0003422010525009479
58	3.929485875581593e-05
639	2.691343430071868e-05
2171	0.0001382514038540236
1571	3.1307614424213246e-05
1029	0.0001061431418500821
1098	0.00010893594536257624
645	0.0001940358736915691
2172	2.5345956765365135e-05
2170	3.500960819354962e-05
2697	0.00014219688352512145
1586	0.0008450300626267895
367	9.692452060622218e-05
324	2.5345956765365135e-05
1829	1.0184335373824274e-05
873	9.760840047098559e-05
1568	9.112176352948951e-05
1130	8.625105138045805e-05
2008	0.0008267517515776532
8	0.00029069990268921976
3006	0.002569960921446807
1636	9.755370430315347e-06
1108	3.864623737420667e-05
1179	2.7232021735285707e-05
2354	9.020484732127352e-07
3007	0.0023852968427227417
3008	0.0009015150449539783
255	0.0001020405224119875
984	5.3424412345222265e-06
534	0.0
2024	3.5912971671101725e-05
775	0.0
1372	6.761495233137052e-05
815	0.00014196725449809033
1533	2.617194565839948e-07
1283	7.87818217915484e-05
3009	0.001564636832455653
368	0.0003401416321083509
1247	1.2458245988154806e-05
1728	0.0
2410	1.1302562716431755e-05
317	7.936588051571668e-05
1472	0.0001748121401967006
1535	0.00036494912075005833
3010	0.0019093100853978596
2185	0.0
1854	2.4029878170334424e-06
2447	1.2189185659639307e-05
2601	3.258784836877066e-05
3011	0.0009791367505760642
1918	2.2329690177869586e-06
3012	0.0031196497331474962
0	3.6140830389248475e-05
2587	1.653052778594508e-05
3013	9.366498187155141e-05
3014	0.004419000768425972
3015	0.0008717310526799698
976	0.00033724806400176163
263	0.0005061058386347186
3016	0.008820721566025855
1617	3.798517456386347e-05
2079	0.00017150954996262435
2451	2.6338677048145e-05
1958	0.0
1759	3.5105868314910276e-06
2102	0.0
93	0.00036468326541134663
2113	2.503697807614274e-06
998	2.3778311773142495e-05
568	4.2851372461821375e-05
604	1.0827334664299265e-05
2590	5.309763212752189e-06
964	0.00019066290930396215
2298	2.8918864973433326e-05
606	0.0003134371270810307
605	9.829651896791711e-05
2078	4.282831877471142e-06
3017	7.467922113477158e-05
3018	0.001850074065078007
909	1.0974435474729556e-05
341	6.585301795630344e-05
38	0.00047288424337576753
3019	0.005420754169492578
2092	2.914648794410228e-05
2072	2.288645887109285e-05
2419	5.689969166158134e-07
283	0.00011566318989074811
2205	8.474910087811088e-05
173	0.00043782043807477844
330	7.196168402610775e-05
3020	0.0027710549381665265
2031	3.914055802238243e-05
1276	5.501725034659689e-05
2131	2.8301672053473668e-05
92	6.319134692756327e-06
1345	1.263658000141697e-05
809	1.4272303006391621e-05
562	0.0003635690047988967
1448	3.348312780131393e-05
31	3.091058085248884e-06
3021	0.006787029203272808
667	0.00026316464456674354
1670	4.070398608981218e-05
1277	1.1615986879405472e-07
1254	1.595566479834437e-05
576	2.8005950738644883e-06
279	6.161477917224693e-06
1206	0.00015924588301371583
542	1.5341513708879719e-07
1949	0.0
496	8.109034339463401e-05
2408	4.5133069944989094e-05
514	2.625659273746249e-07
2030	8.535658300820098e-05
1446	1.3505776009179687e-07
2067	5.054419008608825e-07
1938	1.8626038663987963e-05
1091	0.0
2110	0.0
1169	0.0
947	3.9134394480567615e-08
169	0.00046163408389078775
704	1.2975846724116827e-06
587	5.773772243415288e-05
277	2.6397072946559494e-06
1196	0.0
1543	1.8626038663987963e-05
707	0.0
3022	0.0020335395376603143
2598	0.0
1526	0.0002871654606679536
1155	8.021439917437248e-06
3023	0.003179456870860445
3024	0.0023876757277053236
1826	8.624719868341432e-06
861	5.07019934527175e-05
68	2.2586361206951577e-05
602	8.039080688674055e-05
546	0.00027084498305133934
921	6.979078947000834e-05
1476	5.038893228701322e-06
262	0.00024547324864372205
451	1.007332506788318e-05
1893	3.540872408281378e-06
199	3.902204564804268e-06
647	2.1943048237729044e-05
414	0.00021001683778968362
1985	0.0004062307944977234
218	3.261796958890695e-05
238	0.00029235936852872
320	0.00043350818136195576
1572	0.00013779272675669226
1423	0.0019664053298887175
521	0.00011852942602677246
2044	4.898671741313337e-05
2196	0.00029358492489994526
1781	5.945190118184201e-06
1381	0.00010657881434679269
812	0.0003253335533470607
1300	1.871646920474637e-05
863	0.0003661072475432548
107	4.9827496268579415e-05
50	0.00015031473198927328
3025	0.0014004691716173287
3026	0.0009673259247996375
784	0.00010561964427007992
2768	0.0
1217	0.00013319846477928562
2050	1.933848887361735e-06
436	8.422210574394142e-05
1281	3.949726133756016e-06
1376	7.36200106899538e-06
1841	0.00010161018108689365
1435	0.0
3027	0.0008474626686358981
1183	5.417304916915666e-06
1182	1.1598436549825584e-05
3028	0.0017184309434965061
2521	4.2136990381649555e-06
2374	9.255255144480337e-06
1684	0.0005251254822132341
1113	1.3474869569354316e-05
401	5.26694834009036e-06
3029	0.001881627375704744
1484	0.0005678727340027159
1878	0.00031082159329375936
635	5.474722959173254e-05
3030	0.00018222484454843887
3031	0.0008024523902007069
3032	0.00010091662699802878
2412	9.91812142320287e-08
654	4.536393862547169e-05
1612	2.1183845082226227e-06
3033	0.0016615992331265568
1810	8.308365479112898e-05
905	3.424784982512397e-05
968	3.4915582492798286e-05
855	0.00010956030337928121
1545	5.891688469809169e-05
1550	1.5430635388618262e-05
644	0.0003853219876973338
511	0.00024092411139442244
261	1.1218990968625948e-06
2452	5.5812812784890444e-05
972	7.610189334311463e-05
2162	0.00035465271024447424
3034	0.00019777172988622878
3035	0.0020265471226021434
3036	0.002859816284525406
180	1.0061034092841584e-05
2337	1.6518773379090084e-07
2161	2.783441258869436e-05
952	2.9590225061085534e-05
1110	7.312399342266195e-07
564	0.0018876807352468006
1230	1.7326935179494217e-05
859	2.293047654155692e-05
1447	4.2761219080949826e-05
1099	7.578115936893394e-06
981	5.672136484365981e-06
3037	0.0016158923463309033
2465	1.667409287689278e-05
166	1.9886187761472164e-05
3038	0.0007912550276626295
2133	2.921661161865328e-06
3039	0.0006574948148704441
1347	2.7364078144293134e-05
1125	0.0003170210055863055
1698	0.00027033417155305226
1163	1.5486172049185598e-06
3040	0.001413801948138435
723	1.3659616239326654e-06
177	0.0001482941096358066
1734	4.446064193081303e-05
3041	0.0008027123305122673
3042	0.0022589622622947243
1790	0.00010696623526019005
1096	0.00033331956028747126
176	0.00022508078626491833
874	0.00022148019625143584
88	0.004440874078213274
3043	0.0022353906211452206
717	2.896195545853587e-05
807	7.95183420834413e-05
1071	0.0
3044	0.00102276975576434
1118	0.00019313779984367476
2755	6.769067886506267e-05
2168	0.0
476	0.0002103886252891374
1012	3.212949966011455e-05
1285	3.246357025225229e-05
3045	0.0008892030597776294
3046	0.0006762832938343905
3047	0.002110138813660982
520	2.1821696844646075e-06
443	7.72571874972873e-05
28	8.83957967563089e-05
1581	6.003980649242438e-05
442	0.000643440376698205
2167	4.123499707065285e-05
3048	0.00023630699035481046
3049	0.0
3050	0.0009024772240061251
850	0.0
1522	0.0017202073070441656
3051	0.0035168388972411607
3052	0.0003079949972804696
696	9.214485131395616e-05
1773	0.0004388972087701738
1408	4.246829402000114e-05
2621	0.0001292587708481047
1582	1.0800562334378833e-05
29	0.0001578678321008409
2127	0.0
1299	7.741091842856572e-05
431	7.160840290582143e-05
415	9.659746046241755e-05
904	9.513113984524009e-05
2054	0.0001604783433102334
3053	0.0022313774625104064
3054	0.011830801984543029
1838	0.0
1714	1.9717829717621453e-05
1242	4.396775355939819e-05
305	0.0003634659114221054
958	7.439438127125324e-06
961	2.400762034299052e-05
2132	5.5599256008433474e-05
355	2.6265458190521362e-05
1122	0.0
1070	6.014474087892694e-05
802	0.0
258	7.889572488829218e-05
820	0.001910324325452672
1567	0.00013595784992376724
1328	3.735858987265526e-05
740	0.0
1173	0.0002736766739344149
782	4.839850685185918e-05
1509	3.203192170436705e-05
2376	8.221980726864568e-05
248	4.0528478217759374e-05
133	6.778639235609293e-05
1747	0.0
2087	2.113876765575686e-06
700	4.2775785056224194e-05
1350	7.033822034832474e-05
22	0.00010605743930998987
3055	0.0005509568372793496
879	7.719773239591857e-07
3056	0.0012217784207277844
507	5.200244019571709e-05
1820	0.0001098695732003489
474	5.019698914575328e-06
288	1.522413487037351e-06
2362	0.0
1219	0.0
117	0.0007979193366094299
1475	2.535477915757193e-05
3057	0.0011695336050920493
910	1.1567125271699563e-05
805	1.6379061968673936e-05
128	0.0007203928846368862
3058	0.003213554099954621
1977	0.0001837948867638924
1702	2.314712457317402e-05
900	0.0
249	7.838109615728134e-05
487	3.503161628991834e-05
2320	3.4032130988973874e-05
1225	0.00015324351278130305
3059	2.2675614398035942e-05
418	3.125850415442332e-05
3060	0.0005149925329496473
3061	0.0009249745801798847
1193	0.000520406186502038
2059	0.0
3062	0.0006730278337334176
2838	0.0
1393	7.547583084725414e-06
2186	0.000286896412997965
2655	2.014683929525899e-05
924	0.00010781232303732718
3063	0.0006635829074388447
86	1.4835304834971985e-05
224	0.00011107472797935102
1548	5.599314259495732e-05
3064	0.002213774424946431
3065	0.002362520165483982
230	7.104205895438571e-05
1075	0.0
1202	3.424607477023828e-06
235	4.471127823722715e-05
425	5.887056228053658e-05
1729	8.2108854144091e-06
988	3.269208645999886e-05
1743	2.3867087328902512e-05
2389	4.8598602556019665e-05
1037	6.488131954056915e-05
1460	7.219273421260521e-05
1260	0.0
3066	0.0031651423217487116
2296	3.0312059292990623e-05
2845	0.0
974	0.0
663	0.0
1705	5.442450728376905e-06
2564	0.00034362711188362893
3067	0.004201512318530586
2137	1.797276903698373e-05
1142	1.0327508641123362e-06
3068	0.0018898905248323494
3069	0.0015518257762863017
1944	4.850529755132508e-05
1365	1.5098485704910877e-05
722	0.00033920644560175064
1238	8.418410264038428e-06
862	0.00042868195617892335
893	0.0001708227199420287
1468	0.0
1327	0.00011860864505598455
1644	7.540089913257187e-05
939	6.5141653886510105e-06
3070	0.000500077568555959
3071	0.004779621518690617
1355	8.116827961959013e-06
1753	2.645776522357899e-05
87	4.3406340905414945e-05
2383	4.297560596935212e-05
1149	2.946738333984915e-05
1806	7.633615180638405e-05
2396	0.0001529348053860438
3072	0.000281048016554965
3073	0.003401667405084709
1576	4.5756157119631245e-06
2788	6.653135778650275e-05
197	2.5930285359266026e-05
693	1.5620307103717196e-06
1611	2.2596197042718356e-06
1864	0.0
3074	0.0003476941125516528
1363	3.956446464255576e-05
1307	2.021785948193343e-05
1	5.3657126991997335e-06
3075	0.001779057632973283
3076	0.0008734184870221152
1816	0.0
583	2.8209762391711388e-05
2381	0.0
628	0.0
3077	0.0006091620158235026
3078	0.0028291064574040865
1897	3.301387613126622e-06
684	7.621200422263002e-06
265	0.0
17	4.9028385631912415e-05
2558	1.2503348559577001e-05
1048	0.00026337074742083797
196	1.3582159850541842e-05
3079	0.00026189352767042983
2058	6.894045660645144e-06
3080	0.00047085313333442767
990	7.605690565278396e-05
3081	0.0005933265186103535
3082	0.00451239974254918
1830	7.338784161636585e-05
1555	0.0
1853	0.00012313316144271942
395	3.990206746776522e-07
3083	0.0014006719245395567
2518	8.603802047256201e-06
2423	0.0
3084	0.007064682425627686
3085	0.0011772162426163496
1948	0.000308256735052854
2083	2.744722204353971e-05
2217	6.642712777013642e-05
1789	1.322404772302015e-06
1760	3.568548412432978e-05
72	0.0002484226030190069
1429	0.000596322550535658
352	3.739475190855709e-05
1366	2.4893140159317597e-05
2115	0.0003516584200082988
677	0.00038834239855563166
2081	3.593883189292065e-05
2660	5.0578570213566546e-05
885	1.2901784596553204e-05
1630	0.00010961617981793206
149	0.00046215613523867564
2235	3.2846398437302625e-05
2428	0.00011924052929420535
854	0.00019276371557913705
757	6.849284802203923e-06
2517	3.202527194526812e-05
1010	9.956538318211794e-05
1319	0.0001466605978473544
2403	0.00020690308715088656
1382	3.2452226653914523e-06
381	2.6144292558787703e-06
3086	0.001649117151042425
1867	2.5830030619669e-05
3087	0.0032756555180569915
1562	2.7933087206785237e-06
1425	4.387475509068251e-06
1990	1.3513128163475747e-06
460	1.7815083500708316e-05
1798	2.2489243489025805e-06
3088	0.0003092867221274795
3089	0.0015665317864155847
3090	0.0008014137844701473
1053	5.204465066569053e-05
183	2.818743050764841e-08
610	0.0013026905825929904
3091	0.000801251681472132
1005	0.00022630529079600123
2097	8.12229595974811e-06
3092	0.0015894881399154163
2234	0.0
2023	2.1896908929969323e-05
2700	0.00035005743705322003
3093	0.0012848795017793091
3094	0.0033876862833021413
452	4.1184062900752775e-06
2266	8.387973040218749e-05
2591	0.0
315	5.207062942511768e-05
2274	2.917463312349589e-06
1213	0.00019173662566782936
3095	0.0008355819960039287
3096	0.0012241184036101422
1129	1.9641298487380556e-06
2415	0.0
1343	6.110486424723059e-05
3097	0.0011419232346522997
907	3.799647103429872e-06
3098	0.0047491333822186664
2022	0.0004962539060109361
1358	5.711280719825873e-05
1431	9.948082426921181e-05
946	0.00010111103937519706
1357	8.015333386106377e-05
903	3.076545729039203e-05
162	0.0
3099	0.0006046093466287322
3100	0.006743698211839232
600	1.3341656612996525e-05
1930	0.0002061066344583287
2468	6.020420792141524e-07
957	1.5153190082717951e-05
811	0.0001334092509514055
489	0.0
2080	1.0300671475960376e-05
150	2.776276408939721e-06
206	0.00015516733271772468
821	0.00046037994386241235
2582	0.00016103422322319026
2166	4.965125790935913e-06
2609	0.00014212249818558548
3101	0.003312416746480404
661	6.414548127520367e-05
2752	3.6236199405188876e-06
1271	0.0
1416	6.014991200004089e-06
3102	0.001097660013942847
3103	0.00044555717780929936
2191	0.0
2547	0.0
1782	5.912387932794732e-06
2156	0.00015691761863873645
3104	0.0018902181184366465
936	5.468516339023788e-05
1367	0.00013166369989994658
3105	0.0004373723362867692
3106	0.002322998868609257
2349	8.807908744140302e-06
563	8.54722851580389e-06
607	2.3670657270259505e-05
2019	1.3508537090386541e-05
1499	0.00038161742635316653
699	2.625315806195449e-07
2643	7.302062615983395e-05
286	6.897095311904908e-05
931	3.918910204275859e-06
3107	0.002155709592879659
505	0.0
3108	0.000648211057117042
2746	0.0
1296	0.0008470585203542812
2596	0.0004440289018368013
3109	0.0007782311494520516
3110	0.0008935961228023065
1697	9.950174208190035e-06
3111	0.00041926997480563205
1649	4.258116852332552e-06
3112	0.0012985670255577062
3113	0.0005971211836943266
1204	8.721505805475259e-05
1557	0.0
116	1.9313748838496353e-06
1201	0.00018536186875679368
397	1.6358576442175786e-06
2434	3.883011482483505e-05
2805	4.697714635052877e-06
3114	0.001182815797254618
1934	1.7147639226561393e-05
76	0.0
3115	0.00065706285048632
3116	0.0004906978387738469
3117	0.001006671254783435
2616	2.30989538416075e-06
131	0.0
2225	5.4998740766861254e-05
2688	0.0
3118	0.006752469388764284
3119	0.0008809565886035533
783	7.065214773128774e-07
1797	4.789314295714353e-05
3120	0.0007564485119620065
1868	6.034594584746563e-05
3121	0.0010717143932380381
1643	0.0
2175	0.0
1613	5.511992158934754e-05
1116	5.846679887145973e-05
3122	0.004634106066764171
1519	0.00016397086283261267
751	6.114145162894097e-06
2317	4.248336639789276e-05
2312	9.142663918295455e-05
1933	2.9737557080721068e-05
3123	0.0005299029109179027
3124	0.002610951989969475
2037	2.8916628542309866e-05
2513	6.451944618022816e-06
2285	2.7659543078271024e-05
3125	0.0018709340586098619
308	2.424792230413875e-05
214	0.0
3126	0.001080213905724778
2640	4.180757593884675e-07
3127	3.4367302829798094e-05
848	4.245888568653115e-05
2431	4.62185234098585e-05
3128	0.0037462644975608723
1624	0.0
1932	4.601346904959042e-05
374	1.724405496969862e-05
3129	0.0025050995317607307
2549	0.0
362	1.930357613705968e-05
2777	3.8608059503185094e-05
2387	5.578894599112304e-05
3130	0.0009823778654148626
3131	0.001097915472859902
1188	7.124805534174802e-05
3132	0.0
3133	0.0010509013032221931
3134	0.0006868578008008789
2279	0.0017311058995982545
3135	0.0036028179554626187
977	0.00042342982224779027
1195	1.8189223843892768e-06
1256	0.00034770109186063695
2333	1.3499623357060414e-06
662	2.130937484394519e-06
2576	4.685513476095e-06
2550	1.7267293697115906e-05
2735	1.3499623357060414e-06
1100	9.362745638252756e-05
3136	0.002005485899392176
3137	0.0001520614009124234
1696	0.00024960010440189397
90	0.0001005343527896081
2742	0.0
3138	0.0
3139	0.0
3140	5.1478530576861374e-05
3141	0.001124834095382591
3142	0.0002444250207798526
2740	1.0689514694539153e-05
734	0.00017321119106486883
3143	0.0018316217766419195
331	9.235497537266187e-06
2891	2.3415892413934116e-06
2636	0.0
3144	0.0017528627885319012
3145	0.0006621008212306969
2693	0.0
1521	0.0
2722	0.0
516	1.818621913295822e-05
3146	0.0007330433591077214
3147	0.0014118760234684677
1889	8.603287074635331e-06
3148	0.0013765642237100232
3149	0.0007995301215982308
2716	0.0
3150	0.004534065268567262
78	0.0003818361128737803
1594	1.4282748177774963e-05
2490	0.00017983006128314825
841	7.87391547760505e-06
2809	4.457740835894879e-05
1489	5.248849695897646e-05
1490	1.3156665864625056e-05
1261	2.4919796201565402e-05
3151	0.000356459223650997
3152	0.0002424173623377196
1642	1.1870068668962948e-05
3153	0.0037318577152938115
3154	0.002344570233489221
989	3.169444291130506e-05
65	0.001012412183275216
1228	0.0005482730544955484
1404	0.0
85	7.737612863506213e-06
824	0.0003226433324188402
1825	1.3638771301109855e-06
2466	0.0
539	6.227438336619282e-05
1579	0.00011589909386231444
1692	1.492416418892249e-05
64	1.5614462356056107e-05
190	0.0
312	0.00010483769866489875
561	2.650983061112642e-06
3155	0.0005184719616497657
1354	3.294597274250134e-06
3156	0.003959622513889949
140	7.036465121513468e-05
3157	0.0001929224246815062
1979	1.2916052369124628e-05
3158	0.0006375512978429466
3159	0.0015156629274152183
1501	1.35432394879416e-05
84	1.646127084109078e-05
3160	3.545205670053463e-05
3161	0.0018919354753562253
2369	3.5290008047636155e-07
348	7.856760536774016e-05
3162	0.0045030416191846265
3163	0.009551750069544085
2818	0.0
581	0.0
1962	0.0
2485	0.0
2814	0.0
1627	0.0
2319	0.0
2623	0.0
12	0.00010071824119848686
1645	0.0001464958593625402
956	0.0
2163	0.0
501	0.0
846	0.0
2560	0.0
919	3.617543370828374e-05
3164	0.002149526985698561
342	0.0
2812	0.0
3165	0.002923185804850919
3166	0.0018233086624199265
1011	1.2863956936870856e-06
441	0.0
2678	3.9372082476946027e-07
3167	0.0006439146020977371
3168	0.0014666048022959793
15	0.0
3169	5.830585719025322e-05
3170	5.896301606869295e-05
3171	0.0012429852525383989
728	5.3204004293016566e-05
3172	7.350721426411154e-05
3173	0.0003698628643969651
3174	0.006366906189210641
1847	3.2132274767355295e-05
1348	0.00027675755585641144
2192	0.0002004489695100375
2214	0.0
495	8.240599976452144e-05
3175	0.00620983309451828
1418	0.0006522870509114686
777	0.0
3176	0.001899013110439891
377	1.4265885297333561e-05
1704	5.194010881066109e-07
1126	1.1353967543552025e-05
1220	4.853689001977432e-05
706	3.93925242978761e-07
1370	2.009860775319786e-05
332	9.933645551667418e-06
3177	0.0005520415064784371
3178	0.0005220475560091957
3179	0.003380266130207718
1858	4.761804625853421e-07
3180	0.010972724204957818
596	0.0
1590	9.197680223045908e-05
3181	0.001757613596894125
1614	2.193918468568407e-05
2388	0.0
3182	0.00016819327419774642
2761	3.308065686625325e-05
3183	0.0010336697847961479
1818	3.0026714509946794e-05
3184	0.009095131070157473
3185	0.008711583574684309
2027	0.0
141	4.51962387054255e-06
1850	6.123225800456003e-05
1852	0.0
1836	0.0
2237	2.5485425450499474e-05
1384	0.0
779	3.5854993769358185e-05
530	0.0001247711704175262
194	1.1796405462194928e-05
1215	7.326636810409862e-05
345	0.0
2119	0.0001792784834813306
1109	0.0
2424	6.1684364122713255e-06
175	8.421371141162594e-06
634	8.227818758876906e-06
483	0.0005571805384365972
567	0.0
1994	5.1413141195272776e-05
375	8.644084424755168e-05
2311	0.00025605549020665943
524	0.0
89	0.0
1993	0.0
523	0.0
445	0.0
3186	0.00022538728123781688
3187	0.0008002004360258629
3188	0.0013048813342325723
1770	0.0
349	0.00023682677983728984
364	0.0
3189	0.0018873050130540083
3190	0.000512554777501339
1808	0.00019463325035544703
902	6.658966818184851e-05
2467	8.401376245461447e-06
2808	4.5134898798695774e-05
3191	0.0011992892871700968
3192	0.0012440633980081155
2834	0.0
3193	8.572510065808565e-05
3194	0.0042288096736084685
897	0.0
1314	2.595196009504458e-05
270	0.00025316789085371214
1189	6.7719823643542416e-06
948	0.0002724650654561623
3195	0.0007622642983859669
3196	0.0004465443895421616
1578	8.271474697418344e-05
1158	2.879642169374778e-06
83	1.0071181758756676e-06
3197	0.0006576354827866858
2568	0.0
3198	0.0007067281365983435
3199	0.0012619825974495532
3200	0.0007143799652033973
770	0.0
769	1.0646265846715756e-05
3201	5.928618919585873e-05
3202	0.0013944928362800044
1809	3.5685100311732206e-06
3203	0.0003444322444570607
3204	0.001594803807749546
652	0.0
1316	0.0
2048	6.316213389479291e-06
3205	0.0011435860067643769
1680	0.00016219933762345613
3206	0.00227020914817108
1356	0.0
1186	6.757733057530764e-05
3207	0.0006308116066726722
3208	0.00193543775912799
1718	3.7158847579218426e-07
1964	0.0
506	1.0513244303390036e-05
1969	0.0
3209	0.0
412	0.0006951303440196011
3210	0.0004398162201847091
3211	9.808430625886285e-05
3212	0.0027940828689432574
865	8.351630000048069e-05
3213	0.0016603485838602816
1007	0.0
3214	0.0030150250214694848
3215	0.0002334686196996373
459	0.00013735822533893175
3216	0.0022404838301294553
3217	0.002509171495684109
833	6.612826552698107e-06
121	0.0002738063883416685
1916	3.192840104484754e-06
2280	0.0
3218	0.002027165581754509
1284	0.0
2378	6.453729238494076e-05
2731	3.201465385639775e-06
3219	0.0005018434241389143
3220	0.0017824510778199016
3221	0.004551049560176764
3222	0.0008202423829590427
1003	5.198846658820018e-06
1921	0.0
768	0.0003328183582719142
245	1.0715547866469426e-05
2669	1.4099425021670704e-05
1111	7.546072489742455e-06
213	0.0
3223	0.0017438702217270742
3224	0.000892489453794634
1787	0.0
1679	6.222087614183597e-05
1172	0.0
1791	4.4401798063491937e-05
3225	0.0004172986027320407
3226	0.0006510434667878548
2425	2.952156601980134e-06
3227	0.002940452462361126
3228	0.0015475818928304549
941	0.0
2885	0.0
1227	0.0
171	7.652645257682102e-05
3229	0.0008016139258809334
2635	9.498536785734505e-07
2703	9.424964485178612e-05
3230	0.00041892411960222926
3231	0.0019051486122405354
1504	6.994031128865512e-06
558	0.0
3232	0.0014769397921446485
3233	0.002236964234221767
365	0.0001606354184137777
3234	0.0007726893478393667
742	3.4744509906207324e-07
3235	0.0018211047790021727
2701	2.2385155284340802e-05
2759	1.8554284395392138e-06
1887	0.00012157222347574058
3236	0.0007066513377975903
1763	0.0
3237	0.0010084999002219028
2330	0.0
1902	5.189401204134626e-06
3238	0.001738398508704515
71	0.00011976911572994606
3239	0.0016295730349477752
754	0.000731982593172622
3240	0.0011667594255809397
2357	0.0
1996	2.2798980942542162e-06
1788	8.854120571983967e-05
3241	0.0016526781663391387
1174	4.2031376304170645e-07
1699	1.0796209542900944e-05
3242	0.0019526050183157088
544	4.9321570365786635e-05
3243	0.0042286372713395415
959	0.0
1004	1.9530404668842084e-05
227	9.335543219471483e-06
1634	0.00029311786791818374
3244	0.002952405595209816
793	8.950784472248363e-06
1312	1.8362320510613453e-05
2009	7.285675544212094e-05
2183	1.024566170178323e-06
3245	0.0023297829892424747
2846	0.0
785	0.0
1335	0.00033609311743296286
1640	5.105273832853757e-05
588	1.4100675841409928e-05
3246	0.00027608202940336367
1265	1.0180631400894862e-06
1279	5.673103547891958e-07
3247	0.0012087684699923008
3248	0.0018198225765538951
2077	0.0
3249	0.003245836674099073
1982	0.0
2483	8.952238616070828e-06
1708	2.6426598124669657e-05
2294	0.0
3250	0.0006439146020977371
3251	0.0005673515289090494
1757	3.889942174839963e-05
3252	0.0025753987239219883
1339	0.0
3253	0.0021038396104103873
3254	0.00015458021568744132
2773	3.906718710998676e-05
3255	0.002915035775740821
2807	5.677160274043902e-06
3256	0.004329649059053345
3257	0.00034717380342937516
2427	0.0
1395	1.879239642231389e-05
1879	5.196841635811549e-06
221	2.2478245951796085e-06
3258	0.005729091743851774
3259	0.0006613760326379139
624	0.0
165	0.0
653	0.00012634945043263473
2644	8.619283151713746e-06
2026	5.645931442595312e-06
1721	6.54674584584815e-05
3260	3.838100400306751e-05
953	0.0003907922741904571
1411	0.00011886237181910213
2194	5.6784893667209865e-05
3261	0.0006608206882209064
3262	2.734202369446818e-05
3263	0.00025940612423085705
3264	0.002992882229803797
1292	0.0
913	9.742946085369442e-05
1855	3.0342667730801263e-05
3265	0.0009790435665707367
2763	3.170491138677492e-06
3266	0.00016488841581915412
3267	0.0007785178040997134
3268	0.0010852279985164631
3269	0.0010782408933681297
234	2.4972435398913056e-07
1804	0.0
3270	0.0001023700964892154
2124	0.0
3271	0.006442867190443599
1236	0.00012901618614650706
1805	0.0
1013	1.7264889163026566e-05
1214	5.90883189877113e-05
1036	7.807347031623809e-05
823	0.0
110	3.140919678405643e-05
3272	0.000802411315083773
3273	0.0013259857868409516
1874	0.0
2276	0.0
518	0.0
3274	0.0006440470628142596
2673	0.0
3275	2.7648536929534447e-05
1264	6.020380052617237e-07
1218	6.5813154451214e-07
3276	0.01594396544448119
3277	0.0015845723536319798
1785	8.839500903222384e-06
2032	0.00012710574841650856
1767	3.241199259641614e-05
2477	1.999005304418515e-05
2608	1.364309799566094e-05
1374	9.087827077139897e-05
114	0.0
1928	1.364309799566094e-05
2630	0.0
2189	0.0
1900	0.00011021690821048478
1814	9.533191288444382e-05
2754	0.0
1733	2.430633916807817e-05
1890	5.537481907636031e-05
1986	7.752827621693511e-06
1942	5.537481907636031e-05
2544	2.014261051884088e-05
1742	0.0
2382	1.364309799566094e-05
732	5.537481907636031e-05
172	4.471423230126422e-05
1828	1.364309799566094e-05
2200	3.148205385171591e-05
2302	1.364309799566094e-05
3278	0.0040577813513249916
3279	0.0009484445643634615
36	0.0
1001	2.4868457758499696e-07
1086	2.2672203012789492e-07
1517	0.0
3280	0.0007797506904091527
3281	0.00057599371381873
3282	0.000846799623986883
1713	3.1760638733637283e-06
3283	0.00014251870257958442
3284	0.0049392538155714795
1992	0.0
698	0.0
2656	2.2798788715985458e-06
2105	8.205394799943588e-05
1833	5.459948007742145e-05
2904	0.0
1987	0.0
3285	6.446563288332985e-05
3286	0.001854006065050489
3287	0.0017019838034382378
1079	0.0
2572	0.0
3288	0.0005935262462629638
3289	0.0019909209395340267
2815	0.0
3290	0.002513418569884137
3291	0.0024962790621569733
1303	4.896963482708952e-05
1106	0.00013980283375725062
1796	0.0
2343	3.946062675464923e-06
1765	0.0
2107	6.670795584120199e-06
3292	0.003994870602885669
3293	0.0018560248602504876
2339	2.8002804806062312e-05
1194	0.0
3294	4.30708058830694e-05
3295	0.0021664264208769014
2206	3.149579636683109e-05
3296	0.00035783369324444996
3297	0.00692187414531688
3298	0.0010293018992241763
620	0.00023902492313369948
1326	0.0004637222880375126
1020	2.9644443264751706e-05
2890	4.489236616178534e-06
3299	0.0008026539772728668
3300	0.0007241370502875764
1140	4.461295492511145e-06
3301	0.0016069838330360557
1457	4.538274437207123e-06
3302	0.003159313193678156
3303	0.00901928238057361
2299	0.0
765	6.536646889826105e-06
479	0.0
1432	0.0
1961	0.0
2004	0.0
714	0.0
2554	0.0
1154	0.00011930496361614213
2012	5.625764802835681e-05
3304	0.0010182229083802825
2566	3.4356017017864492e-06
2238	0.0
3305	0.007037563834247219
3306	0.0013696023812805821
1903	3.8066111467245555e-06
2111	8.059687428198851e-06
2540	0.0
1925	0.0
413	0.0
3307	0.003944357375601514
2657	0.0
1650	7.152770358079557e-06
2372	1.0055418195039334e-05
3308	0.0012036216531413082
3309	0.0012591881961881918
2255	0.0
3310	3.5898699617528035e-05
3311	0.002481080960279769
2682	0.0
220	1.6573124545085642e-05
2000	0.0
1888	2.206586162951617e-06
3312	0.0007356994195504409
3313	0.003716821639610296
3314	0.005203333120111252
1495	0.0
2500	2.202541527090271e-06
2668	6.004153218883134e-05
2475	0.0
2041	1.6438618468607756e-06
3315	0.0017128408361358565
3316	0.001979087082192685
383	3.455362412311236e-05
457	1.9769597670471896e-06
1336	3.0183576934323532e-05
195	0.0
831	1.7388435165822248e-05
1646	0.0
3317	0.003919591881445747
2101	0.0
3318	0.00022247518077387634
3319	0.00015829419054400336
2840	6.524406485218845e-06
3320	0.0004040006519499565
3321	0.0016940761165641866
697	0.0
3322	0.0014629536868019032
3323	0.002319804322175012
763	0.0
612	7.1229194791592465e-06
3324	0.0009130448584983157
3325	0.0006182803418042318
1794	2.9954102917842584e-06
3326	0.0009502099715095427
2792	0.0
3327	0.0017291528796466594
1119	3.025670399521855e-05
3328	0.0010780620840719745
1175	1.164882578387964e-05
3329	0.00018413990433211293
3330	0.0006439146020977371
1412	0.0
3331	0.0017295397602224783
3332	0.003140532705448603
1162	5.587677684999626e-05
1239	7.097234694101616e-05
3333	0.0002734786681346699
1454	2.0632107871920362e-05
615	8.882022582314793e-05
3334	0.000637794398886992
3335	0.0012353268704820006
118	0.0
3336	0.0015520433078057394
1631	0.0
3337	0.0006004938595077722
3338	0.0001901119167281116
3339	0.0012773730006321593
1999	0.0
3340	0.0032321353726300246
3341	0.0009415637223912784
1498	8.308663740820895e-05
1014	1.2331471365907026e-06
1502	3.835719962012275e-05
3342	0.001231285474753484
3343	0.002784359784629018
3344	0.0004699468220542335
572	0.0
1269	5.883186193757924e-06
3345	9.445334647071571e-05
3346	0.0013573293912016407
2542	0.0
3347	0.0012394081461613092
3348	0.002454186812353542
257	5.1641507789054465e-06
1039	1.0393670164558705e-05
3349	0.000226841875476617
3350	0.0007428679948395914
448	0.0
3351	0.0007054820451769441
3352	0.001677386546573018
1258	2.9591436661421856e-05
3353	0.0017630531074092706
351	0.0
702	5.669946083174729e-05
1433	3.52358455799933e-05
3354	0.0008172880411074613
3355	0.002160288865256363
3356	0.004452112866677956
3357	0.001792195941776355
3358	0.001571597393118199
347	3.1915471572766495e-05
3359	0.001103268573238597
3360	0.0003282779822358711
1364	2.0844746747588433e-05
2195	0.0
3361	4.182110689691905e-05
3362	0.0028700951344242547
3363	0.0005565581693940624
47	0.00011601174228677736
3364	0.0012214755328560608
3365	0.005786360410177685
2250	2.8601692247602634e-05
2363	0.0001428026409571485
756	0.0
2492	1.0976193527271031e-05
1337	0.0
1360	5.5813010606381566e-05
1813	0.0
1920	0.0
3366	0.0022374800231042117
3367	0.0006271586198107137
1983	0.00022271594561468818
2798	1.0119023812722574e-06
3368	0.001987726425913643
3369	0.0005299587631471266
3370	0.0003510943541490825
2642	1.557283724120894e-05
3371	0.0005242232622953802
3372	0.00019499081245113697
1732	3.6952327445987834e-07
955	2.9697320426172683e-05
3373	0.0006181153276378238
3374	0.0010420604958391864
3375	0.0002369742646101265
3376	0.000466618931451775
3377	0.0015401547581882819
911	1.7838692056788029e-06
2093	0.0
2016	1.5140975561100875e-05
2201	7.190217140527056e-05
3378	0.0008808696370439326
1246	0.0
174	0.00012135489018523137
1232	8.553138513652816e-05
3379	0.001135706707133292
369	0.0
3380	0.002282303115688518
3381	0.00025803480007957505
3382	0.0047368434177912176
1272	0.0
2516	1.0365231625364018e-05
695	3.624047157633286e-05
967	0.0
1266	0.0
3383	0.002243810602893924
3384	0.00029667154339369715
2198	0.00010015969720666858
3385	0.0017737107479549824
3386	0.0009762689795303495
3387	0.0021991832242137547
2617	0.0
2278	0.00027748884372369627
2071	0.0
1199	2.504648063786629e-06
3388	0.0013994717077145265
3389	0.00020003904259838446
3390	0.0007809825448747605
56	2.5124243906101877e-05
3391	0.0009104473576658919
3392	0.0008100530374312483
3393	0.00225267278014611
145	3.7731830276459495e-06
545	7.486744989866059e-07
3394	0.0020926351583423273
3395	0.0034133226590521257
1508	5.3869930183024e-05
3396	0.003929677574299476
1849	0.0
408	0.0
3397	0.0005332755880604659
3398	0.002082544442673921
932	5.40445519244048e-06
2526	3.746784346008637e-06
3399	0.00012445219540274644
3400	0.00033873823034651356
3401	0.0008820376258341233
1056	8.287898797772015e-06
1198	1.4907422781517298e-05
3402	0.004445803103710755
1467	4.201460429046281e-05
3403	0.0005553804940713247
3404	0.0018945428426471666
3405	0.0014848365494285313
991	0.0
614	0.0
3406	0.0019926583353967373
3407	0.0006820681895875993
276	0.0
3408	0.0009445445117966107
3409	0.008914022069179347
1338	0.0
156	2.2361933271079773e-05
636	1.6362770477225166e-05
354	5.494259214918695e-06
493	1.6609098005813998e-05
1417	4.554236868383344e-06
1267	0.0
1665	0.0
1428	1.29886331534582e-06
44	3.3412490924247524e-06
1894	2.1265108352771986e-06
240	0.0
200	1.941411134192425e-05
3410	0.0048594763267197
2491	0.0
3411	0.0022872268936538986
963	0.0
3412	0.027074505122336057
2502	0.0
577	1.4341924024312808e-05
1931	4.8857047103427675e-05
1191	0.0
358	0.0
2090	0.0
1741	0.0
710	3.719732963019996e-05
2443	5.3119690744293155e-05
160	1.0470728664036025e-05
2398	0.0
1104	0.0
1901	5.527637841965131e-05
1940	6.90827559582261e-05
1599	0.0005644528539211945
675	9.88041761084446e-05
2112	2.3819895331822862e-05
256	2.4695070693665738e-05
1591	0.0
2744	0.00012334109659950204
3413	0.0022329772785802354
3414	0.0007967534844764993
1984	7.90339723056539e-06
3	1.3342585985087638e-05
1280	1.605850948575628e-05
18	0.0
2628	1.605850948575628e-05
709	0.00015678755246898487
2534	7.90339723056539e-06
719	0.0
1471	3.335701370736136e-06
3415	0.0008290683175508081
3416	0.00030704779289886507
281	0.00013912135675390167
3417	0.002788069073286492
55	0.0
1755	0.00012221552118394825
103	2.6952329159796132e-05
3418	0.000883197044292744
2344	0.0
3419	8.737810045608372e-05
3420	0.0021077521244571643
3421	0.0033188483851810417
1531	7.98624217705836e-06
3422	0.0028607058194374505
1251	1.7256999808674005e-05
1478	0.0
2866	0.0
3423	0.0023079710619229566
3424	0.0017090765490976238
1848	0.0
2893	5.3514528968561925e-06
2085	0.0
1032	0.0
3425	0.0023613451869482667
3426	0.001917716972098508
531	0.0
3427	0.0006147813482257027
3428	0.00022771313916683143
1168	2.628508599347409e-05
3429	0.0017470573075300927
672	5.62394916473659e-07
671	4.343729700622488e-06
3430	8.665966088276749e-06
3431	0.0007773513497895399
3432	0.00025807524797668565
3433	0.003668515955079466
1626	0.0
3434	0.00026979303751902293
3435	0.0002529933130101711
1334	5.655862483041517e-06
3436	0.0001708546128163306
3437	0.0008484582151112532
3438	1.0691500003859581e-05
104	0.00013080753827812805
3439	0.0013745889802077155
3440	0.0008437675314066441
2618	0.0
3441	2.470726994754058e-07
3442	6.193659563498949e-05
3443	0.000720673310809598
3444	0.0019214749544859589
3445	0.0017318534593309275
1017	1.0648283402272882e-06
2075	0.0
1164	4.131038215402413e-08
1975	0.0
1200	2.9651459289502797e-05
3446	0.000199616145696246
3447	0.0001716253030721642
3448	0.0016546595770005473
2615	0.0
828	2.3129476476607078e-07
2066	1.2322833889446134e-07
2646	2.3129476476607078e-07
1544	1.2322833889446134e-07
3449	0.004794221220075352
3450	0.01146833075709834
427	0.0
2315	1.5181389099874652e-06
1161	1.4133723989895528e-05
1573	0.0002504247154196785
1736	0.0
715	2.4853485700106376e-05
3451	0.001703378111754236
3452	0.003616476297666457
537	1.5493741623566912e-05
2046	2.736804159352269e-05
319	9.89054286601519e-07
2366	3.603142782360906e-06
339	7.400363923663177e-05
1009	1.209396682603596e-05
60	3.603142782360906e-06
2043	0.0
39	0.0
3453	0.001126626252286295
3454	0.0006065349158006274
2042	0.0
2439	2.9181237210093924e-06
3455	0.0005025582283670352
3456	0.0027056375364090707
3457	0.009353010994489765
1223	0.0
2006	0.0
1430	0.0
2291	0.0
2347	0.0
167	5.017368251655713e-05
3458	0.0020484566327242334
1602	4.432879710121023e-07
3459	0.0010861447230205532
3460	0.0017050615958441452
3461	0.002046291444000812
3462	0.0013554184122908245
992	0.0
1192	1.8686696314697644e-05
3463	0.002336774567631691
3464	0.00030690847184196675
3465	8.283458573914068e-05
3466	0.00208924305610846
246	1.2504255529071933e-06
2392	0.0
3467	3.009430027989314e-06
3468	0.0007787888908065839
1960	0.00028076929972850796
3469	0.0036100904747750954
884	1.6129259644699252e-06
1397	0.0
3470	0.000685736589679561
3471	0.002240268028703174
1362	0.0
2462	1.590615770709978e-05
3472	0.0003634688220744938
3473	0.00017939475461988463
187	5.0862436246808746e-05
3474	0.00256480782879155
3475	0.0008032155198363873
125	3.326939922739258e-06
1604	0.0001585470246433671
3476	0.001902401088687133
1547	6.660308686746469e-06
3477	2.7818291489365302e-05
3478	0.0013747213763768938
2841	0.0
3479	0.0005442371264606419
3480	0.0006287696817450071
1018	1.3436193647204183e-05
3481	0.0008909873722242705
3482	0.00011624710911448976
2099	5.584691333195334e-06
3483	0.0064623377729757445
3484	0.0
3485	0.00074667732200449
3486	0.0005228673591068279
3487	0.01357128409848678
1297	0.0
659	1.886550269437577e-05
1618	0.0
1588	5.829305933296606e-06
1856	0.0
242	0.0
11	2.9987389952960536e-05
1507	5.160491226266384e-07
3488	0.0013159635922398419
2506	0.0
2164	0.0
3489	6.423652648243734e-05
3490	0.0014806112440763097
3491	0.0006645316139413203
1771	0.0
3492	0.0007478873270233332
2659	0.0
3493	0.0015151572485047745
2103	5.524434781467005e-06
233	0.0
3494	0.0014970410539393957
533	2.635362735554723e-05
3495	0.0038750850668096896
3496	0.0005855524712545372
1922	4.590573819984286e-06
3497	0.003201988043914467
1515	0.0
2581	0.0
3498	0.0003219531624528698
3499	0.0027017723713119346
3500	0.0030112960563511196
2602	0.00010448118463323663
3501	1.5174418423040549e-05
3502	0.00016873430740060372
3503	0.0005050826555418863
229	3.0898691627723436e-07
3504	0.0008886705753056157
2314	2.460573204805189e-05
1444	9.0364290380996e-06
3505	0.0012715460745867568
3506	0.0018323737262964316
2627	0.0
842	0.0
3507	0.0035834580132548563
1997	0.0
3508	0.00426507541109855
2309	2.958028772343128e-05
3509	0.002267797020324404
3510	0.0006327692921877592
767	0.0
3511	0.0003059561375299427
3512	0.0016599441236052124
3513	0.0003185068221189222
3514	0.0003609355568646703
3515	0.004063883792820681
1659	3.285984097118769e-05
202	6.787662193409511e-05
2498	1.7261733675709569e-06
1249	5.360934086818933e-05
73	0.0
1672	2.7663027490070903e-06
3516	0.0014799624388154783
3517	0.00031513764895792614
3518	2.9181213826171268e-05
3519	0.0005296131814616061
3520	0.0011160276484071126
135	2.9014725214515596e-07
3521	0.0007134178353219656
3522	0.0004529072660388743
2538	0.0
3523	0.0005331600005905569
321	1.7796742033655595e-06
3524	0.0008380177334080558
3525	0.0026938171794520737
1087	0.0
2010	0.0
2258	8.926169471067116e-06
1244	0.00035137668941221246
1088	0.0
3526	0.0007365661387480404
3527	0.0002810189731826225
3528	0.00028045701070622184
3529	0.004439427182166629
2179	1.5753504151039258e-05
2039	0.0
1907	0.0
74	7.632384923881803e-05
1795	0.0
2052	1.5753504151039258e-05
1479	0.0
3530	0.00015838593876083397
3531	0.001786544559835442
3532	0.0017271265714277123
3533	0.0025644475545309737
3534	0.00010683898702614091
1052	0.0
2420	0.0
3535	0.0010359694973188088
3536	0.0010838556885784424
3537	0.0008964652703112122
3538	0.015007751226204834
1315	9.348441431377563e-06
2114	0.0
1390	0.0
574	1.797543011027405e-05
1822	0.0
804	1.797543011027405e-05
1135	1.797543011027405e-05
1880	0.00019230571114272488
2068	0.0
1766	0.0
2134	3.132113072435653e-05
712	0.0
57	0.0
2308	7.412206236488453e-06
866	1.797543011027405e-05
1842	0.0
3539	0.0009701971943902044
3540	0.000736972482844048
925	3.1287619393865644e-06
940	0.0
3541	0.0009833783685323963
3542	0.0028709297049466734
3543	0.0006834703970987005
239	5.851589412339519e-08
2474	0.0
455	5.414564576924781e-08
922	0.0
3544	0.008340484194141585
3545	0.0007721556461075341
203	0.0004184791154653822
2479	0.0
2624	0.0
2578	0.0
3546	0.0012024927641527767
2508	2.67482987952479e-05
3547	0.0013719340100478133
3548	0.005487318371170196
648	0.0
3549	0.0002333342397644693
3550	0.00038110773357324116
3551	0.00015007437487657362
3552	0.0006007007588266055
2695	2.7359977002870106e-05
3553	0.000858355097304157
3554	0.002239446413690775
3555	0.008019737876786958
2190	0.0
638	4.205112773406466e-06
2098	9.436735677049488e-07
2432	0.0
2268	0.0
3556	0.002496518750494267
2173	1.898163852461737e-06
3557	0.00024792869245114543
3558	0.0013274119646082478
1187	1.3349166667786833e-05
470	3.223784838012684e-05
1638	7.868217206377353e-06
2605	9.422839205382063e-07
3559	0.0005857688313627585
3560	0.0008743221281854174
3561	0.0011470431996118335
3562	0.0007650282719434863
2286	2.236474379075961e-06
1872	0.0
3563	0.0008958277460672511
2523	0.0
2188	6.877210457086727e-06
3564	0.004433582421973756
2470	0.0
241	0.0
3565	0.0049454560073070334
1953	0.0
3566	0.0010278069525891057
3567	0.0007966114073083245
2246	0.0
741	3.955802240429561e-06
3568	0.0007075175925633468
193	2.601983623263024e-06
3569	0.0009140791785044567
3570	0.004355086962555262
1083	0.0
170	2.363466023351879e-05
3571	0.00014140300497264644
2677	8.02084550787499e-06
2800	0.0
3572	0.0006542675399646027
3573	0.00031894769087091384
3574	0.00037880375343812334
3575	0.003391128075803071
1474	1.8450364091921655e-06
3576	1.4333191667675022e-06
3577	0.002468439399706093
3578	0.0003765259813841486
3579	0.017736749430831665
3580	0.0016443472885699173
1436	1.3185851448258946e-05
1558	0.0
303	4.352035195154927e-05
1693	0.0
1538	4.016709282634578e-06
1861	6.308867763739101e-05
1968	0.0
2665	0.0
3581	0.0014939231844957068
3582	0.0013116482558746454
3583	0.00011645782972210455
3584	0.00024779934171348644
3585	0.005818170266659576
744	0.0
2661	0.0
825	4.592912411735363e-05
3586	0.001683633269189771
3587	0.00033983979837529067
1735	3.0933771974742432e-06
3588	0.0004683510826134794
3589	0.0013575651363586822
3590	0.0008044025509779169
3591	0.0026914492166945263
3592	0.0009981854699196318
3593	0.0002213469089218228
3594	0.002327405782652322
1373	0.0
3595	0.0010296026059378538
3596	0.002264572581621489
2373	6.76277666082811e-05
1974	0.0
432	0.0
3597	0.003468234905601682
1532	1.450066523754556e-06
1635	0.0
3598	0.0009053585239650326
2211	0.0
3599	5.8283151984175276e-05
3600	0.0007900652728375866
360	9.3406293700057e-06
3601	0.001980383372819635
1487	0.0
3602	0.0016545410787591694
105	0.0
3603	0.0005767061238284571
3604	0.001412890854623377
3605	0.006227892072899392
3606	0.00026761256775728636
1410	0.0
3607	0.0019467811953989386
1663	0.0
3608	2.470726994754058e-07
3609	0.0006253131325736474
3610	0.0006462726494790484
2529	0.0
3611	0.0011836473169752812
3612	0.0027508717608027244
1970	0.0
560	0.0
3613	0.001497934215181356
3614	0.0012035942481244657
1491	0.0
3615	4.340868695634927e-05
3616	0.0029314337744079056
1245	0.0
2345	0.0
3617	0.00523238809770568
3618	0.0010543495208712795
1688	0.00021923258502893052
1451	0.0
3619	0.00087578245892168
3620	0.0009222693462209548
1892	4.564583117294096e-06
3621	6.736817721709406e-05
3622	0.0016084577110909827
3623	0.00039192305503868555
3624	0.0009878502783322207
640	0.0
3625	2.895831497604223e-05
3626	0.0006750853570012293
3627	0.0005950638975178081
1957	6.2536584506276825e-06
3628	2.751654645136346e-05
3629	0.000765585997602253
608	0.0
3630	0.0002876355517459329
3631	6.0503237882702895e-05
3632	0.0005083794755513211
3633	0.003997502948430604
1226	0.0
1860	9.455289406498962e-05
898	1.550546380406625e-05
1439	5.131635905618384e-06
3634	0.0011889955389370473
3635	0.004730786000990354
2767	0.0
2118	0.0
2249	0.0
1389	0.0
1463	0.0
1514	0.0
3636	0.001968696147983538
631	0.0
3637	0.0013030838624338583
3638	3.690827378693952e-05
2804	0.0
3639	0.0006619000352008794
3640	0.0007828499519041402
3641	0.0009971785167561672
2721	0.0
3642	0.0026764124519066076
668	0.0
3643	0.002875708274248858
3644	0.0008451266369677897
3645	0.0008757771037907389
3646	8.101739615388044e-05
3647	0.0018115988472511308
3648	0.0004337326453899963
3649	0.0006438313833500205
3650	0.0009553141582105902
3651	0.0021833444136298247
1117	0.0
3652	0.0007715101358592418
3653	0.0022261608295809005
3654	0.0004994084298854438
3655	0.0007315300495117904
1716	0.0
3656	0.000277234184212282
3657	0.0009661327280048322
3658	0.0008196396764940504
3659	1.219358146611395e-05
3660	0.0017085684656919832
3661	0.002215534216024942
1929	9.473376230453115e-06
1768	0.0
3662	0.0032287724287512207
3663	0.0006610031985261156
2429	0.0
669	6.282761831401156e-07
1815	1.540798452993235e-05
2222	3.4908500089089346e-07
2652	2.27105851829466e-06
3664	0.0007966759687560405
3665	5.8043372535006674e-05
3666	0.00026296889520252217
3667	0.005407495061039981
498	6.250562127607842e-06
250	3.159606440523925e-06
743	1.5376778479708202e-06
3668	0.0002868911164755111
3669	0.0026156853313953803
3670	0.0011112900714836415
2272	0.0
2756	0.0
3671	0.016863322212577598
2130	0.0
3672	0.001322538534351388
1344	0.0
3673	0.002355136993381682
1255	8.02103519534262e-06
291	2.043246235930384e-05
789	2.422972859953591e-05
3674	0.001472174992802697
690	2.085339093279432e-07
3675	0.0008716359217454698
3676	0.001587195817967263
3677	0.0027744527173868888
3678	0.0020771205139554277
806	0.0
3679	0.0009397626316173322
3680	0.0005450660930330603
3681	0.0022875916339964134
856	0.0
3682	0.0006060680681106523
3683	7.253005559663808e-05
3684	0.001708905748774352
155	0.0
3685	0.0003821809181490704
3686	1.1299044213537127e-06
3687	0.0022357466175911725
3688	0.0007877357054982099
2880	0.0
3689	0.0
3690	0.004056137059486794
3691	0.002946303078215532
2567	6.5269788173070554e-06
1891	0.0
3692	0.003445704476135734
3693	0.0005301383456452962
3694	0.0013636062466081166
3695	0.00025438531064561924
3696	0.0012398429115345112
3697	0.00171747016229514
2025	1.3316846260341166e-06
2472	0.0
3698	0.0012267259403746652
3699	0.006966677190803356
1469	0.0
2147	0.0
522	0.0
120	0.0
2751	2.5362968600588186e-05
385	9.347300263423016e-05
2001	0.0
2401	6.5923682574922415e-06
3700	0.0010898002199244189
3701	0.001427887948944594
2257	0.0
3702	0.0
3703	0.003957810942790199
3704	8.393284978217819e-05
1664	0.0
733	0.0
302	0.0
3705	0.0006185664778779607
3706	0.0009019561775469497
3707	0.0020592402070471233
3708	0.0025813648188022305
3709	0.0015637527042388242
1152	0.0
803	0.0
2823	0.0
2619	4.471842427918814e-05
3710	0.0009006055500175081
3711	0.0004233386972366403
3712	0.00032623964740669784
2350	2.520595763770942e-05
3713	0.003056677945655138
2543	0.0
3714	0.000993189397699588
1559	0.0
3715	0.0013786068563157409
3716	3.258097298748636e-06
3717	0.0004678316116004346
3718	6.9314151555054545e-06
3719	0.00021306062782553743
3720	0.0031287716599204007
3721	0.0013345975928347944
3722	0.0005714480744767611
3723	0.0005782259624146925
3724	0.001267215955035366
3725	0.0010145543139208203
3726	9.992499752950792e-05
3727	0.0010614909155865064
3728	0.0004972462244868512
3729	0.0001669070655517857
3730	0.00045093561634343985
3731	0.004072427842938102
1459	8.290863425139244e-06
1896	0.0
3732	0.001031829627747804
3733	0.0015450532257065349
2604	0.0
3734	9.403233265994844e-08
3735	0.0008154856558854711
3736	0.0006439146020977371
3737	0.0
3738	0.0012390384022371032
1461	0.0
725	1.0588868595206513e-06
3739	0.00038231791439897
3740	0.0016512079687506297
3741	0.00783815134177118
3742	0.0011755226635083403
3743	0.0027637256817141373
3744	0.007701942994752935
2283	0.0
3745	0.0004152405315163933
1780	8.740770847528858e-07
3746	0.0023857694916078957
896	0.0
129	0.0
3747	0.0024899216035587438
1252	1.2411427163961196e-05
1076	0.0
1221	0.0
2049	1.0490398957818787e-05
3748	0.0015512327309148513
3749	0.0019218802367391777
3750	0.00081936424561267
3751	0.001145311619073033
3752	0.0016954824121817459
3753	0.001971555513841963
2830	0.0
2208	0.0
3754	0.0007000638416043458
1524	2.474148289972858e-07
3755	0.0009306127387262374
1278	0.0
3756	0.0029406150584343747
2611	8.51806720880227e-06
2593	0.0
3757	0.0005113976328445922
3758	0.002208237301994858
2140	0.0
1234	0.0
3759	0.0016836160118294087
393	0.0
3760	0.0008063030299817665
3761	2.394413967957839e-08
3762	0.0006823750123776576
3763	0.00015280335419448754
589	0.0
3764	0.0009953635229623993
2356	1.5251101329440637e-05
3765	0.0015083813714336083
439	3.518883029106592e-05
251	0.0
2826	0.0
3766	0.0008401766923645225
3767	0.001213719563484827
3768	0.0017250831904651969
3769	0.0010962178093412527
3770	0.002069572881289212
2626	0.0
3771	0.002831235651360787
1596	0.0
2256	0.0
3772	2.470726994754058e-07
3773	0.0006536012707721264
1458	0.0
3774	0.0004022999121342435
3775	0.0005032045647334319
3776	0.001308068074367318
3777	0.0009730417905345637
3778	0.0007781328960334241
3779	0.0006586679434829458
1185	0.0
3780	0.002076852687922814
3781	0.002383736818041037
3782	0.015893175092001707
599	0.0
3783	0.0018909400841031051
2696	0.0
1943	0.0
3784	0.0006494857682736717
2629	0.0
3785	0.0010503767415430138
1886	5.217641678881704e-05
2511	0.0
3786	0.00014043825511024063
3787	0.001540540462403179
867	1.422675433761007e-05
3788	8.967398515960786e-05
3789	0.0011926482153943074
3790	0.015814933880178093
915	0.0
1574	0.0
973	0.0
390	0.0
313	0.0
2300	0.00021504536082128442
1438	0.0
1041	0.0
2271	0.0
3791	0.0012690857003971104
3792	0.008926762085205838
297	0.0
3793	9.936025547336254e-05
3794	0.00019010479240516137
3795	0.0005507372117132978
3796	0.004017649783718483
3797	0.0016236045519763096
1496	2.9692534074251688e-06
2242	0.0
3798	0.003107278941128741
3799	0.0007473937022354748
3800	9.842853872939489e-05
3801	0.0009305418222554326
3802	0.0022744948317157316
3803	1.2151363201284954e-07
3804	0.0017363606404492743
3805	0.001905290457358364
1706	0.0
3806	7.560289767288938e-06
3807	0.0025372133604831307
2310	0.0
2260	0.0
3808	0.0006812245805843275
2316	0.0
3809	0.0015874634637384607
3810	0.0010435702936938923
2729	0.0
3811	0.006204525357558227
3812	0.0007644089242073914
115	0.0
3813	0.0013060304607740382
3814	8.130439081714922e-05
3815	0.0037691575086233856
3816	0.004307832182038751
2290	0.0
808	0.0
152	0.0
1651	0.0
96	8.435132308504546e-05
3817	0.0024679984971337733
310	0.0
3818	0.0006738158259132529
3819	0.0014944155746534388
1051	0.0
3820	0.000880495198855414
2706	0.0
3821	0.0004157996012133227
3822	0.0012385165057670455
3823	0.0005586180912612791
3824	0.0007104815617159203
1513	0.0
3825	0.0008376229045836799
3826	0.0054666125958989726
3827	0.00195894567609918
3828	0.0009214506279271617
3829	0.00044831259500232375
3830	0.00013434780389607454
3831	0.00020130360516341122
3832	0.0010079572858725976
3833	0.0
3834	0.004035916328022312
3835	0.0014340055127446845
960	0.0
3836	0.0006720861493591123
3837	0.00016673645650420622
3838	0.0023971373219297608
3839	0.0004986052649679239
3840	0.0030484664831885258
3841	0.00041736593132158815
2561	0.0
826	0.0
761	0.0
729	7.051990599190128e-06
3842	0.002549308473909012
3843	0.0009350052586631622
3844	0.0003855061281275939
3845	0.0014099429553519184
1293	0.0
337	8.223251391127134e-06
1494	8.223251391127134e-06
3846	0.000500702635655427
2273	0.0
458	0.0
3847	0.001196648837442517
1811	0.0
3848	0.0008242531389596476
3849	0.011158361451114904
1575	0.0
2386	0.0
906	2.9549657723908917e-05
1481	0.0
198	0.0
986	0.0
837	0.0
3850	0.0
3851	0.0047617035425007795
2160	0.0
2034	0.0
2036	0.0
328	1.0440550838571506e-05
3852	0.029247198138865914
1800	0.0
1720	0.0
1069	0.0
760	0.0
2535	0.0
1165	0.0
66	0.0
1047	0.0
2265	0.0
2209	0.0
971	0.0
3853	0.0015349937096987888
3854	0.001966409696850915
3855	4.129166608917165e-06
3856	0.00048160695896899203
3857	0.000595196417523249
3858	0.002005385361141228
1701	0.0
3859	0.0019600974823166147
3860	0.004453426073603744
3861	0.0003191804514692717
1095	0.0
1657	0.0
1141	0.0
3862	0.0001026877393961278
3863	0.00031890886352268556
3864	0.0037848332764391112
3865	0.003023392623024161
1905	0.0
3866	0.001126462898141037
3867	0.010929292260447808
2446	0.0
3868	0.0003677890143423185
3869	0.00020351815032630503
3870	0.0010479433057412851
3871	0.0012262778208819115
3872	0.004672486034095308
3873	0.023256425764619542
2282	5.3951021564863196e-05
2284	0.0
1090	2.0683037550564487e-05
37	0.0
852	0.0
1945	4.930272786145719e-05
1150	0.0
1528	0.0
2384	0.0
2584	2.8667330089652804e-05
2416	0.0
1541	0.0
1235	0.0
1954	0.0
1231	0.0
3874	0.0008092058105221876
2555	0.0
3875	0.001197290099336137
3876	0.0010755533095344885
1422	0.0
3877	0.0016508397632708377
3878	0.000517994091882236
3879	0.0007036716596301099
3880	0.0007419116026666713
1539	0.0
3881	0.001787422307744046
1666	0.0
3882	0.0013649127550163502
3883	0.0012958398620041378
466	0.0
2864	0.0
1792	0.0
3884	0.007422809016905436
2125	0.0
3885	0.011901959777412124
870	0.0
2270	0.0
2504	0.0
1639	0.0
280	0.0
2648	0.0
2687	0.0
2545	0.0
100	0.0
571	0.0
1784	0.0
3886	0.005986373438235623
735	0.0
3887	0.0006088434564749911
3888	0.0006951091222168277
3889	0.0014903484738648678
2005	0.0
3890	0.0013842231529566187
3891	0.001198577466422793
3892	0.004223099722474834
3893	0.0027243497850815103
1282	0.0
2088	0.0
2671	0.0
3894	0.00122686633610756
3895	2.1531211216516317e-05
3896	0.0010192570230114662
3897	0.0007123847965682471
1875	0.0
3898	0.0016300610476603574
2380	0.0
3899	0.007366693361694109
3900	0.001442108230077562
3901	0.0003585106671402867
3902	0.0068083952335210385
3903	0.0012411330799683496
2394	0.0
2784	0.0
3904	0.0017542544102798169
934	0.0
3905	0.000651761758848478
3906	0.0032131961476969716
2216	0.0
2684	0.0
3907	0.0017386504844341972
399	0.0
3908	0.0005125265620375146
3909	0.002246807130045547
