1615	0.0016108247422680412
2909	0.006121134020618557
1774	0.0032216494845360823
685	0.0019329896907216496
2385	0.002577319587628866
1549	0.001288659793814433
1290	0.0006443298969072165
1170	0.002577319587628866
2028	0.004832474226804124
724	0.0016108247422680412
2379	0.0019329896907216496
1105	0.0016108247422680412
2910	0.0032216494845360823
2911	0.0032216494845360823
649	0.02029639175257732
132	0.0067654639175257734
406	0.008698453608247423
94	0.05573453608247422
189	0.06378865979381443
106	0.05670103092783505
871	0.00032216494845360824
2728	0.0019329896907216496
40	0.05766752577319587
2912	0.004510309278350515
75	0.01675257731958763
541	0.001288659793814433
2702	0.0009664948453608248
138	0.010631443298969073
384	0.021585051546391752
2438	0.0028994845360824743
1062	0.0016108247422680412
565	0.002577319587628866
101	0.018685567010309278
1694	0.0035438144329896907
405	0.0022551546391752575
404	0.0019329896907216496
2913	0.008054123711340205
21	0.12693298969072164
232	0.009342783505154639
34	0.02545103092783505
912	0.0006443298969072165
179	0.01288659793814433
350	0.003865979381443299
1222	0.01804123711340206
357	0.017074742268041235
211	0.007087628865979381
9	0.03157216494845361
63	0.06024484536082474
1776	0.0009664948453608248
309	0.0067654639175257734
2736	0.0006443298969072165
1128	0.0016108247422680412
366	0.019329896907216496
1325	0.003865979381443299
2704	0.0006443298969072165
689	0.0019329896907216496
1074	0.00032216494845360824
42	0.003865979381443299
2914	0.006443298969072165
1180	0.0016108247422680412
2489	0.001288659793814433
292	0.010631443298969073
1877	0.0035438144329896907
274	0.012564432989690722
278	0.011597938144329897
2095	0.0019329896907216496
687	0.004510309278350515
2261	0.001288659793814433
595	0.005154639175257732
726	0.0032216494845360823
1876	0.0016108247422680412
409	0.007731958762886598
252	0.020618556701030927
713	0.0032216494845360823
2915	0.005798969072164949
858	0.009987113402061855
552	0.0016108247422680412
891	0.0032216494845360823
2076	0.0019329896907216496
2715	0.0006443298969072165
2073	0.00032216494845360824
928	0.009664948453608248
243	0.0006443298969072165
1963	0.00032216494845360824
2002	0.001288659793814433
979	0.0009664948453608248
2202	0.0009664948453608248
2916	0.006121134020618557
1955	0.0006443298969072165
217	0.005798969072164949
1740	0.001288659793814433
2371	0.00032216494845360824
2177	0.00032216494845360824
2057	0.0016108247422680412
851	0.0009664948453608248
1470	0.00032216494845360824
1371	0.0009664948453608248
2176	0.0006443298969072165
1160	0.0019329896907216496
2527	0.00032216494845360824
450	0.0016108247422680412
2917	0.004510309278350515
1662	0.0016108247422680412
1919	0.0016108247422680412
618	0.002577319587628866
1394	0.001288659793814433
2918	0.0028994845360824743
26	0.0022551546391752575
2241	0.0009664948453608248
1625	0.005798969072164949
508	0.008698453608247423
314	0.005154639175257732
2919	0.004510309278350515
1259	0.007409793814432989
1424	0.004188144329896907
7	0.0035438144329896907
538	0.0016108247422680412
996	0.0019329896907216496
969	0.001288659793814433
112	0.03350515463917526
1775	0.0016108247422680412
1383	0.0016108247422680412
2920	0.0032216494845360823
2921	0.0022551546391752575
371	0.006443298969072165
2180	0.0032216494845360823
139	0.00032216494845360824
1043	0.0032216494845360823
1308	0.0028994845360824743
2718	0.0006443298969072165
2922	0.001288659793814433
481	0.006443298969072165
2923	0.002577319587628866
1915	0.0019329896907216496
2515	0.0009664948453608248
875	0.0016108247422680412
503	0.002577319587628866
2924	0.0016108247422680412
818	0.003865979381443299
1583	0.0009664948453608248
1529	0.006121134020618557
2925	0.0035438144329896907
2182	0.004832474226804124
2455	0.004188144329896907
1030	0.001288659793814433
1333	0.006121134020618557
1386	0.0032216494845360823
1178	0.0019329896907216496
184	0.005154639175257732
2926	0.002577319587628866
2927	0.008054123711340205
1065	0.0006443298969072165
1845	0.0006443298969072165
1127	0.001288659793814433
1821	0.0022551546391752575
739	0.0019329896907216496
762	0.0028994845360824743
1073	0.0019329896907216496
294	0.0032216494845360823
1719	0.0016108247422680412
1587	0.00032216494845360824
329	0.0016108247422680412
1291	0.0006443298969072165
269	0.0067654639175257734
1898	0.00032216494845360824
1060	0.001288659793814433
2928	0.004832474226804124
2929	0.004510309278350515
1505	0.0028994845360824743
1506	0.0032216494845360823
69	0.05960051546391752
2633	0.0006443298969072165
2930	0.0006443298969072165
2931	0.0035438144329896907
1482	0.001288659793814433
632	0.0016108247422680412
764	0.004188144329896907
787	0.0022551546391752575
1131	0.00032216494845360824
471	0.0016108247422680412
509	0.009664948453608248
1033	0.0028994845360824743
2932	0.014175257731958763
2933	0.0022551546391752575
797	0.0032216494845360823
208	0.0016108247422680412
1203	0.0022551546391752575
1442	0.0006443298969072165
2187	0.0009664948453608248
1881	0.00032216494845360824
1400	0.002577319587628866
1042	0.0019329896907216496
637	0.001288659793814433
550	0.0022551546391752575
340	0.004510309278350515
908	0.0032216494845360823
2503	0.0028994845360824743
2229	0.0009664948453608248
1134	0.0006443298969072165
192	0.0032216494845360823
2070	0.0022551546391752575
1274	0.001288659793814433
2021	0.0009664948453608248
237	0.004188144329896907
738	0.001288659793814433
306	0.005154639175257732
32	0.0028994845360824743
35	0.0028994845360824743
1621	0.0028994845360824743
2295	0.001288659793814433
1516	0.0009664948453608248
727	0.0022551546391752575
2934	0.004188144329896907
2935	0.010309278350515464
881	0.0006443298969072165
2	0.007409793814432989
2292	0.0032216494845360823
1046	0.0006443298969072165
2074	0.0009664948453608248
819	0.0022551546391752575
293	0.001288659793814433
2151	0.0009664948453608248
1941	0.001288659793814433
774	0.0009664948453608248
387	0.0016108247422680412
1689	0.0016108247422680412
27	0.002577319587628866
2426	0.0006443298969072165
1054	0.0009664948453608248
378	0.00032216494845360824
1510	0.0016108247422680412
1146	0.001288659793814433
1577	0.0016108247422680412
1609	0.0009664948453608248
1707	0.0006443298969072165
2738	0.0009664948453608248
386	0.005798969072164949
1978	0.002577319587628866
307	0.0009664948453608248
191	0.007409793814432989
2936	0.0019329896907216496
2937	0.0019329896907216496
2938	0.0006443298969072165
181	0.001288659793814433
113	0.01804123711340206
260	0.0009664948453608248
394	0.005798969072164949
2939	0.0019329896907216496
1286	0.004510309278350515
1045	0.0067654639175257734
2940	0.0028994845360824743
2941	0.001288659793814433
1385	0.0016108247422680412
2181	0.0016108247422680412
2942	0.0035438144329896907
601	0.009664948453608248
2108	0.0019329896907216496
134	0.017396907216494846
791	0.004188144329896907
876	0.008376288659793814
1589	0.0006443298969072165
869	0.0016108247422680412
2943	0.007087628865979381
161	0.0009664948453608248
1749	0.007087628865979381
758	0.003865979381443299
25	0.009342783505154639
30	0.0019329896907216496
338	0.008376288659793814
1302	0.0019329896907216496
379	0.0022551546391752575
1055	0.0016108247422680412
943	0.0009664948453608248
2944	0.005798969072164949
98	0.009342783505154639
950	0.0022551546391752575
388	0.01288659793814433
617	0.008376288659793814
231	0.003865979381443299
426	0.017396907216494846
23	0.015786082474226804
494	0.00902061855670103
999	0.006121134020618557
48	0.019329896907216496
1844	0.005798969072164949
61	0.020618556701030927
157	0.01610824742268041
201	0.01610824742268041
2945	0.0067654639175257734
2946	0.003865979381443299
1700	0.002577319587628866
97	0.001288659793814433
497	0.0019329896907216496
980	0.008698453608247423
536	0.0019329896907216496
272	0.010631443298969073
268	0.0067654639175257734
400	0.015786082474226804
781	0.0006443298969072165
705	0.0032216494845360823
1224	0.005154639175257732
151	0.008376288659793814
510	0.007087628865979381
1270	0.007409793814432989
2947	0.007731958762886598
2948	0.00547680412371134
334	0.0016108247422680412
24	0.0032216494845360823
1063	0.0028994845360824743
490	0.002577319587628866
146	0.0028994845360824743
353	0.002577319587628866
467	0.0032216494845360823
264	0.0028994845360824743
569	0.005798969072164949
703	0.0022551546391752575
299	0.011920103092783504
688	0.0006443298969072165
2174	0.00032216494845360824
1724	0.0016108247422680412
1121	0.0006443298969072165
318	0.002577319587628866
1398	0.0006443298969072165
1910	0.0032216494845360823
657	0.011597938144329897
1551	0.0009664948453608248
822	0.020940721649484535
2949	0.002577319587628866
2799	0.00032216494845360824
2522	0.0006443298969072165
2061	0.001288659793814433
2950	0.0022551546391752575
142	0.003865979381443299
285	0.008698453608247423
1500	0.0006443298969072165
2951	0.001288659793814433
796	0.007731958762886598
749	0.008054123711340205
1379	0.007087628865979381
2952	0.0032216494845360823
525	0.001288659793814433
559	0.005798969072164949
322	0.01643041237113402
582	0.0035438144329896907
2953	0.0009664948453608248
2954	0.0022551546391752575
2955	0.0028994845360824743
2745	0.00032216494845360824
53	0.004832474226804124
1346	0.0016108247422680412
2956	0.001288659793814433
2957	0.002577319587628866
1884	0.001288659793814433
1525	0.0006443298969072165
2509	0.0009664948453608248
2958	0.001288659793814433
592	0.008376288659793814
985	0.004510309278350515
2959	0.013530927835051547
45	0.0035438144329896907
2762	0.00032216494845360824
403	0.012242268041237113
548	0.014175257731958763
721	0.0009664948453608248
2226	0.0019329896907216496
492	0.0016108247422680412
182	0.0009664948453608248
629	0.012242268041237113
33	0.009342783505154639
1399	0.003865979381443299
691	0.01288659793814433
895	0.0022551546391752575
2679	0.001288659793814433
730	0.012242268041237113
236	0.001288659793814433
43	0.012242268041237113
119	0.013530927835051547
2960	0.0006443298969072165
2303	0.001288659793814433
2395	0.0016108247422680412
2961	0.008698453608247423
2962	0.003865979381443299
1637	0.0019329896907216496
1899	0.0009664948453608248
1015	0.0019329896907216496
392	0.011275773195876288
1084	0.0022551546391752575
1157	0.0019329896907216496
1862	0.0016108247422680412
95	0.006443298969072165
1380	0.001288659793814433
20	0.0035438144329896907
665	0.0009664948453608248
108	0.002577319587628866
590	0.0009664948453608248
1237	0.006443298969072165
886	0.0028994845360824743
731	0.00547680412371134
792	0.003865979381443299
434	0.005798969072164949
889	0.00547680412371134
185	0.0022551546391752575
1216	0.0009664948453608248
708	0.006443298969072165
91	0.0006443298969072165
2963	0.002577319587628866
2964	0.01610824742268041
123	0.011597938144329897
282	0.009664948453608248
1783	0.006443298969072165
1248	0.007087628865979381
327	0.006121134020618557
325	0.007731958762886598
519	0.014497422680412372
1153	0.008698453608247423
311	0.0006443298969072165
651	0.005798969072164949
566	0.007731958762886598
391	0.0067654639175257734
2965	0.0035438144329896907
894	0.0016108247422680412
686	0.008698453608247423
1406	0.001288659793814433
882	0.0035438144329896907
67	0.005798969072164949
2966	0.008376288659793814
188	0.0016108247422680412
1034	0.00032216494845360824
499	0.0022551546391752575
845	0.0022551546391752575
1488	0.003865979381443299
1027	0.0009664948453608248
1405	0.0022551546391752575
1715	0.00032216494845360824
681	0.00032216494845360824
694	0.0009664948453608248
1002	0.0009664948453608248
1240	0.0019329896907216496
557	0.002577319587628866
1840	0.0028994845360824743
1452	0.0009664948453608248
464	0.0009664948453608248
553	0.0032216494845360823
2967	0.004832474226804124
2968	0.0032216494845360823
2625	0.0009664948453608248
1622	0.0006443298969072165
407	0.0006443298969072165
475	0.0019329896907216496
2969	0.009987113402061855
2970	0.0067654639175257734
625	0.0032216494845360823
424	0.0028994845360824743
477	0.0016108247422680412
1330	0.0019329896907216496
504	0.001288659793814433
2662	0.001288659793814433
776	0.0009664948453608248
2144	0.002577319587628866
223	0.0019329896907216496
1449	0.0019329896907216496
153	0.0006443298969072165
1437	0.0006443298969072165
1143	0.0019329896907216496
1523	0.0009664948453608248
1107	0.0009664948453608248
1021	0.002577319587628866
2441	0.0009664948453608248
1273	0.0009664948453608248
1851	0.00032216494845360824
2158	0.001288659793814433
814	0.005154639175257732
975	0.0022551546391752575
1050	0.0019329896907216496
2367	0.0028994845360824743
454	0.002577319587628866
222	0.0006443298969072165
2145	0.0032216494845360823
126	0.004832474226804124
2971	0.00547680412371134
2972	0.022873711340206184
1377	0.003865979381443299
2421	0.0006443298969072165
892	0.0019329896907216496
1147	0.001288659793814433
670	0.0016108247422680412
682	0.0019329896907216496
284	0.0035438144329896907
402	0.003865979381443299
1124	0.007409793814432989
753	0.0016108247422680412
1212	0.0019329896907216496
1606	0.0028994845360824743
1859	0.0016108247422680412
275	0.007087628865979381
1159	0.0035438144329896907
1114	0.0028994845360824743
446	0.007731958762886598
473	0.0032216494845360823
547	0.0016108247422680412
1660	0.0016108247422680412
82	0.00547680412371134
111	0.007087628865979381
136	0.002577319587628866
658	0.00547680412371134
1803	0.0032216494845360823
46	0.005154639175257732
440	0.0019329896907216496
5	0.0032216494845360823
1632	0.0019329896907216496
1016	0.0016108247422680412
849	0.0032216494845360823
771	0.0009664948453608248
887	0.0028994845360824743
1748	0.0019329896907216496
810	0.0028994845360824743
1802	0.0019329896907216496
396	0.003865979381443299
99	0.008376288659793814
2973	0.003865979381443299
2213	0.00032216494845360824
1324	0.0006443298969072165
2974	0.005154639175257732
435	0.0035438144329896907
801	0.001288659793814433
1744	0.002577319587628866
1485	0.002577319587628866
376	0.0022551546391752575
2975	0.00032216494845360824
2976	0.0032216494845360823
2857	0.00032216494845360824
109	0.004832474226804124
6	0.004188144329896907
680	0.0019329896907216496
13	0.00032216494845360824
2977	0.0035438144329896907
2978	0.005798969072164949
2606	0.00032216494845360824
619	0.0006443298969072165
1857	0.0009664948453608248
1080	0.002577319587628866
137	0.0016108247422680412
2203	0.0016108247422680412
127	0.0006443298969072165
1764	0.0009664948453608248
987	0.0006443298969072165
655	0.001288659793814433
417	0.002577319587628866
2117	0.0016108247422680412
2979	0.01675257731958763
2482	0.0006443298969072165
2244	0.00032216494845360824
1629	0.00032216494845360824
788	0.001288659793814433
1310	0.0009664948453608248
1322	0.0006443298969072165
1563	0.0009664948453608248
2486	0.0006443298969072165
1676	0.0016108247422680412
244	0.0016108247422680412
216	0.0006443298969072165
1040	0.00032216494845360824
570	0.00032216494845360824
1483	0.00032216494845360824
1597	0.00032216494845360824
1527	0.00032216494845360824
2433	0.001288659793814433
1058	0.00032216494845360824
1208	0.0006443298969072165
323	0.00032216494845360824
2143	0.0009664948453608248
752	0.00032216494845360824
1407	0.0028994845360824743
168	0.0006443298969072165
1151	0.001288659793814433
1530	0.00032216494845360824
1419	0.0006443298969072165
1520	0.0009664948453608248
532	0.0019329896907216496
410	0.00032216494845360824
62	0.001288659793814433
2980	0.0035438144329896907
472	0.001288659793814433
676	0.002577319587628866
2570	0.0028994845360824743
254	0.002577319587628866
2981	0.0035438144329896907
2806	0.0009664948453608248
1006	0.008698453608247423
2982	0.0022551546391752575
630	0.0006443298969072165
444	0.006121134020618557
2983	0.015463917525773196
2984	0.013853092783505154
502	0.004188144329896907
326	0.0035438144329896907
585	0.005154639175257732
2562	0.0009664948453608248
1359	0.007409793814432989
1912	0.0006443298969072165
951	0.0032216494845360823
226	0.002577319587628866
603	0.0019329896907216496
1103	0.006121134020618557
389	0.002577319587628866
1834	0.005798969072164949
2033	0.0022551546391752575
215	0.005798969072164949
650	0.004832474226804124
447	0.006121134020618557
759	0.00547680412371134
1426	0.0035438144329896907
81	0.0022551546391752575
2153	0.001288659793814433
1352	0.001288659793814433
1885	0.0006443298969072165
1023	0.008698453608247423
1207	0.004510309278350515
838	0.002577319587628866
2985	0.004832474226804124
1148	0.008376288659793814
1415	0.001288659793814433
1445	0.004188144329896907
1139	0.0032216494845360823
1092	0.0006443298969072165
147	0.0006443298969072165
2986	0.0028994845360824743
2987	0.011920103092783504
817	0.001288659793814433
983	0.002577319587628866
2082	0.0016108247422680412
864	0.001288659793814433
716	0.009342783505154639
737	0.004510309278350515
1031	0.00547680412371134
1913	0.0009664948453608248
935	0.0006443298969072165
14	0.001288659793814433
1793	0.0009664948453608248
2552	0.00032216494845360824
1564	0.004832474226804124
19	0.0035438144329896907
16	0.005154639175257732
2988	0.0022551546391752575
344	0.004832474226804124
316	0.004510309278350515
2138	0.003865979381443299
423	0.001288659793814433
2989	0.01675257731958763
2990	0.014175257731958763
1882	0.0006443298969072165
1137	0.001288659793814433
2288	0.0006443298969072165
1465	0.0009664948453608248
491	0.0009664948453608248
2400	0.001288659793814433
70	0.004188144329896907
462	0.0035438144329896907
335	0.00902061855670103
1593	0.0022551546391752575
766	0.0032216494845360823
857	0.00547680412371134
830	0.0006443298969072165
463	0.0028994845360824743
594	0.001288659793814433
1967	0.001288659793814433
486	0.0019329896907216496
1871	0.001288659793814433
361	0.00032216494845360824
613	0.002577319587628866
2649	0.0009664948453608248
1387	0.0009664948453608248
1115	0.0035438144329896907
2685	0.001288659793814433
556	0.002577319587628866
1534	0.0009664948453608248
1123	0.006121134020618557
2537	0.0019329896907216496
1320	0.0016108247422680412
290	0.006121134020618557
1211	0.0006443298969072165
333	0.0006443298969072165
2719	0.0006443298969072165
1486	0.0016108247422680412
554	0.001288659793814433
2305	0.001288659793814433
1536	0.001288659793814433
575	0.0019329896907216496
102	0.0016108247422680412
438	0.0009664948453608248
883	0.0028994845360824743
1112	0.0028994845360824743
1677	0.0016108247422680412
2991	0.005798969072164949
2750	0.00032216494845360824
420	0.0006443298969072165
273	0.001288659793814433
207	0.0006443298969072165
2992	0.00547680412371134
2993	0.002577319587628866
2456	0.0009664948453608248
2128	0.0009664948453608248
2240	0.001288659793814433
678	0.0032216494845360823
1739	0.00032216494845360824
1503	0.001288659793814433
2994	0.002577319587628866
2995	0.006121134020618557
1959	0.0009664948453608248
295	0.0019329896907216496
535	0.0019329896907216496
2996	0.0022551546391752575
346	0.0009664948453608248
2997	0.004832474226804124
1176	0.006121134020618557
890	0.0006443298969072165
872	0.007409793814432989
929	0.0009664948453608248
701	0.0028994845360824743
2998	0.004832474226804124
485	0.0035438144329896907
579	0.0019329896907216496
1695	0.002577319587628866
1673	0.001288659793814433
1413	0.0006443298969072165
2999	0.003865979381443299
3000	0.00547680412371134
79	0.006121134020618557
2029	0.0035438144329896907
3001	0.0067654639175257734
1584	0.0022551546391752575
1120	0.001288659793814433
289	0.0016108247422680412
1620	0.001288659793814433
2404	0.001288659793814433
3002	0.0032216494845360823
1553	0.001288659793814433
468	0.0032216494845360823
794	0.0019329896907216496
159	0.003865979381443299
1341	0.0009664948453608248
3003	0.0016108247422680412
513	0.008054123711340205
4	0.008376288659793814
3004	0.006443298969072165
1022	0.0006443298969072165
380	0.0019329896907216496
1391	0.001288659793814433
1717	0.001288659793814433
373	0.0006443298969072165
2221	0.0006443298969072165
853	0.001288659793814433
416	0.0067654639175257734
836	0.0019329896907216496
186	0.0016108247422680412
3005	0.04059278350515464
1812	0.0009664948453608248
549	0.0006443298969072165
1652	0.001288659793814433
2275	0.0006443298969072165
1019	0.00032216494845360824
2253	0.001288659793814433
954	0.0009664948453608248
2361	0.001288659793814433
746	0.0028994845360824743
683	0.0006443298969072165
1305	0.0006443298969072165
966	0.0006443298969072165
2051	0.0006443298969072165
2607	0.0006443298969072165
2450	0.0009664948453608248
461	0.00032216494845360824
720	0.0006443298969072165
529	0.0009664948453608248
1991	0.001288659793814433
2227	0.00032216494845360824
1595	0.0016108247422680412
1723	0.0019329896907216496
1309	0.0006443298969072165
154	0.0022551546391752575
1145	0.0009664948453608248
1028	0.0016108247422680412
1619	0.0009664948453608248
621	0.0009664948453608248
2725	0.00032216494845360824
1661	0.00032216494845360824
480	0.0009664948453608248
2232	0.0006443298969072165
1669	0.0016108247422680412
2165	0.001288659793814433
1066	0.00032216494845360824
2430	0.0009664948453608248
1799	0.0009664948453608248
266	0.0009664948453608248
296	0.001288659793814433
839	0.00032216494845360824
1556	0.0006443298969072165
1779	0.0006443298969072165
2154	0.0009664948453608248
1068	0.0009664948453608248
1253	0.0006443298969072165
622	0.0006443298969072165
2402	0.0019329896907216496
1972	0.001288659793814433
2464	0.00032216494845360824
1241	0.001288659793814433
370	0.0006443298969072165
1351	0.0009664948453608248
772	0.0016108247422680412
1049	0.0009664948453608248
1378	0.001288659793814433
1846	0.0009664948453608248
253	0.0016108247422680412
58	0.0006443298969072165
639	0.0006443298969072165
2171	0.0006443298969072165
1571	0.0009664948453608248
1029	0.001288659793814433
1098	0.001288659793814433
645	0.0016108247422680412
2172	0.0006443298969072165
2170	0.0006443298969072165
2697	0.001288659793814433
1586	0.009664948453608248
367	0.001288659793814433
324	0.0006443298969072165
1829	0.0006443298969072165
873	0.0009664948453608248
1568	0.0009664948453608248
1130	0.001288659793814433
2008	0.001288659793814433
8	0.0016108247422680412
3006	0.004188144329896907
1636	0.0009664948453608248
1108	0.0019329896907216496
1179	0.001288659793814433
2354	0.0006443298969072165
3007	0.005154639175257732
3008	0.0067654639175257734
255	0.0032216494845360823
984	0.0006443298969072165
534	0.0006443298969072165
2024	0.0019329896907216496
775	0.0009664948453608248
1372	0.0019329896907216496
815	0.0016108247422680412
1533	0.0006443298969072165
1283	0.0022551546391752575
3009	0.004510309278350515
368	0.0022551546391752575
1247	0.001288659793814433
1728	0.00032216494845360824
2410	0.0006443298969072165
317	0.0022551546391752575
1472	0.0019329896907216496
1535	0.0032216494845360823
3010	0.007087628865979381
2185	0.00032216494845360824
1854	0.0009664948453608248
2447	0.001288659793814433
2601	0.001288659793814433
3011	0.006443298969072165
1918	0.001288659793814433
3012	0.006443298969072165
0	0.0022551546391752575
2587	0.0009664948453608248
3013	0.001288659793814433
3014	0.004188144329896907
3015	0.007087628865979381
976	0.0028994845360824743
263	0.0035438144329896907
3016	0.013853092783505154
1617	0.0019329896907216496
2079	0.0019329896907216496
2451	0.0016108247422680412
1958	0.00032216494845360824
1759	0.0006443298969072165
2102	0.00032216494845360824
93	0.0009664948453608248
2113	0.0006443298969072165
998	0.0016108247422680412
568	0.0019329896907216496
604	0.001288659793814433
2590	0.0009664948453608248
964	0.001288659793814433
2298	0.0016108247422680412
606	0.005154639175257732
605	0.002577319587628866
2078	0.0009664948453608248
3017	0.0016108247422680412
3018	0.004510309278350515
909	0.0032216494845360823
341	0.0016108247422680412
38	0.008698453608247423
3019	0.012242268041237113
2092	0.0022551546391752575
2072	0.0022551546391752575
2419	0.0006443298969072165
283	0.0032216494845360823
2205	0.0016108247422680412
173	0.0067654639175257734
330	0.0032216494845360823
3020	0.012564432989690722
2031	0.002577319587628866
1276	0.0019329896907216496
2131	0.0016108247422680412
92	0.0009664948453608248
1345	0.001288659793814433
809	0.0019329896907216496
562	0.005154639175257732
1448	0.0009664948453608248
31	0.0009664948453608248
3021	0.021262886597938145
667	0.003865979381443299
1670	0.003865979381443299
1277	0.001288659793814433
1254	0.0028994845360824743
576	0.0016108247422680412
279	0.004188144329896907
1206	0.0067654639175257734
542	0.001288659793814433
1949	0.0006443298969072165
496	0.0028994845360824743
2408	0.001288659793814433
514	0.0022551546391752575
2030	0.0016108247422680412
1446	0.001288659793814433
2067	0.0016108247422680412
1938	0.0006443298969072165
1091	0.0006443298969072165
2110	0.00032216494845360824
1169	0.0009664948453608248
947	0.001288659793814433
169	0.007409793814432989
704	0.0035438144329896907
587	0.002577319587628866
277	0.003865979381443299
1196	0.0006443298969072165
1543	0.0006443298969072165
707	0.0006443298969072165
3022	0.006443298969072165
2598	0.00032216494845360824
1526	0.002577319587628866
1155	0.0009664948453608248
3023	0.014819587628865979
3024	0.007409793814432989
1826	0.0009664948453608248
861	0.001288659793814433
68	0.0009664948453608248
602	0.0016108247422680412
546	0.002577319587628866
921	0.002577319587628866
1476	0.0009664948453608248
262	0.0022551546391752575
451	0.0019329896907216496
1893	0.001288659793814433
199	0.0016108247422680412
647	0.001288659793814433
414	0.0016108247422680412
1985	0.0032216494845360823
218	0.0009664948453608248
238	0.0035438144329896907
320	0.0035438144329896907
1572	0.0009664948453608248
1423	0.0035438144329896907
521	0.0016108247422680412
2044	0.0009664948453608248
2196	0.0019329896907216496
1781	0.001288659793814433
1381	0.0016108247422680412
812	0.0016108247422680412
1300	0.0009664948453608248
863	0.0016108247422680412
107	0.0019329896907216496
50	0.0022551546391752575
3025	0.00547680412371134
3026	0.0035438144329896907
784	0.0016108247422680412
2768	0.00032216494845360824
1217	0.001288659793814433
2050	0.0006443298969072165
436	0.0019329896907216496
1281	0.0006443298969072165
1376	0.0009664948453608248
1841	0.001288659793814433
1435	0.00032216494845360824
3027	0.003865979381443299
1183	0.0006443298969072165
1182	0.001288659793814433
3028	0.009987113402061855
2521	0.0016108247422680412
2374	0.0009664948453608248
1684	0.007409793814432989
1113	0.0035438144329896907
401	0.0019329896907216496
3029	0.00547680412371134
1484	0.0028994845360824743
1878	0.004188144329896907
635	0.0006443298969072165
3030	0.0022551546391752575
3031	0.004832474226804124
3032	0.0032216494845360823
2412	0.0022551546391752575
654	0.0019329896907216496
1612	0.0006443298969072165
3033	0.00902061855670103
1810	0.0016108247422680412
905	0.001288659793814433
968	0.0022551546391752575
855	0.0009664948453608248
1545	0.001288659793814433
1550	0.001288659793814433
644	0.004510309278350515
511	0.002577319587628866
261	0.0006443298969072165
2452	0.0019329896907216496
972	0.0009664948453608248
2162	0.0019329896907216496
3034	0.0019329896907216496
3035	0.005798969072164949
3036	0.014497422680412372
180	0.0022551546391752575
2337	0.0006443298969072165
2161	0.0019329896907216496
952	0.0022551546391752575
1110	0.0009664948453608248
564	0.004832474226804124
1230	0.0016108247422680412
859	0.0019329896907216496
1447	0.003865979381443299
1099	0.001288659793814433
981	0.0006443298969072165
3037	0.0035438144329896907
2465	0.0009664948453608248
166	0.0009664948453608248
3038	0.006443298969072165
2133	0.0006443298969072165
3039	0.005154639175257732
1347	0.0016108247422680412
1125	0.0016108247422680412
1698	0.0035438144329896907
1163	0.0006443298969072165
3040	0.004510309278350515
723	0.0006443298969072165
177	0.0022551546391752575
1734	0.003865979381443299
3041	0.0067654639175257734
3042	0.00547680412371134
1790	0.0032216494845360823
1096	0.001288659793814433
176	0.0019329896907216496
874	0.0022551546391752575
88	0.019007731958762885
3043	0.008698453608247423
717	0.0035438144329896907
807	0.0019329896907216496
1071	0.00032216494845360824
3044	0.003865979381443299
1118	0.001288659793814433
2755	0.0009664948453608248
2168	0.00032216494845360824
476	0.001288659793814433
1012	0.0009664948453608248
1285	0.0006443298969072165
3045	0.0019329896907216496
3046	0.006121134020618557
3047	0.007731958762886598
520	0.0009664948453608248
443	0.0019329896907216496
28	0.0035438144329896907
1581	0.001288659793814433
442	0.0035438144329896907
2167	0.0016108247422680412
3048	0.0009664948453608248
3049	0.0006443298969072165
3050	0.002577319587628866
850	0.00032216494845360824
1522	0.0035438144329896907
3051	0.00902061855670103
3052	0.004188144329896907
696	0.001288659793814433
1773	0.0022551546391752575
1408	0.0006443298969072165
2621	0.0019329896907216496
1582	0.0016108247422680412
29	0.0019329896907216496
2127	0.00032216494845360824
1299	0.0009664948453608248
431	0.001288659793814433
415	0.001288659793814433
904	0.002577319587628866
2054	0.0016108247422680412
3053	0.013208762886597938
3054	0.028672680412371133
1838	0.00032216494845360824
1714	0.0016108247422680412
1242	0.0016108247422680412
305	0.0035438144329896907
958	0.001288659793814433
961	0.002577319587628866
2132	0.0016108247422680412
355	0.001288659793814433
1122	0.00032216494845360824
1070	0.001288659793814433
802	0.0006443298969072165
258	0.0019329896907216496
820	0.00547680412371134
1567	0.0032216494845360823
1328	0.0016108247422680412
740	0.00032216494845360824
1173	0.0016108247422680412
782	0.001288659793814433
1509	0.0009664948453608248
2376	0.0009664948453608248
248	0.001288659793814433
133	0.0009664948453608248
1747	0.00032216494845360824
2087	0.0006443298969072165
700	0.0009664948453608248
1350	0.0009664948453608248
22	0.0022551546391752575
3055	0.0022551546391752575
879	0.0006443298969072165
3056	0.006443298969072165
507	0.0016108247422680412
1820	0.0028994845360824743
474	0.0006443298969072165
288	0.0006443298969072165
2362	0.0006443298969072165
1219	0.0006443298969072165
117	0.008376288659793814
1475	0.002577319587628866
3057	0.004510309278350515
910	0.0006443298969072165
805	0.0019329896907216496
128	0.005798969072164949
3058	0.003865979381443299
1977	0.0022551546391752575
1702	0.001288659793814433
900	0.00032216494845360824
249	0.0032216494845360823
487	0.001288659793814433
2320	0.0019329896907216496
1225	0.0006443298969072165
3059	0.0009664948453608248
418	0.001288659793814433
3060	0.0019329896907216496
3061	0.0028994845360824743
1193	0.001288659793814433
2059	0.00032216494845360824
3062	0.0019329896907216496
2838	0.00032216494845360824
1393	0.0006443298969072165
2186	0.001288659793814433
2655	0.0006443298969072165
924	0.0009664948453608248
3063	0.004832474226804124
86	0.001288659793814433
224	0.005154639175257732
1548	0.0035438144329896907
3064	0.006121134020618557
3065	0.010309278350515464
230	0.0009664948453608248
1075	0.00032216494845360824
1202	0.0006443298969072165
235	0.0009664948453608248
425	0.001288659793814433
1729	0.0009664948453608248
988	0.001288659793814433
1743	0.0016108247422680412
2389	0.001288659793814433
1037	0.0016108247422680412
1460	0.001288659793814433
1260	0.00032216494845360824
3066	0.00547680412371134
2296	0.0016108247422680412
2845	0.00032216494845360824
974	0.00032216494845360824
663	0.00032216494845360824
1705	0.0009664948453608248
2564	0.0022551546391752575
3067	0.013853092783505154
2137	0.0009664948453608248
1142	0.0009664948453608248
3068	0.005154639175257732
3069	0.0067654639175257734
1944	0.001288659793814433
1365	0.0006443298969072165
722	0.0019329896907216496
1238	0.0009664948453608248
862	0.005798969072164949
893	0.0035438144329896907
1468	0.00032216494845360824
1327	0.002577319587628866
1644	0.002577319587628866
939	0.001288659793814433
3070	0.005154639175257732
3071	0.008376288659793814
1355	0.0009664948453608248
1753	0.0016108247422680412
87	0.0006443298969072165
2383	0.0006443298969072165
1149	0.0019329896907216496
1806	0.001288659793814433
2396	0.0016108247422680412
3072	0.0067654639175257734
3073	0.010631443298969073
1576	0.0016108247422680412
2788	0.0016108247422680412
197	0.001288659793814433
693	0.0009664948453608248
1611	0.001288659793814433
1864	0.00032216494845360824
3074	0.003865979381443299
1363	0.001288659793814433
1307	0.001288659793814433
1	0.0009664948453608248
3075	0.0035438144329896907
3076	0.0028994845360824743
1816	0.0006443298969072165
583	0.0016108247422680412
2381	0.0006443298969072165
628	0.00032216494845360824
3077	0.0035438144329896907
3078	0.007087628865979381
1897	0.0006443298969072165
684	0.001288659793814433
265	0.00032216494845360824
17	0.001288659793814433
2558	0.0009664948453608248
1048	0.0019329896907216496
196	0.0009664948453608248
3079	0.0022551546391752575
2058	0.0009664948453608248
3080	0.004188144329896907
990	0.0022551546391752575
3081	0.0016108247422680412
3082	0.014497422680412372
1830	0.0019329896907216496
1555	0.00032216494845360824
1853	0.002577319587628866
395	0.0006443298969072165
3083	0.004510309278350515
2518	0.001288659793814433
2423	0.00032216494845360824
3084	0.02416237113402062
3085	0.006443298969072165
1948	0.003865979381443299
2083	0.0009664948453608248
2217	0.0016108247422680412
1789	0.0009664948453608248
1760	0.0009664948453608248
72	0.0019329896907216496
1429	0.0022551546391752575
352	0.0009664948453608248
1366	0.001288659793814433
2115	0.001288659793814433
677	0.0035438144329896907
2081	0.001288659793814433
2660	0.001288659793814433
885	0.0009664948453608248
1630	0.0022551546391752575
149	0.0028994845360824743
2235	0.0009664948453608248
2428	0.0022551546391752575
854	0.0022551546391752575
757	0.0009664948453608248
2517	0.0009664948453608248
1010	0.0019329896907216496
1319	0.0019329896907216496
2403	0.0022551546391752575
1382	0.0006443298969072165
381	0.001288659793814433
3086	0.005798969072164949
1867	0.0016108247422680412
3087	0.015141752577319588
1562	0.0009664948453608248
1425	0.001288659793814433
1990	0.0009664948453608248
460	0.002577319587628866
1798	0.001288659793814433
3088	0.004188144329896907
3089	0.0035438144329896907
3090	0.006121134020618557
1053	0.0009664948453608248
183	0.0009664948453608248
610	0.003865979381443299
3091	0.003865979381443299
1005	0.004188144329896907
2097	0.002577319587628866
3092	0.002577319587628866
2234	0.00032216494845360824
2023	0.0006443298969072165
2700	0.001288659793814433
3093	0.004188144329896907
3094	0.008054123711340205
452	0.0009664948453608248
2266	0.0009664948453608248
2591	0.00032216494845360824
315	0.001288659793814433
2274	0.0006443298969072165
1213	0.0022551546391752575
3095	0.0028994845360824743
3096	0.0032216494845360823
1129	0.0009664948453608248
2415	0.00032216494845360824
1343	0.0032216494845360823
3097	0.004510309278350515
907	0.0009664948453608248
3098	0.008376288659793814
2022	0.0019329896907216496
1358	0.0016108247422680412
1431	0.0019329896907216496
946	0.0019329896907216496
1357	0.0019329896907216496
903	0.002577319587628866
162	0.00032216494845360824
3099	0.004188144329896907
3100	0.01288659793814433
600	0.001288659793814433
1930	0.0019329896907216496
2468	0.0006443298969072165
957	0.0009664948453608248
811	0.0022551546391752575
489	0.00032216494845360824
2080	0.0006443298969072165
150	0.0006443298969072165
206	0.0016108247422680412
821	0.002577319587628866
2582	0.0019329896907216496
2166	0.0009664948453608248
2609	0.0016108247422680412
3101	0.004832474226804124
661	0.003865979381443299
2752	0.0006443298969072165
1271	0.00032216494845360824
1416	0.0006443298969072165
3102	0.005798969072164949
3103	0.0032216494845360823
2191	0.0016108247422680412
2547	0.00032216494845360824
1782	0.0019329896907216496
2156	0.002577319587628866
3104	0.005798969072164949
936	0.001288659793814433
1367	0.001288659793814433
3105	0.0032216494845360823
3106	0.006443298969072165
2349	0.0016108247422680412
563	0.0006443298969072165
607	0.001288659793814433
2019	0.0022551546391752575
1499	0.0019329896907216496
699	0.0006443298969072165
2643	0.0016108247422680412
286	0.002577319587628866
931	0.0006443298969072165
3107	0.004188144329896907
505	0.00032216494845360824
3108	0.0016108247422680412
2746	0.00032216494845360824
1296	0.0009664948453608248
2596	0.0006443298969072165
3109	0.004832474226804124
3110	0.0035438144329896907
1697	0.0016108247422680412
3111	0.0022551546391752575
1649	0.0009664948453608248
3112	0.0035438144329896907
3113	0.002577319587628866
1204	0.0028994845360824743
1557	0.00032216494845360824
116	0.0006443298969072165
1201	0.0032216494845360823
397	0.0006443298969072165
2434	0.001288659793814433
2805	0.0006443298969072165
3114	0.007409793814432989
1934	0.0016108247422680412
76	0.0006443298969072165
3115	0.007409793814432989
3116	0.003865979381443299
3117	0.003865979381443299
2616	0.0006443298969072165
131	0.0009664948453608248
2225	0.0006443298969072165
2688	0.00032216494845360824
3118	0.008054123711340205
3119	0.004188144329896907
783	0.0006443298969072165
1797	0.0009664948453608248
3120	0.003865979381443299
1868	0.0022551546391752575
3121	0.00547680412371134
1643	0.0009664948453608248
2175	0.001288659793814433
1613	0.0019329896907216496
1116	0.002577319587628866
3122	0.009342783505154639
1519	0.0035438144329896907
751	0.0009664948453608248
2317	0.001288659793814433
2312	0.001288659793814433
1933	0.0035438144329896907
3123	0.00547680412371134
3124	0.008698453608247423
2037	0.0009664948453608248
2513	0.001288659793814433
2285	0.001288659793814433
3125	0.006443298969072165
308	0.001288659793814433
214	0.00032216494845360824
3126	0.006443298969072165
2640	0.0006443298969072165
3127	0.001288659793814433
848	0.0009664948453608248
2431	0.0006443298969072165
3128	0.008054123711340205
1624	0.0006443298969072165
1932	0.0009664948453608248
374	0.001288659793814433
3129	0.008054123711340205
2549	0.00032216494845360824
362	0.002577319587628866
2777	0.0009664948453608248
2387	0.0009664948453608248
3130	0.004188144329896907
3131	0.009987113402061855
1188	0.0009664948453608248
3132	0.00032216494845360824
3133	0.005154639175257732
3134	0.004832474226804124
2279	0.004188144329896907
3135	0.01288659793814433
977	0.001288659793814433
1195	0.0006443298969072165
1256	0.0019329896907216496
2333	0.0006443298969072165
662	0.0006443298969072165
2576	0.0009664948453608248
2550	0.0009664948453608248
2735	0.0006443298969072165
1100	0.002577319587628866
3136	0.006443298969072165
3137	0.0016108247422680412
1696	0.0019329896907216496
90	0.002577319587628866
2742	0.00032216494845360824
3138	0.00032216494845360824
3139	0.00032216494845360824
3140	0.001288659793814433
3141	0.0067654639175257734
3142	0.001288659793814433
2740	0.0009664948453608248
734	0.0016108247422680412
3143	0.005154639175257732
331	0.0009664948453608248
2891	0.0006443298969072165
2636	0.00032216494845360824
3144	0.0016108247422680412
3145	0.0009664948453608248
2693	0.00032216494845360824
1521	0.00032216494845360824
2722	0.00032216494845360824
516	0.0006443298969072165
3146	0.002577319587628866
3147	0.008698453608247423
1889	0.0022551546391752575
3148	0.008698453608247423
3149	0.0022551546391752575
2716	0.00032216494845360824
3150	0.017074742268041235
78	0.002577319587628866
1594	0.0009664948453608248
2490	0.0022551546391752575
841	0.0006443298969072165
2809	0.0016108247422680412
1489	0.0009664948453608248
1490	0.0009664948453608248
1261	0.001288659793814433
3151	0.004832474226804124
3152	0.004832474226804124
1642	0.002577319587628866
3153	0.012564432989690722
3154	0.008054123711340205
989	0.0019329896907216496
65	0.0019329896907216496
1228	0.002577319587628866
1404	0.0006443298969072165
85	0.0016108247422680412
824	0.0028994845360824743
1825	0.0006443298969072165
2466	0.0006443298969072165
539	0.0016108247422680412
1579	0.001288659793814433
1692	0.0016108247422680412
64	0.001288659793814433
190	0.00032216494845360824
312	0.0009664948453608248
561	0.0009664948453608248
3155	0.0022551546391752575
1354	0.0006443298969072165
3156	0.004188144329896907
140	0.0016108247422680412
3157	0.0022551546391752575
1979	0.001288659793814433
3158	0.0028994845360824743
3159	0.006121134020618557
1501	0.0009664948453608248
84	0.0006443298969072165
3160	0.001288659793814433
3161	0.007731958762886598
2369	0.0009664948453608248
348	0.0019329896907216496
3162	0.002577319587628866
3163	0.004188144329896907
2818	0.00032216494845360824
581	0.00032216494845360824
1962	0.00032216494845360824
2485	0.00032216494845360824
2814	0.00032216494845360824
1627	0.00032216494845360824
2319	0.00032216494845360824
2623	0.00032216494845360824
12	0.0006443298969072165
1645	0.0006443298969072165
956	0.00032216494845360824
2163	0.00032216494845360824
501	0.00032216494845360824
846	0.00032216494845360824
2560	0.00032216494845360824
919	0.0006443298969072165
3164	0.007731958762886598
342	0.00032216494845360824
2812	0.00032216494845360824
3165	0.011275773195876288
3166	0.006121134020618557
1011	0.0006443298969072165
441	0.00032216494845360824
2678	0.0006443298969072165
3167	0.0006443298969072165
3168	0.0019329896907216496
15	0.00032216494845360824
3169	0.001288659793814433
3170	0.001288659793814433
3171	0.004188144329896907
728	0.0009664948453608248
3172	0.0019329896907216496
3173	0.0022551546391752575
3174	0.009342783505154639
1847	0.0016108247422680412
1348	0.0016108247422680412
2192	0.0028994845360824743
2214	0.00032216494845360824
495	0.0019329896907216496
3175	0.01288659793814433
1418	0.0009664948453608248
777	0.00032216494845360824
3176	0.015786082474226804
377	0.003865979381443299
1704	0.0019329896907216496
1126	0.001288659793814433
1220	0.001288659793814433
706	0.0019329896907216496
1370	0.0009664948453608248
332	0.0006443298969072165
3177	0.0032216494845360823
3178	0.002577319587628866
3179	0.00547680412371134
1858	0.0006443298969072165
3180	0.011597938144329897
596	0.00032216494845360824
1590	0.001288659793814433
3181	0.004188144329896907
1614	0.0006443298969072165
2388	0.00032216494845360824
3182	0.0016108247422680412
2761	0.001288659793814433
3183	0.0019329896907216496
1818	0.0009664948453608248
3184	0.012564432989690722
3185	0.012564432989690722
2027	0.00032216494845360824
141	0.0006443298969072165
1850	0.001288659793814433
1852	0.00032216494845360824
1836	0.00032216494845360824
2237	0.0016108247422680412
1384	0.00032216494845360824
779	0.0009664948453608248
530	0.0019329896907216496
194	0.001288659793814433
1215	0.0009664948453608248
345	0.00032216494845360824
2119	0.0019329896907216496
1109	0.00032216494845360824
2424	0.0006443298969072165
175	0.001288659793814433
634	0.0006443298969072165
483	0.0028994845360824743
567	0.00032216494845360824
1994	0.0006443298969072165
375	0.0006443298969072165
2311	0.001288659793814433
524	0.00032216494845360824
89	0.00032216494845360824
1993	0.00032216494845360824
523	0.00032216494845360824
445	0.00032216494845360824
3186	0.005798969072164949
3187	0.0035438144329896907
3188	0.0019329896907216496
1770	0.00032216494845360824
349	0.002577319587628866
364	0.00032216494845360824
3189	0.004510309278350515
3190	0.003865979381443299
1808	0.0019329896907216496
902	0.0009664948453608248
2467	0.0009664948453608248
2808	0.0006443298969072165
3191	0.004188144329896907
3192	0.005798969072164949
2834	0.00032216494845360824
3193	0.003865979381443299
3194	0.010631443298969073
897	0.00032216494845360824
1314	0.0009664948453608248
270	0.002577319587628866
1189	0.0009664948453608248
948	0.0016108247422680412
3195	0.002577319587628866
3196	0.002577319587628866
1578	0.0022551546391752575
1158	0.0006443298969072165
83	0.0006443298969072165
3197	0.001288659793814433
2568	0.00032216494845360824
3198	0.0032216494845360823
3199	0.003865979381443299
3200	0.006121134020618557
770	0.00032216494845360824
769	0.0006443298969072165
3201	0.008054123711340205
3202	0.0067654639175257734
1809	0.0006443298969072165
3203	0.0022551546391752575
3204	0.0028994845360824743
652	0.00032216494845360824
1316	0.00032216494845360824
2048	0.0009664948453608248
3205	0.004832474226804124
1680	0.004510309278350515
3206	0.011275773195876288
1356	0.00032216494845360824
1186	0.0019329896907216496
3207	0.007409793814432989
3208	0.014497422680412372
1718	0.0022551546391752575
1964	0.0009664948453608248
506	0.0006443298969072165
1969	0.0006443298969072165
3209	0.00032216494845360824
412	0.001288659793814433
3210	0.005154639175257732
3211	0.0019329896907216496
3212	0.007731958762886598
865	0.0009664948453608248
3213	0.0035438144329896907
1007	0.00032216494845360824
3214	0.004832474226804124
3215	0.0019329896907216496
459	0.001288659793814433
3216	0.006121134020618557
3217	0.011920103092783504
833	0.0009664948453608248
121	0.002577319587628866
1916	0.0009664948453608248
2280	0.00032216494845360824
3218	0.004188144329896907
1284	0.00032216494845360824
2378	0.002577319587628866
2731	0.0006443298969072165
3219	0.0028994845360824743
3220	0.004188144329896907
3221	0.010631443298969073
3222	0.0032216494845360823
1003	0.0006443298969072165
1921	0.00032216494845360824
768	0.001288659793814433
245	0.0006443298969072165
2669	0.0006443298969072165
1111	0.0006443298969072165
213	0.00032216494845360824
3223	0.004510309278350515
3224	0.003865979381443299
1787	0.00032216494845360824
1679	0.0009664948453608248
1172	0.00032216494845360824
1791	0.0009664948453608248
3225	0.0022551546391752575
3226	0.005798969072164949
2425	0.001288659793814433
3227	0.006121134020618557
3228	0.0032216494845360823
941	0.00032216494845360824
2885	0.00032216494845360824
1227	0.00032216494845360824
171	0.0016108247422680412
3229	0.004832474226804124
2635	0.0006443298969072165
2703	0.001288659793814433
3230	0.0016108247422680412
3231	0.00547680412371134
1504	0.0006443298969072165
558	0.00032216494845360824
3232	0.005154639175257732
3233	0.007087628865979381
365	0.0019329896907216496
3234	0.004832474226804124
742	0.0006443298969072165
3235	0.005154639175257732
2701	0.0006443298969072165
2759	0.0009664948453608248
1887	0.0016108247422680412
3236	0.0019329896907216496
1763	0.00032216494845360824
3237	0.0035438144329896907
2330	0.00032216494845360824
1902	0.0006443298969072165
3238	0.005154639175257732
71	0.0009664948453608248
3239	0.00902061855670103
754	0.0028994845360824743
3240	0.007409793814432989
2357	0.00032216494845360824
1996	0.0009664948453608248
1788	0.001288659793814433
3241	0.0032216494845360823
1174	0.0006443298969072165
1699	0.0006443298969072165
3242	0.006121134020618557
544	0.001288659793814433
3243	0.007087628865979381
959	0.00032216494845360824
1004	0.0009664948453608248
227	0.0006443298969072165
1634	0.0006443298969072165
3244	0.009664948453608248
793	0.0009664948453608248
1312	0.0016108247422680412
2009	0.0016108247422680412
2183	0.0006443298969072165
3245	0.008376288659793814
2846	0.00032216494845360824
785	0.00032216494845360824
1335	0.001288659793814433
1640	0.001288659793814433
588	0.0009664948453608248
3246	0.009987113402061855
1265	0.0006443298969072165
1279	0.0016108247422680412
3247	0.0028994845360824743
3248	0.007409793814432989
2077	0.00032216494845360824
3249	0.011597938144329897
1982	0.0006443298969072165
2483	0.0006443298969072165
1708	0.0016108247422680412
2294	0.00032216494845360824
3250	0.0006443298969072165
3251	0.0032216494845360823
1757	0.0016108247422680412
3252	0.006443298969072165
1339	0.00032216494845360824
3253	0.0019329896907216496
3254	0.0016108247422680412
2773	0.0009664948453608248
3255	0.006443298969072165
2807	0.001288659793814433
3256	0.008376288659793814
3257	0.0016108247422680412
2427	0.00032216494845360824
1395	0.0019329896907216496
1879	0.0006443298969072165
221	0.0006443298969072165
3258	0.013208762886597938
3259	0.005798969072164949
624	0.00032216494845360824
165	0.00032216494845360824
653	0.0016108247422680412
2644	0.0009664948453608248
2026	0.0006443298969072165
1721	0.0009664948453608248
3260	0.0016108247422680412
953	0.0022551546391752575
1411	0.0009664948453608248
2194	0.0006443298969072165
3261	0.0067654639175257734
3262	0.0009664948453608248
3263	0.0022551546391752575
3264	0.01095360824742268
1292	0.00032216494845360824
913	0.0009664948453608248
1855	0.0009664948453608248
3265	0.0035438144329896907
2763	0.0006443298969072165
3266	0.0019329896907216496
3267	0.0028994845360824743
3268	0.003865979381443299
3269	0.0032216494845360823
234	0.0006443298969072165
1804	0.00032216494845360824
3270	0.004188144329896907
2124	0.0016108247422680412
3271	0.015786082474226804
1236	0.0019329896907216496
1805	0.00032216494845360824
1013	0.0009664948453608248
1214	0.0009664948453608248
1036	0.001288659793814433
823	0.00032216494845360824
110	0.0009664948453608248
3272	0.001288659793814433
3273	0.0016108247422680412
1874	0.00032216494845360824
2276	0.00032216494845360824
518	0.00032216494845360824
3274	0.001288659793814433
2673	0.00032216494845360824
3275	0.002577319587628866
1264	0.0009664948453608248
1218	0.0009664948453608248
3276	0.03221649484536082
3277	0.0067654639175257734
1785	0.0006443298969072165
2032	0.0016108247422680412
1767	0.001288659793814433
2477	0.0009664948453608248
2608	0.0009664948453608248
1374	0.0016108247422680412
114	0.00032216494845360824
1928	0.0009664948453608248
2630	0.00032216494845360824
2189	0.00032216494845360824
1900	0.0016108247422680412
1814	0.0006443298969072165
2754	0.00032216494845360824
1733	0.0009664948453608248
1890	0.0016108247422680412
1986	0.0006443298969072165
1942	0.0016108247422680412
2544	0.0009664948453608248
1742	0.00032216494845360824
2382	0.0009664948453608248
732	0.0016108247422680412
172	0.001288659793814433
1828	0.0009664948453608248
2200	0.001288659793814433
2302	0.0009664948453608248
3278	0.008054123711340205
3279	0.010309278350515464
36	0.00032216494845360824
1001	0.0016108247422680412
1086	0.001288659793814433
1517	0.0006443298969072165
3280	0.00547680412371134
3281	0.004188144329896907
3282	0.003865979381443299
1713	0.0009664948453608248
3283	0.0016108247422680412
3284	0.006443298969072165
1992	0.00032216494845360824
698	0.00032216494845360824
2656	0.0006443298969072165
2105	0.0006443298969072165
1833	0.0006443298969072165
2904	0.00032216494845360824
1987	0.00032216494845360824
3285	0.00547680412371134
3286	0.008054123711340205
3287	0.004832474226804124
1079	0.0019329896907216496
2572	0.0006443298969072165
3288	0.0028994845360824743
3289	0.005798969072164949
2815	0.00032216494845360824
3290	0.009342783505154639
3291	0.0035438144329896907
1303	0.0009664948453608248
1106	0.0019329896907216496
1796	0.00032216494845360824
2343	0.0006443298969072165
1765	0.0006443298969072165
2107	0.0006443298969072165
3292	0.009987113402061855
3293	0.007087628865979381
2339	0.0009664948453608248
1194	0.00032216494845360824
3294	0.001288659793814433
3295	0.006121134020618557
2206	0.001288659793814433
3296	0.0032216494845360823
3297	0.013208762886597938
3298	0.006443298969072165
620	0.001288659793814433
1326	0.0028994845360824743
1020	0.0016108247422680412
2890	0.0006443298969072165
3299	0.004188144329896907
3300	0.002577319587628866
1140	0.0009664948453608248
3301	0.006443298969072165
1457	0.0009664948453608248
3302	0.007087628865979381
3303	0.026417525773195876
2299	0.00032216494845360824
765	0.0006443298969072165
479	0.0006443298969072165
1432	0.00032216494845360824
1961	0.00032216494845360824
2004	0.00032216494845360824
714	0.00032216494845360824
2554	0.00032216494845360824
1154	0.0016108247422680412
2012	0.0016108247422680412
3304	0.007087628865979381
2566	0.001288659793814433
2238	0.00032216494845360824
3305	0.01095360824742268
3306	0.0032216494845360823
1903	0.0006443298969072165
2111	0.001288659793814433
2540	0.00032216494845360824
1925	0.00032216494845360824
413	0.00032216494845360824
3307	0.007731958762886598
2657	0.00032216494845360824
1650	0.0006443298969072165
2372	0.0016108247422680412
3308	0.006443298969072165
3309	0.0035438144329896907
2255	0.00032216494845360824
3310	0.0009664948453608248
3311	0.0035438144329896907
2682	0.00032216494845360824
220	0.001288659793814433
2000	0.00032216494845360824
1888	0.0006443298969072165
3312	0.005154639175257732
3313	0.009342783505154639
3314	0.008698453608247423
1495	0.00032216494845360824
2500	0.0006443298969072165
2668	0.0006443298969072165
2475	0.00032216494845360824
2041	0.0009664948453608248
3315	0.0035438144329896907
3316	0.005154639175257732
383	0.001288659793814433
457	0.0006443298969072165
1336	0.002577319587628866
195	0.00032216494845360824
831	0.001288659793814433
1646	0.00032216494845360824
3317	0.015786082474226804
2101	0.00032216494845360824
3318	0.0016108247422680412
3319	0.001288659793814433
2840	0.0006443298969072165
3320	0.001288659793814433
3321	0.00902061855670103
697	0.00032216494845360824
3322	0.008054123711340205
3323	0.008698453608247423
763	0.0009664948453608248
612	0.0009664948453608248
3324	0.0028994845360824743
3325	0.0016108247422680412
1794	0.0006443298969072165
3326	0.0019329896907216496
2792	0.00032216494845360824
3327	0.004510309278350515
1119	0.0006443298969072165
3328	0.0028994845360824743
1175	0.0006443298969072165
3329	0.001288659793814433
3330	0.0006443298969072165
1412	0.00032216494845360824
3331	0.01288659793814433
3332	0.01675257731958763
1162	0.0009664948453608248
1239	0.0019329896907216496
3333	0.001288659793814433
1454	0.001288659793814433
615	0.0009664948453608248
3334	0.0032216494845360823
3335	0.003865979381443299
118	0.00032216494845360824
3336	0.0035438144329896907
1631	0.00032216494845360824
3337	0.0028994845360824743
3338	0.001288659793814433
3339	0.007731958762886598
1999	0.00032216494845360824
3340	0.01095360824742268
3341	0.00547680412371134
1498	0.0016108247422680412
1014	0.0006443298969072165
1502	0.0009664948453608248
3342	0.0028994845360824743
3343	0.003865979381443299
3344	0.008054123711340205
572	0.00032216494845360824
1269	0.0006443298969072165
3345	0.0022551546391752575
3346	0.0028994845360824743
2542	0.00032216494845360824
3347	0.003865979381443299
3348	0.003865979381443299
257	0.0009664948453608248
1039	0.0006443298969072165
3349	0.0022551546391752575
3350	0.003865979381443299
448	0.00032216494845360824
3351	0.006121134020618557
3352	0.006121134020618557
1258	0.0009664948453608248
3353	0.006121134020618557
351	0.00032216494845360824
702	0.0009664948453608248
1433	0.002577319587628866
3354	0.005154639175257732
3355	0.007409793814432989
3356	0.011920103092783504
3357	0.006121134020618557
3358	0.007731958762886598
347	0.0019329896907216496
3359	0.004510309278350515
3360	0.002577319587628866
1364	0.0016108247422680412
2195	0.0006443298969072165
3361	0.0032216494845360823
3362	0.013208762886597938
3363	0.0035438144329896907
47	0.0009664948453608248
3364	0.004188144329896907
3365	0.009342783505154639
2250	0.001288659793814433
2363	0.0016108247422680412
756	0.00032216494845360824
2492	0.001288659793814433
1337	0.00032216494845360824
1360	0.0019329896907216496
1813	0.00032216494845360824
1920	0.0006443298969072165
3366	0.0032216494845360823
3367	0.0022551546391752575
1983	0.0019329896907216496
2798	0.0006443298969072165
3368	0.00547680412371134
3369	0.0019329896907216496
3370	0.001288659793814433
2642	0.0009664948453608248
3371	0.0035438144329896907
3372	0.0016108247422680412
1732	0.0006443298969072165
955	0.0016108247422680412
3373	0.0032216494845360823
3374	0.003865979381443299
3375	0.0022551546391752575
3376	0.0022551546391752575
3377	0.0067654639175257734
911	0.0009664948453608248
2093	0.00032216494845360824
2016	0.0019329896907216496
2201	0.0006443298969072165
3378	0.004188144329896907
1246	0.00032216494845360824
174	0.001288659793814433
1232	0.0009664948453608248
3379	0.00547680412371134
369	0.00032216494845360824
3380	0.005154639175257732
3381	0.004832474226804124
3382	0.014175257731958763
1272	0.00032216494845360824
2516	0.0006443298969072165
695	0.0009664948453608248
967	0.0006443298969072165
1266	0.00032216494845360824
3383	0.0067654639175257734
3384	0.0032216494845360823
2198	0.001288659793814433
3385	0.003865979381443299
3386	0.004832474226804124
3387	0.005154639175257732
2617	0.00032216494845360824
2278	0.0016108247422680412
2071	0.00032216494845360824
1199	0.0006443298969072165
3388	0.004510309278350515
3389	0.0035438144329896907
3390	0.005798969072164949
56	0.0006443298969072165
3391	0.002577319587628866
3392	0.005798969072164949
3393	0.008698453608247423
145	0.0006443298969072165
545	0.0006443298969072165
3394	0.005154639175257732
3395	0.013530927835051547
1508	0.0016108247422680412
3396	0.01288659793814433
1849	0.00032216494845360824
408	0.00032216494845360824
3397	0.007087628865979381
3398	0.008376288659793814
932	0.0006443298969072165
2526	0.0006443298969072165
3399	0.0028994845360824743
3400	0.0019329896907216496
3401	0.0022551546391752575
1056	0.0009664948453608248
1198	0.0006443298969072165
3402	0.01288659793814433
1467	0.0016108247422680412
3403	0.0032216494845360823
3404	0.007409793814432989
3405	0.006121134020618557
991	0.00032216494845360824
614	0.00032216494845360824
3406	0.006121134020618557
3407	0.0019329896907216496
276	0.00032216494845360824
3408	0.006121134020618557
3409	0.030927835051546393
1338	0.00032216494845360824
156	0.001288659793814433
636	0.0035438144329896907
354	0.001288659793814433
493	0.0006443298969072165
1417	0.001288659793814433
1267	0.00032216494845360824
1665	0.00032216494845360824
1428	0.0009664948453608248
44	0.001288659793814433
1894	0.0006443298969072165
240	0.00032216494845360824
200	0.001288659793814433
3410	0.013853092783505154
2491	0.00032216494845360824
3411	0.004188144329896907
963	0.00032216494845360824
3412	0.04059278350515464
2502	0.00032216494845360824
577	0.0006443298969072165
1931	0.0009664948453608248
1191	0.00032216494845360824
358	0.00032216494845360824
2090	0.00032216494845360824
1741	0.00032216494845360824
710	0.0009664948453608248
2443	0.0006443298969072165
160	0.0006443298969072165
2398	0.00032216494845360824
1104	0.00032216494845360824
1901	0.0006443298969072165
1940	0.0009664948453608248
1599	0.0016108247422680412
675	0.0006443298969072165
2112	0.0009664948453608248
256	0.0009664948453608248
1591	0.00032216494845360824
2744	0.0006443298969072165
3413	0.007731958762886598
3414	0.005154639175257732
1984	0.0009664948453608248
3	0.0009664948453608248
1280	0.0009664948453608248
18	0.00032216494845360824
2628	0.0009664948453608248
709	0.0019329896907216496
2534	0.0009664948453608248
719	0.00032216494845360824
1471	0.0006443298969072165
3415	0.006121134020618557
3416	0.004832474226804124
281	0.0019329896907216496
3417	0.007087628865979381
55	0.0006443298969072165
1755	0.0009664948453608248
103	0.0016108247422680412
3418	0.0019329896907216496
2344	0.00032216494845360824
3419	0.0016108247422680412
3420	0.006443298969072165
3421	0.014497422680412372
1531	0.0006443298969072165
3422	0.004832474226804124
1251	0.0009664948453608248
1478	0.00032216494845360824
2866	0.00032216494845360824
3423	0.00547680412371134
3424	0.005154639175257732
1848	0.00032216494845360824
2893	0.0006443298969072165
2085	0.00032216494845360824
1032	0.00032216494845360824
3425	0.011275773195876288
3426	0.006121134020618557
531	0.00032216494845360824
3427	0.004510309278350515
3428	0.004510309278350515
1168	0.0009664948453608248
3429	0.005798969072164949
672	0.0006443298969072165
671	0.001288659793814433
3430	0.001288659793814433
3431	0.0032216494845360823
3432	0.0019329896907216496
3433	0.007409793814432989
1626	0.00032216494845360824
3434	0.002577319587628866
3435	0.002577319587628866
1334	0.0009664948453608248
3436	0.0032216494845360823
3437	0.0035438144329896907
3438	0.001288659793814433
104	0.001288659793814433
3439	0.004188144329896907
3440	0.0022551546391752575
2618	0.00032216494845360824
3441	0.001288659793814433
3442	0.001288659793814433
3443	0.0019329896907216496
3444	0.012564432989690722
3445	0.011275773195876288
1017	0.0009664948453608248
2075	0.00032216494845360824
1164	0.0009664948453608248
1975	0.00032216494845360824
1200	0.0022551546391752575
3446	0.0019329896907216496
3447	0.0028994845360824743
3448	0.0067654639175257734
2615	0.0006443298969072165
828	0.0006443298969072165
2066	0.0009664948453608248
2646	0.0009664948453608248
1544	0.0006443298969072165
3449	0.013208762886597938
3450	0.029639175257731958
427	0.00032216494845360824
2315	0.0006443298969072165
1161	0.0009664948453608248
1573	0.001288659793814433
1736	0.00032216494845360824
715	0.001288659793814433
3451	0.004188144329896907
3452	0.012242268041237113
537	0.0009664948453608248
2046	0.001288659793814433
319	0.0006443298969072165
2366	0.0006443298969072165
339	0.0022551546391752575
1009	0.0009664948453608248
60	0.0006443298969072165
2043	0.00032216494845360824
39	0.00032216494845360824
3453	0.003865979381443299
3454	0.005154639175257732
2042	0.00032216494845360824
2439	0.001288659793814433
3455	0.007087628865979381
3456	0.00547680412371134
3457	0.026417525773195876
1223	0.00032216494845360824
2006	0.00032216494845360824
1430	0.0006443298969072165
2291	0.0006443298969072165
2347	0.0006443298969072165
167	0.001288659793814433
3458	0.009342783505154639
1602	0.0006443298969072165
3459	0.0035438144329896907
3460	0.01288659793814433
3461	0.008698453608247423
3462	0.004188144329896907
992	0.00032216494845360824
1192	0.0006443298969072165
3463	0.007409793814432989
3464	0.0016108247422680412
3465	0.0016108247422680412
3466	0.004510309278350515
246	0.0006443298969072165
2392	0.00032216494845360824
3467	0.0009664948453608248
3468	0.006121134020618557
1960	0.0006443298969072165
3469	0.009664948453608248
884	0.0006443298969072165
1397	0.0006443298969072165
3470	0.002577319587628866
3471	0.00547680412371134
1362	0.00032216494845360824
2462	0.0006443298969072165
3472	0.0032216494845360823
3473	0.002577319587628866
187	0.0009664948453608248
3474	0.010631443298969073
3475	0.0022551546391752575
125	0.0009664948453608248
1604	0.001288659793814433
3476	0.005798969072164949
1547	0.0006443298969072165
3477	0.0009664948453608248
3478	0.004510309278350515
2841	0.00032216494845360824
3479	0.006121134020618557
3480	0.006121134020618557
1018	0.0009664948453608248
3481	0.0028994845360824743
3482	0.0019329896907216496
2099	0.0009664948453608248
3483	0.017719072164948453
3484	0.00032216494845360824
3485	0.004510309278350515
3486	0.008376288659793814
3487	0.030605670103092782
1297	0.00032216494845360824
659	0.0019329896907216496
1618	0.00032216494845360824
1588	0.001288659793814433
1856	0.00032216494845360824
242	0.00032216494845360824
11	0.0009664948453608248
1507	0.0006443298969072165
3488	0.0019329896907216496
2506	0.00032216494845360824
2164	0.00032216494845360824
3489	0.0009664948453608248
3490	0.010631443298969073
3491	0.001288659793814433
1771	0.00032216494845360824
3492	0.0028994845360824743
2659	0.00032216494845360824
3493	0.0028994845360824743
2103	0.0009664948453608248
233	0.00032216494845360824
3494	0.0022551546391752575
533	0.0006443298969072165
3495	0.009987113402061855
3496	0.0028994845360824743
1922	0.0009664948453608248
3497	0.007409793814432989
1515	0.00032216494845360824
2581	0.00032216494845360824
3498	0.002577319587628866
3499	0.003865979381443299
3500	0.0035438144329896907
2602	0.0009664948453608248
3501	0.0009664948453608248
3502	0.0028994845360824743
3503	0.007731958762886598
229	0.0009664948453608248
3504	0.0022551546391752575
2314	0.0006443298969072165
1444	0.0009664948453608248
3505	0.006121134020618557
3506	0.0028994845360824743
2627	0.00032216494845360824
842	0.00032216494845360824
3507	0.005798969072164949
1997	0.00032216494845360824
3508	0.009342783505154639
2309	0.0009664948453608248
3509	0.005154639175257732
3510	0.002577319587628866
767	0.00032216494845360824
3511	0.00547680412371134
3512	0.006443298969072165
3513	0.0022551546391752575
3514	0.0028994845360824743
3515	0.011275773195876288
1659	0.001288659793814433
202	0.0006443298969072165
2498	0.0006443298969072165
1249	0.0009664948453608248
73	0.00032216494845360824
1672	0.0006443298969072165
3516	0.006443298969072165
3517	0.0028994845360824743
3518	0.0019329896907216496
3519	0.008698453608247423
3520	0.009664948453608248
135	0.0009664948453608248
3521	0.0016108247422680412
3522	0.0022551546391752575
2538	0.00032216494845360824
3523	0.0022551546391752575
321	0.0006443298969072165
3524	0.0022551546391752575
3525	0.004188144329896907
1087	0.00032216494845360824
2010	0.00032216494845360824
2258	0.0009664948453608248
1244	0.001288659793814433
1088	0.00032216494845360824
3526	0.003865979381443299
3527	0.0032216494845360823
3528	0.0035438144329896907
3529	0.007731958762886598
2179	0.0006443298969072165
2039	0.00032216494845360824
1907	0.00032216494845360824
74	0.001288659793814433
1795	0.00032216494845360824
2052	0.0006443298969072165
1479	0.00032216494845360824
3530	0.008054123711340205
3531	0.01288659793814433
3532	0.012564432989690722
3533	0.004832474226804124
3534	0.0028994845360824743
1052	0.00032216494845360824
2420	0.00032216494845360824
3535	0.0035438144329896907
3536	0.004510309278350515
3537	0.0035438144329896907
3538	0.028672680412371133
1315	0.0009664948453608248
2114	0.00032216494845360824
1390	0.00032216494845360824
574	0.0006443298969072165
1822	0.00032216494845360824
804	0.0006443298969072165
1135	0.0006443298969072165
1880	0.0016108247422680412
2068	0.00032216494845360824
1766	0.00032216494845360824
2134	0.0006443298969072165
712	0.00032216494845360824
57	0.00032216494845360824
2308	0.0006443298969072165
866	0.0006443298969072165
1842	0.00032216494845360824
3539	0.007087628865979381
3540	0.0019329896907216496
925	0.0006443298969072165
940	0.00032216494845360824
3541	0.003865979381443299
3542	0.011275773195876288
3543	0.004510309278350515
239	0.0006443298969072165
2474	0.00032216494845360824
455	0.0006443298969072165
922	0.00032216494845360824
3544	0.008698453608247423
3545	0.005154639175257732
203	0.0006443298969072165
2479	0.00032216494845360824
2624	0.00032216494845360824
2578	0.00032216494845360824
3546	0.004832474226804124
2508	0.0006443298969072165
3547	0.007409793814432989
3548	0.013208762886597938
648	0.00032216494845360824
3549	0.005154639175257732
3550	0.004832474226804124
3551	0.0019329896907216496
3552	0.0032216494845360823
2695	0.0009664948453608248
3553	0.0019329896907216496
3554	0.0067654639175257734
3555	0.011920103092783504
2190	0.00032216494845360824
638	0.0006443298969072165
2098	0.0006443298969072165
2432	0.00032216494845360824
2268	0.00032216494845360824
3556	0.006443298969072165
2173	0.0006443298969072165
3557	0.0035438144329896907
3558	0.005154639175257732
1187	0.0006443298969072165
470	0.0006443298969072165
1638	0.0009664948453608248
2605	0.0006443298969072165
3559	0.0019329896907216496
3560	0.0032216494845360823
3561	0.004510309278350515
3562	0.0035438144329896907
2286	0.0006443298969072165
1872	0.0006443298969072165
3563	0.0016108247422680412
2523	0.00032216494845360824
2188	0.0009664948453608248
3564	0.007409793814432989
2470	0.00032216494845360824
241	0.00032216494845360824
3565	0.009342783505154639
1953	0.0006443298969072165
3566	0.002577319587628866
3567	0.0022551546391752575
2246	0.00032216494845360824
741	0.0006443298969072165
3568	0.003865979381443299
193	0.0006443298969072165
3569	0.004510309278350515
3570	0.008698453608247423
1083	0.00032216494845360824
170	0.0006443298969072165
3571	0.00902061855670103
2677	0.0006443298969072165
2800	0.00032216494845360824
3572	0.0032216494845360823
3573	0.00547680412371134
3574	0.0028994845360824743
3575	0.007409793814432989
1474	0.0006443298969072165
3576	0.0006443298969072165
3577	0.004188144329896907
3578	0.004188144329896907
3579	0.037371134020618556
3580	0.0067654639175257734
1436	0.0009664948453608248
1558	0.00032216494845360824
303	0.0006443298969072165
1693	0.00032216494845360824
1538	0.0006443298969072165
1861	0.0006443298969072165
1968	0.00032216494845360824
2665	0.00032216494845360824
3581	0.005154639175257732
3582	0.0016108247422680412
3583	0.001288659793814433
3584	0.0019329896907216496
3585	0.009342783505154639
744	0.00032216494845360824
2661	0.00032216494845360824
825	0.001288659793814433
3586	0.005798969072164949
3587	0.0035438144329896907
1735	0.0006443298969072165
3588	0.0028994845360824743
3589	0.005154639175257732
3590	0.004832474226804124
3591	0.008376288659793814
3592	0.005154639175257732
3593	0.001288659793814433
3594	0.00902061855670103
1373	0.00032216494845360824
3595	0.004510309278350515
3596	0.007087628865979381
2373	0.0009664948453608248
1974	0.00032216494845360824
432	0.00032216494845360824
3597	0.011920103092783504
1532	0.0006443298969072165
1635	0.00032216494845360824
3598	0.0019329896907216496
2211	0.00032216494845360824
3599	0.002577319587628866
3600	0.005798969072164949
360	0.0006443298969072165
3601	0.006443298969072165
1487	0.00032216494845360824
3602	0.004510309278350515
105	0.00032216494845360824
3603	0.0016108247422680412
3604	0.017074742268041235
3605	0.010631443298969073
3606	0.002577319587628866
1410	0.00032216494845360824
3607	0.004188144329896907
1663	0.00032216494845360824
3608	0.001288659793814433
3609	0.002577319587628866
3610	0.0009664948453608248
2529	0.00032216494845360824
3611	0.007409793814432989
3612	0.008376288659793814
1970	0.00032216494845360824
560	0.00032216494845360824
3613	0.004510309278350515
3614	0.0035438144329896907
1491	0.00032216494845360824
3615	0.001288659793814433
3616	0.004832474226804124
1245	0.00032216494845360824
2345	0.00032216494845360824
3617	0.007731958762886598
3618	0.0032216494845360823
1688	0.001288659793814433
1451	0.00032216494845360824
3619	0.004510309278350515
3620	0.0028994845360824743
1892	0.001288659793814433
3621	0.0006443298969072165
3622	0.011275773195876288
3623	0.0022551546391752575
3624	0.0035438144329896907
640	0.00032216494845360824
3625	0.0028994845360824743
3626	0.004832474226804124
3627	0.0028994845360824743
1957	0.0006443298969072165
3628	0.001288659793814433
3629	0.0035438144329896907
608	0.00032216494845360824
3630	0.0016108247422680412
3631	0.0016108247422680412
3632	0.002577319587628866
3633	0.015141752577319588
1226	0.00032216494845360824
1860	0.001288659793814433
898	0.0006443298969072165
1439	0.0006443298969072165
3634	0.0019329896907216496
3635	0.005798969072164949
2767	0.00032216494845360824
2118	0.00032216494845360824
2249	0.00032216494845360824
1389	0.00032216494845360824
1463	0.00032216494845360824
1514	0.00032216494845360824
3636	0.005154639175257732
631	0.00032216494845360824
3637	0.0032216494845360823
3638	0.0009664948453608248
2804	0.00032216494845360824
3639	0.005798969072164949
3640	0.0019329896907216496
3641	0.005154639175257732
2721	0.00032216494845360824
3642	0.0067654639175257734
668	0.00032216494845360824
3643	0.006443298969072165
3644	0.00547680412371134
3645	0.0022551546391752575
3646	0.001288659793814433
3647	0.0019329896907216496
3648	0.0028994845360824743
3649	0.004832474226804124
3650	0.013853092783505154
3651	0.00547680412371134
1117	0.00032216494845360824
3652	0.0028994845360824743
3653	0.0016108247422680412
3654	0.0019329896907216496
3655	0.002577319587628866
1716	0.00032216494845360824
3656	0.004510309278350515
3657	0.004832474226804124
3658	0.0035438144329896907
3659	0.0006443298969072165
3660	0.004832474226804124
3661	0.006121134020618557
1929	0.0006443298969072165
1768	0.00032216494845360824
3662	0.01095360824742268
3663	0.004188144329896907
2429	0.00032216494845360824
669	0.0006443298969072165
1815	0.0006443298969072165
2222	0.0006443298969072165
2652	0.0006443298969072165
3664	0.007087628865979381
3665	0.0016108247422680412
3666	0.002577319587628866
3667	0.008698453608247423
498	0.0009664948453608248
250	0.0006443298969072165
743	0.0006443298969072165
3668	0.0032216494845360823
3669	0.005154639175257732
3670	0.004832474226804124
2272	0.00032216494845360824
2756	0.00032216494845360824
3671	0.017074742268041235
2130	0.00032216494845360824
3672	0.0032216494845360823
1344	0.00032216494845360824
3673	0.017074742268041235
1255	0.0006443298969072165
291	0.0009664948453608248
789	0.0009664948453608248
3674	0.007409793814432989
690	0.001288659793814433
3675	0.0022551546391752575
3676	0.006443298969072165
3677	0.00902061855670103
3678	0.006443298969072165
806	0.00032216494845360824
3679	0.005154639175257732
3680	0.005798969072164949
3681	0.005798969072164949
856	0.00032216494845360824
3682	0.0032216494845360823
3683	0.0019329896907216496
3684	0.005798969072164949
155	0.00032216494845360824
3685	0.0028994845360824743
3686	0.0006443298969072165
3687	0.006121134020618557
3688	0.0032216494845360823
2880	0.00032216494845360824
3689	0.00032216494845360824
3690	0.0035438144329896907
3691	0.0067654639175257734
2567	0.0006443298969072165
1891	0.00032216494845360824
3692	0.012564432989690722
3693	0.003865979381443299
3694	0.003865979381443299
3695	0.002577319587628866
3696	0.004188144329896907
3697	0.004510309278350515
2025	0.0006443298969072165
2472	0.00032216494845360824
3698	0.003865979381443299
3699	0.00902061855670103
1469	0.00032216494845360824
2147	0.00032216494845360824
522	0.00032216494845360824
120	0.00032216494845360824
2751	0.0006443298969072165
385	0.0009664948453608248
2001	0.00032216494845360824
2401	0.0006443298969072165
3700	0.004188144329896907
3701	0.003865979381443299
2257	0.00032216494845360824
3702	0.00032216494845360824
3703	0.011275773195876288
3704	0.002577319587628866
1664	0.00032216494845360824
733	0.00032216494845360824
302	0.00032216494845360824
3705	0.0035438144329896907
3706	0.004510309278350515
3707	0.007731958762886598
3708	0.006121134020618557
3709	0.006443298969072165
1152	0.0009664948453608248
803	0.00032216494845360824
2823	0.00032216494845360824
2619	0.0009664948453608248
3710	0.002577319587628866
3711	0.0028994845360824743
3712	0.004188144329896907
2350	0.0009664948453608248
3713	0.005154639175257732
2543	0.00032216494845360824
3714	0.006443298969072165
1559	0.00032216494845360824
3715	0.003865979381443299
3716	0.0006443298969072165
3717	0.003865979381443299
3718	0.0006443298969072165
3719	0.006443298969072165
3720	0.0067654639175257734
3721	0.004832474226804124
3722	0.003865979381443299
3723	0.003865979381443299
3724	0.005154639175257732
3725	0.0022551546391752575
3726	0.0009664948453608248
3727	0.005798969072164949
3728	0.0035438144329896907
3729	0.0016108247422680412
3730	0.0019329896907216496
3731	0.008376288659793814
1459	0.0009664948453608248
1896	0.00032216494845360824
3732	0.0022551546391752575
3733	0.0032216494845360823
2604	0.00032216494845360824
3734	0.0019329896907216496
3735	0.004832474226804124
3736	0.0006443298969072165
3737	0.00032216494845360824
3738	0.0022551546391752575
1461	0.00032216494845360824
725	0.0006443298969072165
3739	0.0028994845360824743
3740	0.009664948453608248
3741	0.01997422680412371
3742	0.011597938144329897
3743	0.0035438144329896907
3744	0.01288659793814433
2283	0.00032216494845360824
3745	0.0028994845360824743
1780	0.0006443298969072165
3746	0.00547680412371134
896	0.00032216494845360824
129	0.00032216494845360824
3747	0.014175257731958763
1252	0.0006443298969072165
1076	0.00032216494845360824
1221	0.00032216494845360824
2049	0.0006443298969072165
3748	0.007731958762886598
3749	0.006443298969072165
3750	0.004832474226804124
3751	0.003865979381443299
3752	0.005154639175257732
3753	0.005154639175257732
2830	0.00032216494845360824
2208	0.00032216494845360824
3754	0.0035438144329896907
1524	0.0006443298969072165
3755	0.0028994845360824743
1278	0.00032216494845360824
3756	0.008376288659793814
2611	0.0006443298969072165
2593	0.00032216494845360824
3757	0.003865979381443299
3758	0.004188144329896907
2140	0.00032216494845360824
1234	0.00032216494845360824
3759	0.008376288659793814
393	0.00032216494845360824
3760	0.0035438144329896907
3761	0.0006443298969072165
3762	0.009664948453608248
3763	0.001288659793814433
589	0.00032216494845360824
3764	0.004188144329896907
2356	0.0006443298969072165
3765	0.004510309278350515
439	0.0006443298969072165
251	0.00032216494845360824
2826	0.00032216494845360824
3766	0.014819587628865979
3767	0.005154639175257732
3768	0.006443298969072165
3769	0.0067654639175257734
3770	0.005798969072164949
2626	0.00032216494845360824
3771	0.002577319587628866
1596	0.00032216494845360824
2256	0.00032216494845360824
3772	0.001288659793814433
3773	0.0009664948453608248
1458	0.00032216494845360824
3774	0.0032216494845360823
3775	0.00547680412371134
3776	0.004188144329896907
3777	0.008054123711340205
3778	0.004188144329896907
3779	0.0019329896907216496
1185	0.00032216494845360824
3780	0.004188144329896907
3781	0.008698453608247423
3782	0.03962628865979381
599	0.00032216494845360824
3783	0.005154639175257732
2696	0.00032216494845360824
1943	0.00032216494845360824
3784	0.001288659793814433
2629	0.00032216494845360824
3785	0.002577319587628866
1886	0.0006443298969072165
2511	0.00032216494845360824
3786	0.0022551546391752575
3787	0.005798969072164949
867	0.0006443298969072165
3788	0.001288659793814433
3789	0.005154639175257732
3790	0.03125
915	0.00032216494845360824
1574	0.00032216494845360824
973	0.00032216494845360824
390	0.00032216494845360824
313	0.00032216494845360824
2300	0.0006443298969072165
1438	0.00032216494845360824
1041	0.00032216494845360824
2271	0.00032216494845360824
3791	0.0032216494845360823
3792	0.011920103092783504
297	0.00032216494845360824
3793	0.0016108247422680412
3794	0.00547680412371134
3795	0.002577319587628866
3796	0.004510309278350515
3797	0.001288659793814433
1496	0.0006443298969072165
2242	0.00032216494845360824
3798	0.012242268041237113
3799	0.0035438144329896907
3800	0.001288659793814433
3801	0.009987113402061855
3802	0.019652061855670103
3803	0.0009664948453608248
3804	0.006443298969072165
3805	0.00547680412371134
1706	0.00032216494845360824
3806	0.0009664948453608248
3807	0.008054123711340205
2310	0.00032216494845360824
2260	0.00032216494845360824
3808	0.0035438144329896907
2316	0.00032216494845360824
3809	0.0035438144329896907
3810	0.0019329896907216496
2729	0.00032216494845360824
3811	0.0019329896907216496
3812	0.0028994845360824743
115	0.00032216494845360824
3813	0.0019329896907216496
3814	0.0019329896907216496
3815	0.004510309278350515
3816	0.00547680412371134
2290	0.00032216494845360824
808	0.00032216494845360824
152	0.00032216494845360824
1651	0.00032216494845360824
96	0.0009664948453608248
3817	0.011597938144329897
310	0.00032216494845360824
3818	0.0035438144329896907
3819	0.00547680412371134
1051	0.00032216494845360824
3820	0.0032216494845360823
2706	0.00032216494845360824
3821	0.0019329896907216496
3822	0.00547680412371134
3823	0.002577319587628866
3824	0.0016108247422680412
1513	0.00032216494845360824
3825	0.003865979381443299
3826	0.009987113402061855
3827	0.00547680412371134
3828	0.0035438144329896907
3829	0.002577319587628866
3830	0.0032216494845360823
3831	0.0028994845360824743
3832	0.0019329896907216496
3833	0.00032216494845360824
3834	0.004188144329896907
3835	0.006121134020618557
960	0.00032216494845360824
3836	0.007087628865979381
3837	0.0035438144329896907
3838	0.012242268041237113
3839	0.002577319587628866
3840	0.003865979381443299
3841	0.0022551546391752575
2561	0.0006443298969072165
826	0.0006443298969072165
761	0.00032216494845360824
729	0.0006443298969072165
3842	0.0067654639175257734
3843	0.004510309278350515
3844	0.0022551546391752575
3845	0.0067654639175257734
1293	0.00032216494845360824
337	0.0006443298969072165
1494	0.0006443298969072165
3846	0.004832474226804124
2273	0.0006443298969072165
458	0.0006443298969072165
3847	0.002577319587628866
1811	0.00032216494845360824
3848	0.0032216494845360823
3849	0.02609536082474227
1575	0.00032216494845360824
2386	0.00032216494845360824
906	0.0006443298969072165
1481	0.00032216494845360824
198	0.00032216494845360824
986	0.00032216494845360824
837	0.00032216494845360824
3850	0.0006443298969072165
3851	0.0067654639175257734
2160	0.00032216494845360824
2034	0.00032216494845360824
2036	0.00032216494845360824
328	0.0006443298969072165
3852	0.048002577319587625
1800	0.00032216494845360824
1720	0.00032216494845360824
1069	0.00032216494845360824
760	0.00032216494845360824
2535	0.00032216494845360824
1165	0.00032216494845360824
66	0.00032216494845360824
1047	0.00032216494845360824
2265	0.00032216494845360824
2209	0.00032216494845360824
971	0.00032216494845360824
3853	0.010309278350515464
3854	0.0035438144329896907
3855	0.0006443298969072165
3856	0.0016108247422680412
3857	0.004188144329896907
3858	0.003865979381443299
1701	0.00032216494845360824
3859	0.008376288659793814
3860	0.007731958762886598
3861	0.003865979381443299
1095	0.00032216494845360824
1657	0.00032216494845360824
1141	0.00032216494845360824
3862	0.0016108247422680412
3863	0.004188144329896907
3864	0.006443298969072165
3865	0.006443298969072165
1905	0.00032216494845360824
3866	0.005154639175257732
3867	0.012564432989690722
2446	0.00032216494845360824
3868	0.00547680412371134
3869	0.0067654639175257734
3870	0.006443298969072165
3871	0.009342783505154639
3872	0.007409793814432989
3873	0.02931701030927835
2282	0.0006443298969072165
2284	0.00032216494845360824
1090	0.0006443298969072165
37	0.00032216494845360824
852	0.00032216494845360824
1945	0.0009664948453608248
1150	0.00032216494845360824
1528	0.00032216494845360824
2384	0.00032216494845360824
2584	0.0006443298969072165
2416	0.00032216494845360824
1541	0.00032216494845360824
1235	0.00032216494845360824
1954	0.00032216494845360824
1231	0.00032216494845360824
3874	0.0019329896907216496
2555	0.00032216494845360824
3875	0.004188144329896907
3876	0.004832474226804124
1422	0.00032216494845360824
3877	0.011597938144329897
3878	0.003865979381443299
3879	0.0032216494845360823
3880	0.003865979381443299
1539	0.00032216494845360824
3881	0.004832474226804124
1666	0.00032216494845360824
3882	0.001288659793814433
3883	0.001288659793814433
466	0.00032216494845360824
2864	0.00032216494845360824
1792	0.00032216494845360824
3884	0.010631443298969073
2125	0.00032216494845360824
3885	0.014175257731958763
870	0.00032216494845360824
2270	0.00032216494845360824
2504	0.00032216494845360824
1639	0.0006443298969072165
280	0.00032216494845360824
2648	0.00032216494845360824
2687	0.00032216494845360824
2545	0.00032216494845360824
100	0.00032216494845360824
571	0.00032216494845360824
1784	0.00032216494845360824
3886	0.010631443298969073
735	0.00032216494845360824
3887	0.0035438144329896907
3888	0.011275773195876288
3889	0.002577319587628866
2005	0.00032216494845360824
3890	0.012242268041237113
3891	0.0032216494845360823
3892	0.010631443298969073
3893	0.008376288659793814
1282	0.00032216494845360824
2088	0.00032216494845360824
2671	0.00032216494845360824
3894	0.002577319587628866
3895	0.0009664948453608248
3896	0.0019329896907216496
3897	0.001288659793814433
1875	0.00032216494845360824
3898	0.003865979381443299
2380	0.00032216494845360824
3899	0.00902061855670103
3900	0.007731958762886598
3901	0.0019329896907216496
3902	0.009987113402061855
3903	0.0022551546391752575
2394	0.00032216494845360824
2784	0.00032216494845360824
3904	0.004832474226804124
934	0.00032216494845360824
3905	0.0028994845360824743
3906	0.008054123711340205
2216	0.00032216494845360824
2684	0.00032216494845360824
3907	0.0035438144329896907
399	0.00032216494845360824
3908	0.0022551546391752575
3909	0.006121134020618557
