1615	0.00010126115977595692
2909	0.0022014802747339496
1774	0.00013563311948455557
685	4.2668792126348475e-05
2385	0.000256272362781062
1549	0.00021336976764683283
1290	0.0
1170	0.0005675626453274283
2028	0.0007489317935541855
724	0.00030516802849775226
2379	0.00011874313022259036
1105	4.251887693482644e-06
2910	0.001734974619676759
2911	0.0016023139910819886
649	0.006575737692410304
132	0.0005151430273905366
406	0.0009059532404259552
94	0.04344727794781786
189	0.06520594811085739
106	0.0456857476204645
871	0.0
2728	2.4510465579613197e-05
40	0.06660519580488966
2912	0.0019965201860266068
75	0.006769081682767236
541	7.08644057146983e-05
2702	9.891776462435105e-06
138	0.0009734114454873921
384	0.009084278889463514
2438	6.520394068720375e-06
1062	3.4563067701150595e-05
565	0.0005484580822163369
101	0.004893078497595391
1694	0.0006908404404536281
405	0.00021854381891175275
404	0.0
2913	0.006159933634599603
21	0.23832508096478128
232	0.0007945759614769793
34	0.00472451621622952
912	0.0
179	0.0010764462932326094
350	1.8259598516835715e-05
1222	0.002163047749396104
357	0.004919160179397877
211	0.0004303459193156422
9	0.008235374245156312
63	0.09530887390881415
1776	3.6936285735751306e-06
309	0.00017713130653321612
2736	3.735702131683299e-06
1128	1.239651270710148e-05
366	0.00321444158318014
1325	0.0001487636448388287
2704	2.1807867295561758e-06
689	2.3690857240037194e-05
1074	0.0
42	7.328883432734248e-05
2914	0.005864058176834843
1180	0.00020378703677494459
2489	0.0
292	0.001363207461058456
1877	0.001791144967369998
274	0.003226478122656823
278	0.0014416362833475052
2095	6.658719624081634e-05
687	0.0004075932194053142
2261	3.0361206296112408e-05
595	0.00050066231620906
726	0.0001614875879857265
1876	0.00011329977521046868
409	0.0012040871429223928
252	0.007736221739097979
713	5.6549501180508556e-05
2915	0.0036671948447770694
858	0.0012426082223299375
552	7.055973213382981e-05
891	0.00033304133533797794
2076	0.00022807681545941033
2715	6.709290653253142e-05
2073	0.0
928	0.0018697040279716302
243	0.0
1963	0.0
2002	0.00023532191753920163
979	2.9897959172293354e-05
2202	3.374132272383282e-06
2916	0.010007782879677931
1955	5.11771113121883e-06
217	0.000337589959966062
1740	2.5473128905743493e-05
2371	0.0
2177	0.0
2057	1.1496349492574485e-05
851	3.2928571861842112e-06
1470	0.0
1371	3.374132272383282e-06
2176	0.0
1160	1.1496349492574485e-05
2527	0.0
450	0.0
2917	0.0022093878848712064
1662	1.2136461145642306e-05
1919	0.0
618	0.00013718336514577798
1394	0.00043596591741463836
2918	0.001997470636315643
26	0.00020218065714846481
2241	0.0
1625	0.00031278744257295444
508	0.0012397911193707293
314	0.00010463295854517319
2919	0.002138941312736369
1259	0.0013353512584870666
1424	0.00021452539868548694
7	0.0007239784217437157
538	4.0891822008512135e-06
996	1.7366500710356155e-06
969	0.0
112	0.015585149825656227
1775	1.7366500710356155e-06
1383	2.903563198251598e-05
2920	0.0021359242305299115
2921	0.001876983909493359
371	0.002448727743506929
2180	0.00019762727586149817
139	0.0
1043	0.000230688780524005
1308	0.0005622647164220675
2718	2.038187490924627e-06
2922	0.0004308919647306901
481	0.0015085440816191274
2923	0.0012325974212713958
1915	0.00010758646296361448
2515	0.0
875	0.00013642569741498226
503	6.126010861931936e-05
2924	0.0004448592374609345
818	0.0001362029938111823
1583	1.4495694318629007e-06
1529	0.0003951411589442528
2925	0.0011502441723676012
2182	0.00048223905443139264
2455	0.0001555961722812122
1030	0.0
1333	0.014527592840834724
1386	0.001156558256816762
1178	0.0007560039464823017
184	0.00033677455771263234
2926	0.0006266945988470265
2927	0.004210825714253518
1065	6.958717572414502e-06
1845	6.958717572414502e-06
1127	1.0667630647068583e-05
1821	0.0006327768694494665
739	8.347828079109909e-05
762	0.0003878208265454413
1073	0.0006005142576318742
294	0.00011887899249779378
1719	8.549758259065164e-05
1587	0.0
329	0.00013694528619039703
1291	3.496394837324298e-05
269	0.00042404073606942274
1898	0.0
1060	2.4513926884163308e-05
2928	0.0011766197703237744
2929	0.004406007054290164
1505	5.642235397335942e-05
1506	0.00026775773770742274
69	0.05130841470022955
2633	0.002714697678474181
2930	0.000929798884414647
2931	0.003706093217846683
1482	6.0799895829257595e-05
632	3.00457568696193e-05
764	0.0006453604066653122
787	0.004148858775538116
1131	0.0
471	3.9100502619725796e-05
509	0.001739582399643187
1033	6.567875041069397e-05
2932	0.0074400350404138695
2933	0.002107614319769261
797	0.00010457612257283739
208	7.927258968901183e-06
1203	0.0002429861787857134
1442	7.927258968901183e-06
2187	0.00013518634038534264
1881	0.0
1400	0.00021008034223955144
1042	0.0009168729954848872
637	1.480577889152001e-05
550	0.00010151579986275739
340	0.001081897589391377
908	0.0008043077300094026
2503	0.0010060655029548039
2229	7.848388932484172e-06
1134	7.927258968901183e-06
192	0.00042009762953447297
2070	0.00022820273605774388
1274	0.0001786897510433461
2021	0.0
237	0.0010572555703733284
738	7.927258968901183e-06
306	0.0021422993645122033
32	0.0002484944952748336
35	0.0013657973742297407
1621	0.00047545493881948563
2295	0.0006605906871912615
1516	9.585227738451244e-05
727	2.650086451193628e-05
2934	0.0057901153751045405
2935	0.007400178660126625
881	0.0
2	0.001804897418566737
2292	0.00021444561181473414
1046	0.0
2074	0.0
819	0.0003249954138989239
293	0.0
2151	0.0
1941	0.00012746841572716357
774	9.505860578265768e-05
387	0.00017042942430955466
1689	0.0003875356078747094
27	0.0005280578897384461
2426	0.00025944736151739496
1054	5.459314812674042e-05
378	0.0
1510	5.459314812674042e-05
1146	0.00011684710819944828
1577	0.00010881832418975397
1609	0.0
1707	6.592134020667859e-05
2738	4.012545955636997e-05
386	0.0003845419931919905
1978	0.00043487955185066976
307	2.5249011859188804e-05
191	0.0006561837321606913
2936	0.0009398299730340433
2937	0.00013457902131164953
2938	0.0
181	0.00044312917082308225
113	0.0027921852252655935
260	4.4404034979032336e-05
394	0.00011864974237630811
2939	0.00046653771263965475
1286	7.72103735514863e-05
1045	0.0014051342092612396
2940	0.002214577717874347
2941	0.00010572436384418058
1385	4.3327068239265933e-07
2181	1.8698594495603437e-05
2942	0.0018330579662435102
601	0.000778001450259949
2108	7.025934780282211e-05
134	0.0016761135660442442
791	0.0002081379606227
876	0.0004893354649105245
1589	0.0
869	2.3933559045090447e-06
2943	0.0036333003575789993
161	9.287981429004542e-05
1749	0.0016801447747511026
758	0.0008627406049958729
25	0.0030353537442626664
30	0.0001704958567113343
338	0.0033202387413087467
1302	0.0002687365649830892
379	9.791155479245496e-05
1055	0.0001507235479745864
943	0.0
2944	0.00043628110081661456
98	9.189454203191414e-05
950	5.002156705445242e-05
388	0.0008819518687378671
617	0.0002811200534600222
231	7.982384138848529e-05
426	0.000767024138815179
23	0.0011267632189114819
494	0.00024970047378948643
999	0.0005346581553694378
48	0.002897028586436511
1844	0.00012650504508937612
61	0.0051523217927936125
157	0.00047846864895545753
201	0.0027624543172559413
2945	0.005646567007510227
2946	0.00772701622404841
1700	0.0001646207405646442
97	0.0
497	0.0005798489439691817
980	0.0005604416421781807
536	0.0
272	0.0015832469556028978
268	0.0009753248766123082
400	0.003984599472944034
781	0.0
705	0.0001881875606688853
1224	0.0004021361718345084
151	0.0009078628275717406
510	0.0011012107155203028
1270	0.0007297870965994285
2947	0.0049576441683531975
2948	0.004253697541262533
334	9.131232775662147e-06
24	9.16411336525424e-05
1063	0.0003598710886949462
490	1.5295402368611874e-05
146	2.126221344076747e-05
353	0.00021986606257843743
467	0.00016495856935715614
264	2.9356254228869647e-05
569	0.00011499736093224466
703	0.00010375468930199997
299	0.0015638042078683254
688	0.0
2174	0.0
1724	0.0004886938490521004
1121	2.5448030944068958e-06
318	0.00014535577003888057
1398	0.0
1910	0.0001574894604617135
657	0.0008943220901630565
1551	3.203432839149984e-05
822	0.004363113919329478
2949	0.002060396785131417
2799	0.0
2522	0.0
2061	4.187197083034188e-05
2950	0.0010360936966683865
142	0.00025661159268218926
285	0.0014877863308351404
1500	0.0
2951	6.509347746041659e-05
796	0.0021127415731079257
749	0.0007205111035081113
1379	0.0016968424138069397
2952	0.0018558730754401004
525	0.0
559	0.0005472867636868815
322	0.004097282401686641
582	0.00023133381792128207
2953	8.957249786069485e-05
2954	0.0003775781425657369
2955	0.002614278154479879
2745	0.0
53	0.00045978178966409934
1346	4.951082768592175e-06
2956	0.0011932998057986397
2957	0.002479216630734775
1884	0.0
1525	0.0
2509	0.00010101173204640574
2958	4.386226940174706e-05
592	0.0005439371372089216
985	3.6766739865184906e-05
2959	0.005156648442183419
45	2.6757106174614505e-05
2762	0.0
403	0.001611162933706772
548	0.0006734508755333234
721	8.591675372111709e-06
2226	2.6592664022997763e-05
492	0.0014323630827548439
182	1.7064773198718937e-06
629	0.00035193695257419553
33	0.0003248696276370787
1399	0.00014437073617001777
691	0.0003201843027149828
895	7.081482830939045e-05
2679	0.0001120403428278147
730	0.000992069183810217
236	1.7064773198718937e-06
43	0.0004584835952452129
119	0.0005754994444407176
2960	0.00017580101147411374
2303	0.003232855823879425
2395	0.00010534690588884625
2961	0.005738431310484391
2962	0.0033865595746758272
1637	6.441539294894152e-05
1899	0.0
1015	0.00010880248465690628
392	0.0015070865303711027
1084	9.826007047646768e-05
1157	3.570148078378529e-05
1862	0.0
95	0.0005344049656089069
1380	0.0
20	0.002848363722883904
665	3.800614142642973e-05
108	6.320714285053868e-05
590	3.6633995629487614e-05
1237	0.00031939773902831675
886	0.0001520687380588035
731	0.00044130256159107136
792	0.001255974049733266
434	0.00042062883407242916
889	0.00015296055893853722
185	4.8054759602476396e-05
1216	1.1531749836993195e-05
708	0.00043101354144623925
91	0.0
2963	0.0003617262821375187
2964	0.007947848321951164
123	0.00045546759383123677
282	0.0023325289895719313
1783	0.0003333028444253454
1248	0.0002258339025365311
327	7.721155996925752e-05
325	0.00017067177979305666
519	0.0017677107181761093
1153	0.00031325173354501077
311	0.0
651	9.209312137698451e-05
566	0.000790110341501908
391	0.00011952296481617426
2965	0.0014316620307119861
894	7.085436208511525e-05
686	0.0003284999370768137
1406	3.4975626168721052e-06
882	6.782610228269678e-05
67	0.00022548440175646701
2966	0.008431808423438769
188	3.2752559600917833e-06
1034	0.0
499	0.0004378502886540845
845	0.00011851678831445405
1488	0.0007610967930041949
1027	0.0001849790004483844
1405	5.068066221541849e-05
1715	0.0
681	0.0
694	0.0
1002	3.2752559600917833e-06
1240	0.0
557	0.00011752931101971029
1840	0.00011777423893962873
1452	7.13254511371305e-05
464	1.6510086876953103e-05
553	0.0002750502910697043
2967	0.0019137918367515122
2968	0.0007414567328734361
2625	8.239842832488452e-06
1622	0.0
407	0.0
475	0.0001465319350290619
2969	0.006252240776297296
2970	0.011409873946571203
625	0.0001276558527305021
424	2.0217403258721198e-05
477	1.5098826810653284e-07
1330	0.0001482556778299307
504	0.0
2662	1.2058301263015596e-06
776	4.0286227751625305e-05
2144	1.356818394408092e-06
223	0.00036762945171281105
1449	0.00019334561790934979
153	0.0
1437	0.0
1143	0.0004729921225413201
1523	7.042397942223314e-05
1107	0.0
1021	0.0005548229716463038
2441	0.0
1273	0.0
1851	0.0
2158	5.0394156932126845e-05
814	0.0021844734434732565
975	2.1160980271123034e-05
1050	1.356818394408092e-06
2367	1.5098826810653284e-07
454	1.2846066140093157e-06
222	0.0
2145	5.659838610475841e-05
126	0.001160799718343219
2971	0.0014335486713988777
2972	0.018522846952211732
1377	8.861080508888126e-05
2421	0.0
892	7.758074021700513e-06
1147	6.989817336619007e-05
670	7.307001099412681e-05
682	4.436077755132581e-05
284	3.993681243439395e-05
402	5.706660848461086e-05
1124	0.0017894764605227557
753	2.895544981565504e-06
1212	0.0006268442453741236
1606	0.0009682947472550347
1859	9.013896880315805e-06
275	9.140680331751445e-05
1159	0.0004692835740952604
1114	1.7317439187427322e-05
446	0.0010476781319258969
473	3.993681243439395e-05
547	7.758074021700513e-06
1660	5.5342109787384595e-06
82	9.767259597921178e-05
111	6.919687643027687e-05
136	6.604201359986783e-06
658	0.0002272427733608153
1803	0.00010181590463696522
46	1.9607501822506188e-05
440	4.8888025281334965e-05
5	3.882762646590012e-05
1632	2.5890789280006933e-05
1016	0.0
849	8.076199079855276e-06
771	2.5890789280006933e-05
887	1.5493315603573988e-05
1748	0.00023096414652663892
810	0.00017821746263247876
1802	7.758074021700513e-06
396	0.0003319160168802308
99	0.00016809121863966154
2973	0.0014980686584063997
2213	0.0
1324	3.722581074470232e-05
2974	0.006685089709445319
435	0.00012799599982461885
801	7.965936725136508e-05
1744	6.01565909075894e-05
1485	0.00010185979339718358
376	6.0883853880430914e-05
2975	0.0
2976	0.002405227821605349
2857	0.0
109	0.0007286247927159212
6	0.002042685494757553
680	1.7471638965060478e-05
13	0.0
2977	0.003269455312495038
2978	0.003077991713285313
2606	0.0
619	1.0168730348891065e-05
1857	2.5512656112858975e-05
1080	3.978117956181389e-05
137	0.00015091665922784445
2203	0.00028417861787931797
127	2.068468864189325e-06
1764	1.7097040260177884e-05
987	0.0
655	1.6661789921490047e-05
417	0.0003768358989828046
2117	0.00027881465041569657
2979	0.02418372064743003
2482	0.0
2244	0.0
1629	0.0
788	0.0009957312198539913
1310	0.00023092223700019748
1322	0.0
1563	0.0
2486	0.0
1676	0.00015157766597695126
244	9.266606677658107e-05
216	0.0
1040	0.0
570	0.0
1483	0.0
1597	0.0
1527	0.0
2433	0.00026363365056032614
1058	0.0
1208	0.0
323	0.0
2143	0.0
752	0.0
1407	0.00047028542183618846
168	0.0
1151	0.0
1530	0.0
1419	0.0
1520	0.0
532	0.00047244093942788495
410	0.0
62	0.000138897874339466
2980	0.0019997249925589474
472	0.0
676	0.00036759806962490357
2570	9.67129606064963e-05
254	5.83783669919489e-05
2981	0.002609628876681865
2806	0.0
1006	0.0003180186315013296
2982	0.0009775927804519162
630	0.0
444	0.0009384641253259273
2983	0.005816711117283569
2984	0.007037904977815732
502	3.80475682986265e-05
326	0.003202675080174565
585	0.00013057680090043818
2562	1.0892901125736718e-05
1359	0.0005277219013864735
1912	0.0
951	0.0010860544295164805
226	2.5073492298968786e-06
603	0.00019745065769943452
1103	6.133879847373078e-05
389	4.8533332099984744e-05
1834	0.0002815453873859109
2033	0.00028856828576661844
215	0.0006674891501094453
650	7.823593382193426e-05
447	0.0002339054466075885
759	0.0001906605187131012
1426	0.0003485695233529585
81	2.1608606273268118e-05
2153	2.738872219335519e-06
1352	7.412435004982974e-05
1885	0.0
1023	0.003861046359670289
1207	7.580860665874313e-05
838	6.1156558408747145e-06
2985	0.0018217349884438155
1148	0.0003173484629476156
1415	3.5492253598888266e-05
1445	9.711143143752552e-05
1139	2.459184907757004e-05
1092	0.0
147	1.583826877799469e-05
2986	0.003468390490574128
2987	0.008423461094941314
817	2.9963577943162374e-05
983	4.487224011494218e-05
2082	3.397895486832069e-05
864	0.0
716	0.000721614963182722
737	0.0001306506972371268
1031	0.00035472991307368196
1913	3.0541002348927305e-05
935	0.0
14	8.819962957501727e-06
1793	4.1137602772719375e-06
2552	0.0
1564	0.0011631348914272316
19	0.0005549842706489059
16	0.000346313236728842
2988	0.0013834746550833263
344	0.000489953480003311
316	0.0003258349862485216
2138	0.0011493875251139087
423	4.533304147301867e-06
2989	0.017730998307962882
2990	0.04214768929069648
1882	0.0
1137	3.0015534207887646e-05
2288	7.782845236080479e-06
1465	2.879810396379479e-05
491	1.4983065130543122e-05
2400	3.0015534207887646e-05
70	0.000774393151731313
462	0.0005159971569144628
335	0.001763247037529319
1593	9.742496904344826e-05
766	0.0004232694049823837
857	0.00021907523534820704
830	0.0
463	2.63072009907168e-05
594	0.0004996409783628271
1967	0.0
486	0.0001634546384346461
1871	7.782845236080479e-06
361	0.0
613	0.003649491743096596
2649	1.4983065130543122e-05
1387	0.0
1115	0.00015810534622945352
2685	0.00012517348017441023
556	0.0009433880611813601
1534	0.0002054001716441606
1123	0.0004296142049442806
2537	8.338004828009244e-05
1320	0.0
290	0.0008477796356944647
1211	0.0
333	0.0
2719	1.4983065130543122e-05
1486	0.00011511707075098626
554	0.00019988731931218872
2305	0.0003354318511692658
1536	0.00022530410609093778
575	0.0011958573230459084
102	0.00014586825023195975
438	3.0015534207887646e-05
883	6.837438232306472e-05
1112	0.0003719837300781701
1677	8.101598830754188e-05
2991	0.0060607892947873035
2750	0.0
420	0.0
273	3.933970384567068e-06
207	0.0
2992	0.0034824820825645015
2993	0.0012135415453471293
2456	1.2995343465347712e-05
2128	0.00011549932834466828
2240	9.766989473943978e-06
678	0.00018732205353765274
1739	0.0
1503	1.6495545385655647e-05
2994	0.0004662829106123541
2995	0.0019154533576193056
1959	2.383797675075437e-05
295	5.649483544003781e-06
535	0.00022059594135764686
2996	0.0007565112524500771
346	2.5345165262135867e-05
2997	0.0014830307596199236
1176	4.3957032419915595e-05
890	0.0
872	0.001199400684993328
929	1.4269931297959133e-05
701	2.2196015355547866e-05
2998	0.0026688895652240583
485	9.224065387905669e-05
579	5.9024105510080296e-05
1695	0.0003007994093284131
1673	3.779788181248593e-05
1413	1.0589471866760714e-05
2999	0.0018839391555853279
3000	0.002071074790704948
79	0.00028054815601795776
2029	9.560105962771857e-05
3001	0.0028580377976884118
1584	1.215575100463374e-05
1120	6.463730532687336e-05
289	8.033620029813695e-05
1620	3.488967928557992e-05
2404	2.3106844344422777e-05
3002	0.002280281591537966
1553	0.0
468	0.0003725802463961219
794	0.00012550621383225144
159	0.00042163237236947707
1341	0.0
3003	1.4452565002465168e-06
513	0.001607915081174191
4	0.0003748542294994331
3004	0.009183664809127329
1022	0.0
380	0.0001059286931613255
1391	1.3335604158681105e-05
1717	0.0004372687476102636
373	2.31119246580416e-06
2221	0.0
853	0.00018072726410959175
416	0.00036744217662623116
836	0.0006698672974947869
186	0.0004145839264726346
3005	0.055485570800810756
1812	0.0
549	3.0019184375418435e-05
1652	0.0
2275	0.0
1019	0.0
2253	0.0006484903367167123
954	0.0
2361	0.0
746	0.0007143239960734287
683	0.0002949819778243846
1305	0.00021846539379720198
966	0.0
2051	0.0
2607	0.0
2450	0.0
461	0.0
720	0.0
529	0.00019508130385057835
1991	0.0
2227	0.0
1595	0.0002826537922376288
1723	0.0003080137241552439
1309	0.00034996621116317956
154	0.00011138855300601725
1145	0.0
1028	0.00011690506012094848
1619	0.0
621	0.0
2725	0.0
1661	0.0
480	0.00011671513323611375
2232	3.0019184375418435e-05
1669	0.0
2165	0.00023331313939857723
1066	0.0
2430	0.00018885348772473338
1799	9.461300430190792e-05
266	0.00011787892961321941
296	0.00018806806594286134
839	0.0
1556	0.0
1779	0.00028130890449286296
2154	0.0005452312155699432
1068	0.00024011522151869447
1253	0.0
622	0.0
2402	0.0007112768703362037
1972	0.0005922855488137242
2464	0.0
1241	0.0002208140453171293
370	0.0003072099575546696
1351	9.906494953076342e-05
772	0.0
1049	0.0008231803859991632
1378	0.0006217415201072059
1846	0.0
253	0.00025566103989932084
58	0.0
639	0.0
2171	0.0
1571	0.0
1029	0.00013954302995517227
1098	0.00018806806594286134
645	0.0007473895122616144
2172	0.00010843600505110334
2170	0.0
2697	0.00016104074443750048
1586	0.0009390062493240029
367	0.0
324	0.00010843600505110334
1829	3.0019184375418435e-05
873	0.0006485142533622359
1568	0.0
1130	0.00014348566929424955
2008	0.0015191289519032214
8	0.0
3006	0.005580147359973345
1636	3.7862806612998024e-05
1108	3.246400429153595e-06
1179	0.0
2354	0.0
3007	0.005021258922344046
3008	0.0019276912598659769
255	8.105445899030116e-05
984	1.6705830780321107e-05
534	0.0
2024	5.714080403645242e-06
775	0.0
1372	0.00013274730121175764
815	0.00013508346597696546
1533	1.620944092745504e-06
1283	0.0002677330501455757
3009	0.003946593721894792
368	0.0001027192399707154
1247	1.8482541664148265e-05
1728	0.0
2410	0.0
317	5.027840395030679e-05
1472	5.5295640632146044e-05
1535	0.0005871424769981364
3010	0.004399112976745099
2185	0.0
1854	1.1045895666016721e-05
2447	2.3528753365573036e-05
2601	1.2408381754998958e-05
3011	0.005420798611453952
1918	1.1452041029061536e-06
3012	0.004437996118411252
0	7.7859317623623e-05
2587	4.5173015029228265e-05
3013	0.00019354033077671162
3014	0.005896689059527133
3015	0.001971703035526912
976	4.842908682211806e-05
263	0.00043702860668032924
3016	0.01700901870631526
1617	5.738757957474275e-05
2079	0.00016905931432252574
2451	4.283181058650912e-06
1958	0.0
1759	1.2161383436565555e-05
2102	0.0
93	0.000248950270036799
2113	0.0
998	3.9350957900827114e-05
568	0.00010236731840741952
604	0.0
2590	1.0106404739014252e-05
964	2.8072005383441104e-05
2298	2.0994789460915466e-05
606	0.0002459021719750493
605	3.998647203563182e-05
2078	0.0
3017	1.4452565002465168e-06
3018	0.007563195973611625
909	6.310843230727569e-06
341	9.539736209235788e-07
38	0.0007038811332307597
3019	0.009344212701901286
2092	3.3061776289435715e-05
2072	1.313876595954497e-05
2419	0.0
283	0.00013271413730038813
2205	8.997720702576094e-05
173	0.0010228990233996042
330	5.814367806739922e-05
3020	0.006506297902552496
2031	0.00012629840075571952
1276	0.0002976798147412595
2131	3.890801188453654e-05
92	2.7909365328124116e-05
1345	2.991952297330581e-05
809	3.8061344201121287e-05
562	0.0009111442767083434
1448	0.0
31	0.0
3021	0.014902230516953005
667	0.0004645448759034214
1670	4.665638002401017e-06
1277	0.0
1254	3.1622692346794793e-05
576	1.7182582227389767e-06
279	1.5785174927709893e-05
1206	0.0003375481360541073
542	1.7182582227389767e-06
1949	0.0
496	0.0001618513417786763
2408	0.0
514	3.910816271350924e-07
2030	0.00031985952666961984
1446	0.0
2067	1.9934182108490045e-06
1938	0.0
1091	0.0
2110	0.0
1169	0.0
947	0.0
169	0.0005259464727655093
704	3.2841253962540356e-06
587	0.00020279176986378924
277	6.685427249253848e-06
1196	0.0
1543	0.0
707	0.0
3022	0.003903742635407507
2598	0.0
1526	2.970376785386133e-06
1155	0.0
3023	0.009953900150648317
3024	0.005706449246012529
1826	1.3072021139688564e-05
861	0.00016478930700286024
68	0.0
602	8.885431032637892e-05
546	0.0005338743278242072
921	6.660005361836378e-05
1476	3.5180892336985585e-05
262	0.0001590795393177116
451	2.337355924659908e-05
1893	1.5287873685274157e-05
199	9.636820265301243e-07
647	3.0274196136114198e-05
414	0.00014447820774778956
1985	0.0008085605961538715
218	3.915517964080038e-05
238	0.00026214626006342896
320	0.0002923875129928015
1572	0.0003184893898809131
1423	0.002046299028312496
521	5.584943001796618e-06
2044	3.915517964080038e-05
2196	7.878163244214053e-05
1781	3.5180892336985585e-05
1381	0.0003626965323429022
812	0.0015058204254777168
1300	0.0
863	0.00025386615380068237
107	1.932021127604063e-05
50	0.0002523845087959788
3025	0.005110849004708738
3026	0.0029405415132645342
784	0.00014945851247541903
2768	0.0
1217	0.0
2050	1.5836231630975006e-05
436	0.0
1281	0.0
1376	1.4502007305796831e-05
1841	0.0
1435	0.0
3027	0.0016542023276819276
1183	2.4594438330306478e-05
1182	9.697318168327185e-06
3028	0.004040782755015263
2521	6.755237059116316e-06
2374	2.6946460744708973e-05
1684	0.0006982927575368087
1113	0.0
401	0.0
3029	0.00304744276258185
1484	0.00042155817027092653
1878	0.0002169920047852145
635	0.0
3030	0.0002931379662036015
3031	0.001592086034987914
3032	0.0002175687637524702
2412	0.0
654	3.920418944842179e-05
1612	1.865298540836971e-05
3033	0.004373897795968481
1810	4.078157609937303e-05
905	0.0001254743412582837
968	0.00014863211833604324
855	0.0
1545	3.9626414206695435e-05
1550	5.288199918951029e-05
644	0.00017003528760662539
511	3.769004476213297e-05
261	8.672538712640905e-06
2452	7.888019794394614e-05
972	4.7755702283115504e-05
2162	4.2876723957614635e-05
3034	0.0016036752910870149
3035	0.005335113382285351
3036	0.005632378590438245
180	1.4146891803003633e-05
2337	8.03701838843625e-07
2161	8.35139586417394e-05
952	3.7542373245592244e-05
1110	3.1021159639828326e-06
564	0.00387579676150743
1230	1.684869634887093e-05
859	8.397281055045006e-05
1447	6.088099283563129e-07
1099	1.646845005191531e-05
981	0.0
3037	0.002667414165104007
2465	1.3337426546582282e-05
166	4.09563239094211e-05
3038	0.0013821519902115452
2133	1.0818887352782192e-05
3039	0.0018311536329351352
1347	7.3131729275884485e-06
1125	6.243691667178073e-05
1698	0.0002753821717644206
1163	6.177722353219587e-06
3040	0.005112911410820244
723	1.438320919727922e-05
177	0.00020038028333461112
1734	7.079422720024083e-05
3041	0.0018142056313876543
3042	0.004350591067989561
1790	0.0001282137520744205
1096	0.0011364927622115844
176	0.0003551448530513584
874	1.4156821484547212e-05
88	0.003136928631762788
3043	0.004639767911449743
717	4.581288347947619e-05
807	0.0001853049918908527
1071	0.0
3044	0.0041196897860231564
1118	0.00010283944427385133
2755	0.0
2168	0.0
476	0.0009118920806416567
1012	0.0
1285	0.0
3045	0.0009398299730340433
3046	0.001112929503997768
3047	0.0051651590495063356
520	0.0
443	0.0002052873738574423
28	0.00016442409821618362
1581	0.00038710943693735344
442	0.00039879980313530514
2167	4.388142918059985e-05
3048	0.0003736359928363203
3049	0.0
3050	0.002609875025525032
850	0.0
1522	0.0002648415187488588
3051	0.008047843128904587
3052	0.000925707360020943
696	1.96975147275061e-05
1773	1.2584940708500194e-05
1408	0.0
2621	3.997692033559183e-05
1582	4.1586309978901066e-05
29	1.1864082812738197e-05
2127	0.0
1299	4.3707127453143275e-05
431	0.0
415	0.00031216713714785955
904	0.00010241163692849734
2054	6.528658018699006e-05
3053	0.004428784523372893
3054	0.025350971013922856
1838	0.0
1714	1.2797895877442798e-05
1242	2.049058579919e-05
305	0.00023579825929986823
958	1.1528513898319637e-05
961	1.3922539331407156e-05
2132	4.227443830139865e-05
355	1.1528513898319637e-05
1122	0.0
1070	1.1528513898319637e-05
802	0.0
258	1.1528513898319637e-05
820	0.0012850496143110748
1567	0.00023032084077482078
1328	7.00190562191795e-06
740	0.0
1173	0.0006854290407826745
782	8.136441906703856e-05
1509	0.0
2376	0.00012163144129019062
248	0.0
133	0.0
1747	0.0
2087	0.0
700	6.701618393075883e-05
1350	0.0
22	0.00011964513649811256
3055	0.0025334741755016895
879	0.0
3056	0.005289076269743811
507	0.0
1820	0.00037526659436521164
474	0.0
288	0.0
2362	0.0
1219	0.0
117	0.0004953849840919487
1475	8.44915709148238e-05
3057	0.002269746332418517
910	0.0
805	4.6319963284420595e-05
128	0.00021611116550380451
3058	0.009742469602967756
1977	4.9106288550531e-05
1702	0.000126952459935476
900	0.0
249	0.0001739068616478963
487	2.7144330150556013e-05
2320	3.70539215845214e-05
1225	0.002918238793916807
3059	0.000929798884414647
418	0.0
3060	0.0012776125770904338
3061	0.0014958000687910423
1193	0.000697629839464507
2059	0.0
3062	0.003726963837185015
2838	0.0
1393	0.0
2186	0.0
2655	0.0
924	0.0005352152347747278
3063	0.0015816367818874395
86	4.0227660548570776e-05
224	2.3894432303723372e-05
1548	5.471384339981693e-05
3064	0.007038786254557133
3065	0.008793837454280634
230	0.00017847279682336342
1075	0.0
1202	0.0
235	0.0
425	3.3630067722415574e-05
1729	2.1445114233637215e-06
988	2.1549521424808356e-05
1743	7.09374557889365e-05
2389	0.0
1037	2.3369615271912157e-05
1460	0.0
1260	0.0
3066	0.005896392577300852
2296	1.659840082267352e-05
2845	0.0
974	0.0
663	0.0
1705	0.0
2564	0.00019812682114710644
3067	0.008641130406740572
2137	0.0
1142	4.546499675033962e-06
3068	0.005059092177367424
3069	0.004993980671187662
1944	2.4270177828945467e-05
1365	0.0
722	0.0006800534812548494
1238	2.5644643668952526e-05
862	0.00010779090638450307
893	0.0001709396072710383
1468	0.0
1327	0.00022580487367453576
1644	0.00016216125728696408
939	3.5951366000480095e-05
3070	0.0022259703589499677
3071	0.00496146661059733
1355	7.176219789880702e-06
1753	1.44003493139241e-05
87	0.0
2383	0.00020840437640790274
1149	3.5979074261975105e-05
1806	8.152487274187782e-05
2396	9.085329937247899e-05
3072	0.0009416202789191177
3073	0.009504219033014306
1576	0.0
2788	0.0
197	2.3810211455327668e-05
693	0.0
1611	0.0
1864	0.0
3074	0.003634968015824844
1363	3.65034886039057e-05
1307	0.0
1	0.0
3075	0.0030317733277000075
3076	0.0014915311425216416
1816	0.0
583	1.5766450076327144e-05
2381	0.0
628	0.0
3077	0.0014173176177158004
3078	0.005906692016460369
1897	0.0
684	2.81604829685227e-05
265	0.0
17	0.0
2558	0.0
1048	2.5494144255085613e-05
196	5.163831085355127e-05
3079	0.0006958933013656936
2058	3.350441063250151e-05
3080	0.0009891932483324416
990	0.0001946358749249538
3081	0.000704939398692179
3082	0.011518267528035343
1830	0.0
1555	0.0
1853	8.537809289977709e-05
395	2.3252133502792877e-06
3083	0.0033801192218090364
2518	4.903202192544979e-06
2423	0.0
3084	0.020147678654935705
3085	0.002326807698701556
1948	0.00017150306899395013
2083	8.395049923777301e-05
2217	0.00012444970196012623
1789	5.36164760774985e-06
1760	0.00021304393032727371
72	0.00015764407349306745
1429	0.0
352	0.0
1366	0.0
2115	0.00035923824570421837
677	0.00021977432855105908
2081	6.989513982428817e-05
2660	0.0003063770276229255
885	5.622071740444916e-05
1630	3.293910536207335e-05
149	0.0005952284027670055
2235	9.222885523824986e-05
2428	8.772999113577592e-05
854	2.6214089973428766e-05
757	0.0
2517	0.0
1010	0.0
1319	0.00022498934591536413
2403	0.00024629779882768133
1382	0.0
381	0.0
3086	0.003158861763623135
1867	2.506846551249234e-05
3087	0.007841259525251578
1562	1.7532209217463207e-06
1425	1.7318780432651713e-05
1990	3.3014669011870267e-06
460	1.2845483679609161e-05
1798	1.020935749156944e-06
3088	0.0003592951884679373
3089	0.0025867905370360335
3090	0.0017049340679923632
1053	0.0
183	0.0
610	0.0007153755822216682
3091	0.0028078710523221076
1005	0.00014519999636773467
2097	4.609921150865856e-05
3092	0.003104207535462464
2234	0.0
2023	7.818536046862115e-05
2700	0.0
3093	0.002410777156551212
3094	0.007344310044858321
452	1.3245147312905194e-05
2266	3.059961729420194e-05
2591	0.0
315	0.0
2274	0.0
1213	0.0
3095	0.001821258774180966
3096	0.0016521241102545646
1129	1.5575140626313007e-06
2415	0.0
1343	8.661246970605301e-05
3097	0.0021788783016679597
907	2.4370864612772884e-06
3098	0.009641963357108355
2022	1.1316839572923505e-05
1358	0.00021060837440903287
1431	0.0007580719576362852
946	3.635328277810819e-05
1357	0.0
903	0.0
162	0.0
3099	0.00176699641583318
3100	0.014606147003641825
600	2.17188389648473e-05
1930	0.00027850123373538343
2468	0.0
957	5.9417369188786276e-05
811	7.51545068509337e-06
489	0.0
2080	7.856200798768974e-05
150	0.0
206	1.0427109900167595e-05
821	0.0001037165922016699
2582	1.571635929540687e-05
2166	4.284760333039135e-06
2609	0.00013986959931346042
3101	0.007287482927047509
661	4.207468081304207e-05
2752	0.0
1271	0.0
1416	9.069434979674448e-05
3102	0.003421066430837493
3103	0.0017339375727236836
2191	0.0
2547	0.0
1782	0.0
2156	1.9007054323391403e-05
3104	0.004486684572248037
936	0.0
1367	7.272436217913587e-05
3105	0.0019022175709492543
3106	0.0077933503681914575
2349	0.0
563	0.0
607	4.4140149414431154e-06
2019	0.0
1499	1.8219789102439797e-05
699	0.0
2643	1.8219789102439797e-05
286	9.500273171005055e-05
931	1.8219789102439797e-05
3107	0.00587256740653475
505	0.0
3108	0.001859164498146901
2746	0.0
1296	0.0027867970291495844
2596	0.0
3109	0.002160836212727608
3110	0.0020764320744933664
1697	1.7586332230763022e-05
3111	0.0012353214281655184
1649	1.114618930397847e-05
3112	0.0026223847539816035
3113	0.0016738810975477794
1204	4.725396824129221e-05
1557	0.0
116	9.681205898215635e-06
1201	0.00015915623266431786
397	0.0
2434	8.518199962230264e-05
2805	0.0
3114	0.00340791409516856
1934	0.0
76	0.0
3115	0.00151713931234762
3116	0.0008772552406356499
3117	0.003233907870738538
2616	0.0
131	0.0
2225	0.0
2688	0.0
3118	0.01251164135679934
3119	0.003435146593973361
783	0.0
1797	0.0
3120	0.0013582583500453165
1868	0.00010656033754525375
3121	0.0030543238618739423
1643	0.0
2175	0.0
1613	0.00014074613335062131
1116	0.0
3122	0.009575697209193247
1519	0.00015142784080983006
751	2.9472985199072373e-05
2317	1.675346032282198e-05
2312	0.0
1933	7.514429062148477e-05
3123	0.0013373006632831272
3124	0.00793357672514766
2037	0.0001222927248104504
2513	6.368994764205743e-05
2285	0.0
3125	0.0032169542658587584
308	0.0001338291840926568
214	0.0
3126	0.001486971896461469
2640	1.6863678960649336e-06
3127	0.00185942833871102
848	0.0
2431	0.0
3128	0.009751131900671107
1624	0.0
1932	0.0
374	3.515267712205833e-05
3129	0.004984103434136777
2549	0.0
362	1.7694111725335814e-05
2777	0.00015891466648004484
2387	0.0
3130	0.001985232120099344
3131	0.003734112753058266
1188	0.0
3132	0.0
3133	0.002347676124156355
3134	0.002916000771716706
2279	0.0004247983562012093
3135	0.00992255752571647
977	0.0001079815945272825
1195	0.0
1256	1.1122382060244994e-05
2333	7.249623841264044e-06
662	0.0
2576	6.0614137913468866e-05
2550	0.0
2735	7.249623841264044e-06
1100	2.051899997416906e-05
3136	0.0034276908309601247
3137	0.0004394776897941882
1696	0.0002590241464741728
90	1.722192339680811e-05
2742	0.0
3138	0.0
3139	0.0
3140	0.00012488390362300962
3141	0.0017114535903411906
3142	0.0012438534930799391
2740	0.0
734	4.451294312130532e-05
3143	0.004310340669945539
331	2.30673468738808e-05
2891	0.0
2636	0.0
3144	0.004644228444566916
3145	0.0009297988844146468
2693	0.0
1521	0.0
2722	0.0
516	0.0
3146	0.0004566418830623794
3147	0.0038983827246164516
1889	5.879268645282666e-06
3148	0.0020545202040504838
3149	0.0013395376444096541
2716	0.0
3150	0.01134738289237727
78	0.00017364747011631084
1594	7.06725225394994e-05
2490	0.00013154063726774625
841	3.57321739712257e-05
2809	0.0
1489	0.0
1490	0.0
1261	3.080363078847323e-05
3151	0.0009729559718688242
3152	0.0017581920749787387
1642	0.0
3153	0.010544045709457458
3154	0.007499274434634016
989	0.0
65	2.565498105838498e-05
1228	0.0015794646617184947
1404	0.0
85	3.228976082362282e-05
824	0.0004533351770496038
1825	0.0
2466	0.0
539	0.0
1579	0.0
1692	1.4943863455026728e-05
64	2.4666653579412786e-05
190	0.0
312	4.935716070547992e-05
561	1.1556477594932304e-05
3155	0.0013352441639334818
1354	0.0
3156	0.006852360300594143
140	0.0
3157	0.0012056054654133517
1979	3.6231590327045174e-05
3158	0.001898864642997116
3159	0.003958223587420088
1501	9.435892598550476e-06
84	0.0
3160	8.256856132487708e-05
3161	0.0046235280513460845
2369	0.0
348	0.00024170353631011325
3162	0.0064994935065722835
3163	0.01591864150765012
2818	0.0
581	0.0
1962	0.0
2485	0.0
2814	0.0
1627	0.0
2319	0.0
2623	0.0
12	0.0
1645	0.0
956	0.0
2163	0.0
501	0.0
846	0.0
2560	0.0
919	0.0
3164	0.003903638685252046
342	0.0
2812	0.0
3165	0.004657840296259043
3166	0.0035951119258243666
1011	2.2521257795078543e-06
441	0.0
2678	1.3346865829261284e-06
3167	0.0009297988844146468
3168	0.0024454352031575755
15	0.0
3169	9.234572142582098e-07
3170	0.00031299326071254066
3171	0.00349725700945661
728	1.673347906398167e-05
3172	0.0001361242223867099
3173	0.0009049957724753752
3174	0.01833895764136499
1847	3.5491556269414865e-05
1348	0.0003166264047155799
2192	8.514663970717388e-05
2214	0.0
495	0.0001972897546943238
3175	0.013063783412161472
1418	0.0
777	0.0
3176	0.00834051923676329
377	2.001719492446272e-05
1704	2.8613603925807873e-06
1126	7.829499247546628e-05
1220	1.7182582227389767e-06
706	6.838187623066248e-07
1370	0.00010786875072055512
332	0.0
3177	0.0014060687750482195
3178	0.0011528015041693464
3179	0.00810090196374055
1858	0.0
3180	0.014191337245153465
596	0.0
1590	7.124712525193772e-05
3181	0.00337020839019955
1614	0.0
2388	0.0
3182	0.0015929234825244841
2761	5.4595242535035636e-05
3183	0.001541024610550836
1818	0.0
3184	0.018557612418178663
3185	0.020617168230354692
2027	0.0
141	0.0
1850	5.4786248879710684e-05
1852	0.0
1836	0.0
2237	4.655292623497306e-05
1384	0.0
779	0.0001332900009436091
530	2.5758795408911482e-05
194	3.528006858386105e-06
1215	0.00042456075939543346
345	0.0
2119	5.4786248879710684e-05
1109	0.0
2424	1.7512062433499032e-05
175	7.5933745036379195e-06
634	0.0
483	2.5758795408911482e-05
567	0.0
1994	0.0
375	0.00031839781699803123
2311	0.0005438781331877009
524	0.0
89	0.0
1993	0.0
523	0.0
445	0.0
3186	0.0009404558670988807
3187	0.0012678001879570557
3188	0.0019142865083023601
1770	0.0
349	0.00025400469479980856
364	0.0
3189	0.004935184915600123
3190	0.0010546354061660781
1808	0.00012792588917297378
902	0.0
2467	0.0
2808	0.0
3191	0.003003061984604531
3192	0.0026433297867567017
2834	0.0
3193	0.00017566051942792933
3194	0.008589360915987646
897	0.0
1314	0.00010727031175611105
270	8.826113169831836e-05
1189	0.0
948	0.00048631350293844853
3195	0.001972515508139481
3196	0.0017285261051493627
1578	9.487188099943787e-05
1158	0.0
83	0.0
3197	0.0009310015617935524
2568	0.0
3198	0.0017013835667777663
3199	0.002238326534751492
3200	0.0024042531639549714
770	0.0
769	3.223884675055841e-05
3201	0.00015543047390147746
3202	0.0046565138536486615
1809	0.0
3203	0.0009205782873231112
3204	0.0026108733590507666
652	0.0
1316	0.0
2048	1.4234244648854726e-05
3205	0.00206785393286021
1680	4.138154012664513e-06
3206	0.004655982723352358
1356	0.0
1186	1.2558523074614417e-05
3207	0.0016155146731725812
3208	0.0071136471211203514
1718	3.910816271350924e-07
1964	0.0
506	0.0
1969	0.0
3209	0.0
412	0.000929798884414647
3210	0.001475418229495969
3211	0.00012642043087267518
3212	0.008341014976903531
865	0.003554619118398235
3213	0.002688611939492175
1007	0.0
3214	0.01639657061777091
3215	0.0006990485572895129
459	0.00026614677567773844
3216	0.0044612671157214226
3217	0.004383740698239869
833	0.0
121	0.00026813525586574186
1916	8.536526404860154e-06
2280	0.0
3218	0.003012997673763158
1284	0.0
2378	1.0855156503208925e-05
2731	6.016372163343008e-06
3219	0.0011368861542351582
3220	0.003663715716657196
3221	0.009060858356045337
3222	0.0021965634014519055
1003	0.0
1921	0.0
768	0.0001033696978654644
245	0.0
2669	4.53376598531978e-05
1111	0.0
213	0.0
3223	0.004496497904396977
3224	0.0017421631736251105
1787	0.0
1679	0.0
1172	0.0
1791	0.0
3225	0.001382431891512114
3226	0.0018044499003911562
2425	1.3754115717020486e-06
3227	0.005400272734589161
3228	0.0028520392146523586
941	0.0
2885	0.0
1227	0.0
171	0.00021030314152613896
3229	0.002710823657686253
2635	0.0
2703	0.00012182012174307232
3230	0.0007327209685990822
3231	0.002999746265742534
1504	0.0
558	0.0
3232	0.00414373416243949
3233	0.004456477735412074
365	4.410451722711887e-05
3234	0.0024553143348605574
742	0.0
3235	0.002782801989885955
2701	0.0
2759	0.0
1887	0.0
3236	0.0019370380634000338
1763	0.0
3237	0.0027691505660344504
2330	0.0
1902	0.0
3238	0.00395198124909808
71	0.0
3239	0.005424132908390324
754	0.0011714867264192345
3240	0.003472946591243597
2357	0.0
1996	0.0
1788	0.0
3241	0.0021387595205847537
1174	1.449139816006694e-06
1699	0.0
3242	0.0037341276554304676
544	1.878713658499346e-05
3243	0.010406971733864536
959	0.0
1004	4.302006766788086e-05
227	3.868643381067732e-05
1634	0.0
3244	0.0035469544415560154
793	1.4668848378164972e-05
1312	7.541575316559385e-05
2009	3.328959047740291e-05
2183	0.0
3245	0.0060930766292983315
2846	0.0
785	0.0
1335	0.000469934696417716
1640	3.263650844559491e-05
588	1.3648760660230853e-05
3246	0.0016251791228239997
1265	0.0
1279	2.1853880823785102e-07
3247	0.0013819719380755533
3248	0.0036549110792951783
2077	0.0
3249	0.005417550408289557
1982	0.0
2483	0.0
1708	2.9907878257810275e-05
2294	0.0
3250	0.000929798884414647
3251	0.0010010973926693279
1757	0.00010796746879053949
3252	0.005344430777244758
1339	0.0
3253	0.00819093022922389
3254	0.0016730615461941168
2773	0.0004673720217305259
3255	0.00728127695945272
2807	9.973489751146226e-06
3256	0.007063272250062442
3257	0.0006347544856148001
2427	0.0
1395	0.0
1879	0.0
221	0.0
3258	0.010602345062497614
3259	0.0012094181151590016
624	0.0
165	0.0
653	0.00031486476854994595
2644	0.0
2026	2.2565681973259025e-05
1721	9.952370626370872e-06
3260	0.001009973505130819
953	0.0005705583758218067
1411	0.0004992463865641216
2194	0.0
3261	0.0012847045894979813
3262	4.2297915589557145e-05
3263	0.0033095486297278457
3264	0.005747321677777859
1292	0.0
913	0.0
1855	4.7048827324206085e-05
3265	0.002264871037037046
2763	0.0
3266	0.001437668101844091
3267	0.0016807869486693606
3268	0.001961449709899212
3269	0.0022351491742812254
234	6.522382969989288e-07
1804	0.0
3270	0.001365174350140184
2124	0.0
3271	0.016203079247671507
1236	6.120236338980841e-05
1805	0.0
1013	3.6947951715058524e-05
1214	0.00018454184209486252
1036	0.0
823	0.0
110	0.0
3272	0.0011757567765194724
3273	0.0019272526685988264
1874	0.0
2276	0.0
518	0.0
3274	0.0009301255231669499
2673	0.0
3275	0.0010187599483006914
1264	0.0
1218	0.0
3276	0.03498568025364664
3277	0.004006893823448479
1785	0.0
2032	0.0
1767	0.0
2477	0.0
2608	0.0
1374	6.474069806667038e-05
114	0.0
1928	0.0
2630	0.0
2189	0.0
1900	0.0
1814	0.0
2754	0.0
1733	0.0
1890	0.0
1986	0.0
1942	0.0
2544	0.00010567568660743419
1742	0.0
2382	0.0
732	0.0
172	0.00022566391167376382
1828	0.0
2200	0.0
2302	0.0
3278	0.008061941692647978
3279	0.004141328747791244
36	0.0
1001	0.0
1086	0.0
1517	0.0
3280	0.0022143555595632533
3281	0.0017193725290866415
3282	0.0017536543432405672
1713	0.0
3283	0.00011516885721849037
3284	0.00909134548640042
1992	0.0
698	0.0
2656	0.0
2105	0.0
1833	0.0
2904	0.0
1987	0.0
3285	0.00023992388123270883
3286	0.0038922330243281004
3287	0.002764298485995319
1079	0.0
2572	0.0
3288	0.001425299583470443
3289	0.004035857169807348
2815	0.0
3290	0.007865709041281668
3291	0.005807488555751976
1303	0.0
1106	0.0
1796	0.0
2343	0.0
1765	0.0
2107	0.0
3292	0.008211659641822454
3293	0.004122969831268283
2339	4.6553682893655753e-05
1194	0.0
3294	0.00013486449237248626
3295	0.004382858969320848
2206	0.0
3296	0.0008045514285654928
3297	0.018542682407602235
3298	0.0029894388771837407
620	0.0
1326	9.599896262629765e-06
1020	0.0
2890	0.0
3299	0.0020600933508352582
3300	0.0012173055318967243
1140	0.0
3301	0.004019324628561744
1457	6.437103937691419e-06
3302	0.006746337924929201
3303	0.018860801846711236
2299	0.0
765	0.0
479	0.0
1432	0.0
1961	0.0
2004	0.0
714	0.0
2554	0.0
1154	0.0
2012	0.0
3304	0.0022044057946599745
2566	1.76783950246869e-05
2238	0.0
3305	0.0112297465229267
3306	0.002921739510744427
1903	0.0
2111	1.592098885471108e-05
2540	0.0
1925	0.0
413	0.0
3307	0.005896738728859977
2657	0.0
1650	2.8045202083941462e-05
2372	5.324384914917256e-06
3308	0.003076798879097264
3309	0.0026591933896644815
2255	0.0
3310	0.00010712876148717748
3311	0.003872899397933593
2682	0.0
220	1.7636139907448093e-05
2000	0.0
1888	5.887345735470765e-06
3312	0.001534432341052481
3313	0.004946734249982006
3314	0.008717581690284236
1495	0.0
2500	0.0
2668	0.0
2475	0.0
2041	1.3929655826719791e-06
3315	0.0042280405548639636
3316	0.0058456822450799065
383	0.0
457	0.0
1336	4.757572900534475e-05
195	0.0
831	0.0
1646	0.0
3317	0.007158581055156125
2101	0.0
3318	0.00047668754073758454
3319	0.0013613391511626237
2840	0.0
3320	0.0007805714827284767
3321	0.0037734829825266766
697	0.0
3322	0.0024592500244683497
3323	0.0044142091094213414
763	0.0
612	0.0
3324	0.0017186047363892901
3325	0.0011170923619191018
1794	0.0
3326	0.0016809573945984972
2792	0.0
3327	0.004683599208098661
1119	0.0
3328	0.002250845107758512
1175	0.0
3329	0.00045371163507202403
3330	0.000929798884414647
1412	0.0
3331	0.006572080476068444
3332	0.007142208019633074
1162	3.615810703962769e-05
1239	0.0
3333	0.0019361025367164882
1454	0.0
615	0.0
3334	0.0019384781990908061
3335	0.0021425385624761492
118	0.0
3336	0.003168989396669113
1631	0.0
3337	0.001386847409894446
3338	0.0008863080229363967
3339	0.0025402085837409475
1999	0.0
3340	0.006416225147396748
3341	0.0032379217311066222
1498	0.0
1014	5.227738220656816e-06
1502	0.0
3342	0.0027809370667211558
3343	0.006521982656505026
3344	0.0019399295031495031
572	0.0
1269	0.0
3345	0.00024434501052549045
3346	0.0025179525636833903
2542	0.0
3347	0.0016474019283442929
3348	0.00632067630960779
257	0.0
1039	0.0
3349	0.00025285399499641494
3350	0.0010934771266133772
448	0.0
3351	0.002188007037615781
3352	0.004192711516078326
1258	0.0
3353	0.0033080149571856443
351	0.0
702	0.0
1433	3.7159092401611876e-05
3354	0.0023965912368085415
3355	0.004653761389864033
3356	0.011269239167358136
3357	0.003917161873584622
3358	0.0028290977624313906
347	1.6111775957535153e-05
3359	0.003793356410268532
3360	0.0008342444465444118
1364	0.0
2195	0.0
3361	9.249940148305528e-05
3362	0.0071201897415762725
3363	0.0015660384575790231
47	0.0
3364	0.002062939904373913
3365	0.01035744960945391
2250	0.0
2363	0.0
756	0.0
2492	0.0
1337	0.0
1360	0.0
1813	0.0
1920	0.0
3366	0.004845542843343292
3367	0.0023675152466490455
1983	0.0
2798	0.0
3368	0.0022426632606616496
3369	0.0009931188347889802
3370	0.0009740655367176997
2642	0.0
3371	0.002055601345583224
3372	0.00038249762721506063
1732	0.0
955	0.0
3373	0.0010075923049136508
3374	0.0014897689763392892
3375	0.0016035570744747883
3376	0.00010316415178914616
3377	0.004181152639279568
911	0.0
2093	0.0
2016	0.0
2201	0.0
3378	0.004378400044071087
1246	0.0
174	0.0
1232	0.0
3379	0.0018889656157364597
369	0.0
3380	0.003107072159964169
3381	0.0007781830539908063
3382	0.007580470885304705
1272	0.0
2516	0.0
695	0.0
967	0.0
1266	0.0
3383	0.004679541048479601
3384	0.0014616743237408434
2198	0.0
3385	0.004576498849607837
3386	0.0025360846245819687
3387	0.005057659996231373
2617	0.0
2278	0.0
2071	0.0
1199	0.0
3388	0.004816891423349839
3389	0.001085778967054902
3390	0.0019342075591136435
56	0.0
3391	0.001883544419982538
3392	0.003725915397884192
3393	0.007105709783216968
145	0.0
545	0.0
3394	0.006072406118164782
3395	0.007524302081423441
1508	0.0
3396	0.004696416621824469
1849	0.0
408	0.0
3397	0.0006727276855295902
3398	0.004952796273024225
932	0.0
2526	0.0
3399	0.0002915530274283124
3400	0.0012449100721867023
3401	0.0017899574321881364
1056	0.0
1198	0.0
3402	0.009030403052040364
1467	0.0
3403	0.0008278555531597737
3404	0.004075068185203312
3405	0.0038801888972671106
991	0.0
614	0.0
3406	0.003584291808185734
3407	0.0010128856649545693
276	0.0
3408	0.0016592510813304062
3409	0.02679613648200167
1338	0.0
156	0.0
636	0.0
354	0.0
493	0.0
1417	0.0
1267	0.0
1665	0.0
1428	0.0
44	0.0
1894	0.0
240	0.0
200	0.0
