1615	0.0018613308515588647
2909	0.007910656119125175
1774	0.002791996277338297
685	0.0018613308515588647
2385	0.002326663564448581
1549	0.0013959981386691485
1290	0.00046533271288971617
1170	0.003257328990228013
2028	0.005118659841786877
724	0.0013959981386691485
2379	0.0018613308515588647
1105	0.0009306654257794323
2910	0.004187994416007446
2911	0.004187994416007446
649	0.013029315960912053
132	0.005118659841786877
406	0.008375988832014892
94	0.042345276872964174
189	0.042345276872964174
106	0.044206607724523034
871	0.00046533271288971617
2728	0.002326663564448581
40	0.04141461144718474
2912	0.006049325267566311
75	0.012098650535132621
541	0.0018613308515588647
2702	0.0009306654257794323
138	0.009306654257794323
384	0.0172173103769195
2438	0.0009306654257794323
1062	0.0013959981386691485
565	0.002791996277338297
101	0.0144253140995812
1694	0.003257328990228013
405	0.0018613308515588647
404	0.0009306654257794323
2913	0.010237319683573755
21	0.09306654257794324
232	0.007910656119125175
34	0.02187063750581666
912	0.00046533271288971617
179	0.011633317822242905
350	0.0018613308515588647
1222	0.013959981386691484
357	0.011633317822242905
211	0.004187994416007446
9	0.02791996277338297
63	0.04467194043741275
1776	0.0009306654257794323
309	0.004653327128897162
2736	0.0009306654257794323
1128	0.0013959981386691485
366	0.018613308515588647
1325	0.003257328990228013
2704	0.0009306654257794323
689	0.0018613308515588647
1074	0.00046533271288971617
42	0.002326663564448581
2914	0.008375988832014892
1180	0.0009306654257794323
2489	0.00046533271288971617
292	0.006514657980456026
1877	0.002791996277338297
274	0.008841321544904607
278	0.007910656119125175
2095	0.0013959981386691485
687	0.003257328990228013
2261	0.0013959981386691485
595	0.003257328990228013
726	0.003257328990228013
1876	0.0018613308515588647
409	0.004653327128897162
252	0.014890646812470917
713	0.0018613308515588647
2915	0.007910656119125175
858	0.006514657980456026
552	0.0013959981386691485
891	0.0018613308515588647
2076	0.0018613308515588647
2715	0.0009306654257794323
2073	0.00046533271288971617
928	0.007445323406235459
243	0.00046533271288971617
1963	0.00046533271288971617
2002	0.0013959981386691485
979	0.0013959981386691485
2202	0.0009306654257794323
2916	0.008375988832014892
1955	0.0009306654257794323
217	0.003257328990228013
1740	0.0013959981386691485
2371	0.00046533271288971617
2177	0.00046533271288971617
2057	0.0013959981386691485
851	0.0009306654257794323
1470	0.00046533271288971617
1371	0.0009306654257794323
2176	0.00046533271288971617
1160	0.0013959981386691485
2527	0.00046533271288971617
450	0.0009306654257794323
2917	0.005583992554676594
1662	0.0013959981386691485
1919	0.0009306654257794323
618	0.0018613308515588647
1394	0.0013959981386691485
2918	0.003257328990228013
26	0.0018613308515588647
2241	0.00046533271288971617
1625	0.004187994416007446
508	0.004653327128897162
314	0.0037226617031177293
2919	0.006049325267566311
1259	0.004653327128897162
1424	0.004653327128897162
7	0.004653327128897162
538	0.0009306654257794323
996	0.0018613308515588647
969	0.0013959981386691485
112	0.02652396463471382
1775	0.0018613308515588647
1383	0.0018613308515588647
2920	0.004653327128897162
2921	0.002791996277338297
371	0.005118659841786877
2180	0.0018613308515588647
139	0.00046533271288971617
1043	0.0018613308515588647
1308	0.0018613308515588647
2718	0.0009306654257794323
2922	0.0013959981386691485
481	0.006979990693345742
2923	0.003257328990228013
1915	0.0018613308515588647
2515	0.00046533271288971617
875	0.0018613308515588647
503	0.0009306654257794323
2924	0.002326663564448581
818	0.004187994416007446
1583	0.0009306654257794323
1529	0.005118659841786877
2925	0.004187994416007446
2182	0.004653327128897162
2455	0.003257328990228013
1030	0.00046533271288971617
1333	0.005118659841786877
1386	0.002791996277338297
1178	0.002326663564448581
184	0.004653327128897162
2926	0.002791996277338297
2927	0.009306654257794323
1065	0.0009306654257794323
1845	0.0009306654257794323
1127	0.0009306654257794323
1821	0.002791996277338297
739	0.0013959981386691485
762	0.002326663564448581
1073	0.002326663564448581
294	0.003257328990228013
1719	0.0013959981386691485
1587	0.00046533271288971617
329	0.0018613308515588647
1291	0.0009306654257794323
269	0.004187994416007446
1898	0.00046533271288971617
1060	0.0013959981386691485
2928	0.005118659841786877
2929	0.005583992554676594
1505	0.003257328990228013
1506	0.003257328990228013
69	0.044206607724523034
2633	0.0009306654257794323
2930	0.0009306654257794323
2931	0.005118659841786877
1482	0.0013959981386691485
632	0.0013959981386691485
764	0.002791996277338297
787	0.0018613308515588647
1131	0.00046533271288971617
471	0.0009306654257794323
509	0.006514657980456026
1033	0.0018613308515588647
2932	0.017682643089809214
2933	0.002791996277338297
797	0.0018613308515588647
208	0.0009306654257794323
1203	0.0018613308515588647
1442	0.0009306654257794323
2187	0.0013959981386691485
1881	0.00046533271288971617
1400	0.0009306654257794323
1042	0.0018613308515588647
637	0.0013959981386691485
550	0.0013959981386691485
340	0.0037226617031177293
908	0.0037226617031177293
2503	0.0018613308515588647
2229	0.0009306654257794323
1134	0.0009306654257794323
192	0.002791996277338297
2070	0.0018613308515588647
1274	0.0018613308515588647
2021	0.00046533271288971617
237	0.004653327128897162
738	0.0009306654257794323
306	0.005583992554676594
32	0.003257328990228013
35	0.002326663564448581
1621	0.002791996277338297
2295	0.0018613308515588647
1516	0.0013959981386691485
727	0.0013959981386691485
2934	0.006049325267566311
2935	0.013029315960912053
881	0.0009306654257794323
2	0.006979990693345742
2292	0.002791996277338297
1046	0.00046533271288971617
2074	0.00046533271288971617
819	0.0013959981386691485
293	0.00046533271288971617
2151	0.00046533271288971617
1941	0.0009306654257794323
774	0.0013959981386691485
387	0.0009306654257794323
1689	0.0018613308515588647
27	0.002326663564448581
2426	0.0009306654257794323
1054	0.0009306654257794323
378	0.00046533271288971617
1510	0.0009306654257794323
1146	0.0013959981386691485
1577	0.0013959981386691485
1609	0.00046533271288971617
1707	0.0009306654257794323
2738	0.0009306654257794323
386	0.0037226617031177293
1978	0.002326663564448581
307	0.0009306654257794323
191	0.004653327128897162
2936	0.002326663564448581
2937	0.002791996277338297
2938	0.0009306654257794323
181	0.0013959981386691485
113	0.0144253140995812
260	0.0013959981386691485
394	0.002791996277338297
2939	0.002791996277338297
1286	0.003257328990228013
1045	0.004653327128897162
2940	0.003257328990228013
2941	0.0018613308515588647
1385	0.0013959981386691485
2181	0.0013959981386691485
2942	0.004653327128897162
601	0.008375988832014892
2108	0.0018613308515588647
134	0.013029315960912053
791	0.004187994416007446
876	0.007910656119125175
1589	0.00046533271288971617
869	0.0009306654257794323
2943	0.008841321544904607
161	0.0013959981386691485
1749	0.007445323406235459
758	0.004187994416007446
25	0.009306654257794323
30	0.0018613308515588647
338	0.006049325267566311
1302	0.002326663564448581
379	0.002326663564448581
1055	0.0018613308515588647
943	0.00046533271288971617
2944	0.008375988832014892
98	0.004653327128897162
950	0.0018613308515588647
388	0.010237319683573755
617	0.007445323406235459
231	0.004187994416007446
426	0.013029315960912053
23	0.012098650535132621
494	0.007445323406235459
999	0.005583992554676594
48	0.0172173103769195
1844	0.005583992554676594
61	0.0172173103769195
157	0.009306654257794323
201	0.01349464867380177
2945	0.009306654257794323
2946	0.005118659841786877
1700	0.0018613308515588647
97	0.00046533271288971617
497	0.0018613308515588647
980	0.006049325267566311
536	0.00046533271288971617
272	0.006979990693345742
268	0.006049325267566311
400	0.011633317822242905
781	0.00046533271288971617
705	0.002326663564448581
1224	0.0037226617031177293
151	0.004187994416007446
510	0.005583992554676594
1270	0.005118659841786877
2947	0.010702652396463471
2948	0.007910656119125175
334	0.0018613308515588647
24	0.0037226617031177293
1063	0.002326663564448581
490	0.0013959981386691485
146	0.0018613308515588647
353	0.003257328990228013
467	0.003257328990228013
264	0.002326663564448581
569	0.0037226617031177293
703	0.0013959981386691485
299	0.00977198697068404
688	0.0009306654257794323
2174	0.00046533271288971617
1724	0.0013959981386691485
1121	0.0009306654257794323
318	0.002791996277338297
1398	0.00046533271288971617
1910	0.002791996277338297
657	0.006514657980456026
1551	0.0009306654257794323
822	0.016751977664029784
2949	0.002791996277338297
2799	0.00046533271288971617
2522	0.00046533271288971617
2061	0.0013959981386691485
2950	0.003257328990228013
142	0.003257328990228013
285	0.006979990693345742
1500	0.00046533271288971617
2951	0.0018613308515588647
796	0.005583992554676594
749	0.005118659841786877
1379	0.006049325267566311
2952	0.004187994416007446
525	0.00046533271288971617
559	0.003257328990228013
322	0.014890646812470917
582	0.0037226617031177293
2953	0.0013959981386691485
2954	0.002791996277338297
2955	0.0037226617031177293
2745	0.00046533271288971617
53	0.0037226617031177293
1346	0.0009306654257794323
2956	0.0018613308515588647
2957	0.002791996277338297
1884	0.00046533271288971617
1525	0.00046533271288971617
2509	0.0009306654257794323
2958	0.0018613308515588647
592	0.002791996277338297
985	0.002791996277338297
2959	0.0172173103769195
45	0.002326663564448581
2762	0.00046533271288971617
403	0.008841321544904607
548	0.00977198697068404
721	0.0009306654257794323
2226	0.002326663564448581
492	0.0013959981386691485
182	0.0009306654257794323
629	0.007910656119125175
33	0.006049325267566311
1399	0.003257328990228013
691	0.008841321544904607
895	0.002326663564448581
2679	0.0009306654257794323
730	0.008841321544904607
236	0.0009306654257794323
43	0.009306654257794323
119	0.010237319683573755
2960	0.0009306654257794323
2303	0.0013959981386691485
2395	0.0013959981386691485
2961	0.012098650535132621
2962	0.004187994416007446
1637	0.0018613308515588647
1899	0.00046533271288971617
1015	0.002326663564448581
392	0.007910656119125175
1084	0.002326663564448581
1157	0.0013959981386691485
1862	0.00046533271288971617
95	0.005583992554676594
1380	0.00046533271288971617
20	0.0037226617031177293
665	0.0013959981386691485
108	0.002326663564448581
590	0.0013959981386691485
1237	0.005583992554676594
886	0.003257328990228013
731	0.0037226617031177293
792	0.004187994416007446
434	0.004187994416007446
889	0.004653327128897162
185	0.0018613308515588647
1216	0.0009306654257794323
708	0.004653327128897162
91	0.00046533271288971617
2963	0.002791996277338297
2964	0.020009306654257795
123	0.005118659841786877
282	0.008841321544904607
1783	0.004187994416007446
1248	0.005118659841786877
327	0.004653327128897162
325	0.005583992554676594
519	0.008375988832014892
1153	0.005583992554676594
311	0.00046533271288971617
651	0.004187994416007446
566	0.006049325267566311
391	0.0037226617031177293
2965	0.004187994416007446
894	0.0009306654257794323
686	0.005583992554676594
1406	0.0009306654257794323
882	0.0018613308515588647
67	0.004653327128897162
2966	0.011167985109353188
188	0.0009306654257794323
1034	0.00046533271288971617
499	0.0013959981386691485
845	0.0018613308515588647
1488	0.002326663564448581
1027	0.0009306654257794323
1405	0.0018613308515588647
1715	0.00046533271288971617
681	0.00046533271288971617
694	0.00046533271288971617
1002	0.0009306654257794323
1240	0.0009306654257794323
557	0.002791996277338297
1840	0.002326663564448581
1452	0.0009306654257794323
464	0.0009306654257794323
553	0.002326663564448581
2967	0.006049325267566311
2968	0.0037226617031177293
2625	0.0009306654257794323
1622	0.00046533271288971617
407	0.0009306654257794323
475	0.0013959981386691485
2969	0.012563983248022336
2970	0.008375988832014892
625	0.003257328990228013
424	0.0018613308515588647
477	0.0018613308515588647
1330	0.0009306654257794323
504	0.00046533271288971617
2662	0.0013959981386691485
776	0.0009306654257794323
2144	0.002326663564448581
223	0.0018613308515588647
1449	0.0018613308515588647
153	0.00046533271288971617
1437	0.00046533271288971617
1143	0.0018613308515588647
1523	0.0009306654257794323
1107	0.00046533271288971617
1021	0.002326663564448581
2441	0.0009306654257794323
1273	0.0009306654257794323
1851	0.00046533271288971617
2158	0.0009306654257794323
814	0.0037226617031177293
975	0.002326663564448581
1050	0.002326663564448581
2367	0.0018613308515588647
454	0.0018613308515588647
222	0.00046533271288971617
2145	0.002791996277338297
126	0.004187994416007446
2971	0.006979990693345742
2972	0.028385295486272687
1377	0.002326663564448581
2421	0.00046533271288971617
892	0.0009306654257794323
1147	0.0009306654257794323
670	0.0013959981386691485
682	0.0018613308515588647
284	0.0018613308515588647
402	0.002326663564448581
1124	0.005583992554676594
753	0.0009306654257794323
1212	0.0018613308515588647
1606	0.002791996277338297
1859	0.0013959981386691485
275	0.002791996277338297
1159	0.003257328990228013
1114	0.0013959981386691485
446	0.006979990693345742
473	0.0018613308515588647
547	0.0009306654257794323
1660	0.0013959981386691485
82	0.002326663564448581
111	0.0037226617031177293
136	0.0009306654257794323
658	0.003257328990228013
1803	0.002791996277338297
46	0.0018613308515588647
440	0.0018613308515588647
5	0.0013959981386691485
1632	0.0013959981386691485
1016	0.00046533271288971617
849	0.0018613308515588647
771	0.0013959981386691485
887	0.0013959981386691485
1748	0.0018613308515588647
810	0.0018613308515588647
1802	0.0009306654257794323
396	0.002326663564448581
99	0.004187994416007446
2973	0.004653327128897162
2213	0.00046533271288971617
1324	0.0009306654257794323
2974	0.007445323406235459
435	0.002326663564448581
801	0.0013959981386691485
1744	0.0018613308515588647
1485	0.002791996277338297
376	0.0018613308515588647
2975	0.00046533271288971617
2976	0.004653327128897162
2857	0.00046533271288971617
109	0.004653327128897162
6	0.0037226617031177293
680	0.0013959981386691485
13	0.00046533271288971617
2977	0.005118659841786877
2978	0.007910656119125175
2606	0.00046533271288971617
619	0.0009306654257794323
1857	0.0009306654257794323
1080	0.0013959981386691485
137	0.002326663564448581
2203	0.0018613308515588647
127	0.0009306654257794323
1764	0.0013959981386691485
987	0.00046533271288971617
655	0.0009306654257794323
417	0.0018613308515588647
2117	0.0013959981386691485
2979	0.01954397394136808
2482	0.00046533271288971617
2244	0.00046533271288971617
1629	0.00046533271288971617
788	0.0013959981386691485
1310	0.0009306654257794323
1322	0.00046533271288971617
1563	0.0009306654257794323
2486	0.0009306654257794323
1676	0.0009306654257794323
244	0.0018613308515588647
216	0.00046533271288971617
1040	0.00046533271288971617
570	0.00046533271288971617
1483	0.00046533271288971617
1597	0.00046533271288971617
1527	0.00046533271288971617
2433	0.0009306654257794323
1058	0.00046533271288971617
1208	0.0009306654257794323
323	0.00046533271288971617
2143	0.00046533271288971617
752	0.00046533271288971617
1407	0.0018613308515588647
168	0.00046533271288971617
1151	0.00046533271288971617
1530	0.00046533271288971617
1419	0.00046533271288971617
1520	0.00046533271288971617
532	0.0018613308515588647
410	0.00046533271288971617
62	0.0013959981386691485
2980	0.004187994416007446
472	0.00046533271288971617
676	0.003257328990228013
2570	0.002326663564448581
254	0.0009306654257794323
2981	0.004187994416007446
2806	0.00046533271288971617
1006	0.004653327128897162
2982	0.002326663564448581
630	0.00046533271288971617
444	0.004653327128897162
2983	0.01907864122847836
2984	0.018613308515588647
502	0.003257328990228013
326	0.0037226617031177293
585	0.003257328990228013
2562	0.0013959981386691485
1359	0.007445323406235459
1912	0.00046533271288971617
951	0.002791996277338297
226	0.0009306654257794323
603	0.0018613308515588647
1103	0.002791996277338297
389	0.0013959981386691485
1834	0.0037226617031177293
2033	0.002326663564448581
215	0.005118659841786877
650	0.002326663564448581
447	0.004187994416007446
759	0.004653327128897162
1426	0.0018613308515588647
81	0.002791996277338297
2153	0.0009306654257794323
1352	0.0013959981386691485
1885	0.00046533271288971617
1023	0.006049325267566311
1207	0.004187994416007446
838	0.0009306654257794323
2985	0.006049325267566311
1148	0.006514657980456026
1415	0.0009306654257794323
1445	0.0037226617031177293
1139	0.0018613308515588647
1092	0.00046533271288971617
147	0.0009306654257794323
2986	0.004187994416007446
2987	0.015355979525360634
817	0.0009306654257794323
983	0.002326663564448581
2082	0.0009306654257794323
864	0.00046533271288971617
716	0.005583992554676594
737	0.0037226617031177293
1031	0.004653327128897162
1913	0.0009306654257794323
935	0.00046533271288971617
14	0.0009306654257794323
1793	0.0009306654257794323
2552	0.00046533271288971617
1564	0.004187994416007446
19	0.0037226617031177293
16	0.004653327128897162
2988	0.003257328990228013
344	0.0037226617031177293
316	0.003257328990228013
2138	0.002326663564448581
423	0.0009306654257794323
2989	0.02187063750581666
2990	0.020009306654257795
1882	0.00046533271288971617
1137	0.0013959981386691485
2288	0.0009306654257794323
1465	0.0009306654257794323
491	0.0009306654257794323
2400	0.0013959981386691485
70	0.002791996277338297
462	0.0037226617031177293
335	0.006514657980456026
1593	0.0018613308515588647
766	0.003257328990228013
857	0.003257328990228013
830	0.00046533271288971617
463	0.002791996277338297
594	0.0013959981386691485
1967	0.00046533271288971617
486	0.0018613308515588647
1871	0.0009306654257794323
361	0.00046533271288971617
613	0.002791996277338297
2649	0.0009306654257794323
1387	0.00046533271288971617
1115	0.002791996277338297
2685	0.0018613308515588647
556	0.002791996277338297
1534	0.0009306654257794323
1123	0.004187994416007446
2537	0.0018613308515588647
1320	0.0009306654257794323
290	0.004653327128897162
1211	0.00046533271288971617
333	0.00046533271288971617
2719	0.0009306654257794323
1486	0.0013959981386691485
554	0.0009306654257794323
2305	0.0018613308515588647
1536	0.0018613308515588647
575	0.0013959981386691485
102	0.0018613308515588647
438	0.0013959981386691485
883	0.002326663564448581
1112	0.002791996277338297
1677	0.0013959981386691485
2991	0.008375988832014892
2750	0.00046533271288971617
420	0.00046533271288971617
273	0.0009306654257794323
207	0.00046533271288971617
2992	0.007445323406235459
2993	0.0037226617031177293
2456	0.0009306654257794323
2128	0.0013959981386691485
2240	0.0009306654257794323
678	0.002791996277338297
1739	0.00046533271288971617
1503	0.0018613308515588647
2994	0.003257328990228013
2995	0.007445323406235459
1959	0.0013959981386691485
295	0.0009306654257794323
535	0.002326663564448581
2996	0.002791996277338297
346	0.0009306654257794323
2997	0.006979990693345742
1176	0.0037226617031177293
890	0.00046533271288971617
872	0.005583992554676594
929	0.0013959981386691485
701	0.002326663564448581
2998	0.006049325267566311
485	0.002791996277338297
579	0.0018613308515588647
1695	0.002326663564448581
1673	0.0013959981386691485
1413	0.0009306654257794323
2999	0.005118659841786877
3000	0.007445323406235459
79	0.0037226617031177293
2029	0.0037226617031177293
3001	0.008841321544904607
1584	0.0013959981386691485
1120	0.0018613308515588647
289	0.0009306654257794323
1620	0.0018613308515588647
2404	0.0018613308515588647
3002	0.004187994416007446
1553	0.00046533271288971617
468	0.002326663564448581
794	0.0018613308515588647
159	0.003257328990228013
1341	0.00046533271288971617
3003	0.002326663564448581
513	0.005583992554676594
4	0.0037226617031177293
3004	0.008375988832014892
1022	0.00046533271288971617
380	0.0018613308515588647
1391	0.0009306654257794323
1717	0.0009306654257794323
373	0.0009306654257794323
2221	0.00046533271288971617
853	0.0013959981386691485
416	0.004653327128897162
836	0.0013959981386691485
186	0.0018613308515588647
3005	0.048394602140530485
1812	0.00046533271288971617
549	0.0009306654257794323
1652	0.00046533271288971617
2275	0.00046533271288971617
1019	0.00046533271288971617
2253	0.0013959981386691485
954	0.00046533271288971617
2361	0.00046533271288971617
746	0.002791996277338297
683	0.0009306654257794323
1305	0.0009306654257794323
966	0.00046533271288971617
2051	0.00046533271288971617
2607	0.00046533271288971617
2450	0.00046533271288971617
461	0.00046533271288971617
720	0.00046533271288971617
529	0.0013959981386691485
1991	0.00046533271288971617
2227	0.00046533271288971617
1595	0.0009306654257794323
1723	0.0013959981386691485
1309	0.0009306654257794323
154	0.0009306654257794323
1145	0.00046533271288971617
1028	0.0009306654257794323
1619	0.00046533271288971617
621	0.00046533271288971617
2725	0.00046533271288971617
1661	0.00046533271288971617
480	0.0009306654257794323
2232	0.0009306654257794323
1669	0.00046533271288971617
2165	0.0013959981386691485
1066	0.00046533271288971617
2430	0.0009306654257794323
1799	0.0009306654257794323
266	0.0009306654257794323
296	0.0009306654257794323
839	0.00046533271288971617
1556	0.00046533271288971617
1779	0.0009306654257794323
2154	0.0009306654257794323
1068	0.0009306654257794323
1253	0.00046533271288971617
622	0.00046533271288971617
2402	0.0013959981386691485
1972	0.0018613308515588647
2464	0.00046533271288971617
1241	0.0009306654257794323
370	0.0009306654257794323
1351	0.0009306654257794323
772	0.00046533271288971617
1049	0.0013959981386691485
1378	0.0013959981386691485
1846	0.00046533271288971617
253	0.0009306654257794323
58	0.00046533271288971617
639	0.00046533271288971617
2171	0.00046533271288971617
1571	0.00046533271288971617
1029	0.0009306654257794323
1098	0.0009306654257794323
645	0.0018613308515588647
2172	0.0009306654257794323
2170	0.00046533271288971617
2697	0.0009306654257794323
1586	0.006049325267566311
367	0.00046533271288971617
324	0.0009306654257794323
1829	0.0009306654257794323
873	0.0013959981386691485
1568	0.00046533271288971617
1130	0.0009306654257794323
2008	0.0013959981386691485
8	0.00046533271288971617
3006	0.006049325267566311
1636	0.0013959981386691485
1108	0.0009306654257794323
1179	0.00046533271288971617
2354	0.00046533271288971617
3007	0.006979990693345742
3008	0.008375988832014892
255	0.002326663564448581
984	0.0009306654257794323
534	0.00046533271288971617
2024	0.0009306654257794323
775	0.0009306654257794323
1372	0.0018613308515588647
815	0.0013959981386691485
1533	0.0009306654257794323
1283	0.002326663564448581
3009	0.006049325267566311
368	0.0013959981386691485
1247	0.0009306654257794323
1728	0.00046533271288971617
2410	0.00046533271288971617
317	0.0013959981386691485
1472	0.0013959981386691485
1535	0.003257328990228013
3010	0.00977198697068404
2185	0.00046533271288971617
1854	0.0013959981386691485
2447	0.0013959981386691485
2601	0.0009306654257794323
3011	0.007445323406235459
1918	0.0009306654257794323
3012	0.007445323406235459
0	0.002326663564448581
2587	0.0013959981386691485
3013	0.0018613308515588647
3014	0.004653327128897162
3015	0.008375988832014892
976	0.0013959981386691485
263	0.002791996277338297
3016	0.017682643089809214
1617	0.0018613308515588647
2079	0.0018613308515588647
2451	0.0009306654257794323
1958	0.00046533271288971617
1759	0.0009306654257794323
2102	0.00046533271288971617
93	0.0009306654257794323
2113	0.00046533271288971617
998	0.0013959981386691485
568	0.0018613308515588647
604	0.00046533271288971617
2590	0.0009306654257794323
964	0.0009306654257794323
2298	0.0009306654257794323
606	0.003257328990228013
605	0.0013959981386691485
2078	0.00046533271288971617
3017	0.002326663564448581
3018	0.006049325267566311
909	0.0018613308515588647
341	0.0009306654257794323
38	0.006049325267566311
3019	0.013959981386691484
2092	0.002326663564448581
2072	0.0013959981386691485
2419	0.00046533271288971617
283	0.002791996277338297
2205	0.0018613308515588647
173	0.007445323406235459
330	0.002326663564448581
3020	0.015355979525360634
2031	0.003257328990228013
1276	0.002791996277338297
2131	0.0018613308515588647
92	0.0013959981386691485
1345	0.0013959981386691485
809	0.0018613308515588647
562	0.004653327128897162
1448	0.00046533271288971617
31	0.0009306654257794323
3021	0.02652396463471382
667	0.0037226617031177293
1670	0.003257328990228013
1277	0.0009306654257794323
1254	0.0018613308515588647
576	0.0013959981386691485
279	0.003257328990228013
1206	0.005583992554676594
542	0.0013959981386691485
1949	0.0009306654257794323
496	0.0018613308515588647
2408	0.0009306654257794323
514	0.0018613308515588647
2030	0.0018613308515588647
1446	0.0013959981386691485
2067	0.0013959981386691485
1938	0.00046533271288971617
1091	0.0009306654257794323
2110	0.00046533271288971617
1169	0.00046533271288971617
947	0.0013959981386691485
169	0.004653327128897162
704	0.002326663564448581
587	0.002326663564448581
277	0.003257328990228013
1196	0.0009306654257794323
1543	0.00046533271288971617
707	0.0009306654257794323
3022	0.008841321544904607
2598	0.00046533271288971617
1526	0.0009306654257794323
1155	0.00046533271288971617
3023	0.01954397394136808
3024	0.00977198697068404
1826	0.0009306654257794323
861	0.0013959981386691485
68	0.00046533271288971617
602	0.0013959981386691485
546	0.002791996277338297
921	0.0018613308515588647
1476	0.0013959981386691485
262	0.0013959981386691485
451	0.002326663564448581
1893	0.0018613308515588647
199	0.0009306654257794323
647	0.0009306654257794323
414	0.0013959981386691485
1985	0.003257328990228013
218	0.0009306654257794323
238	0.002326663564448581
320	0.0018613308515588647
1572	0.0009306654257794323
1423	0.002791996277338297
521	0.0009306654257794323
2044	0.0009306654257794323
2196	0.0013959981386691485
1781	0.0013959981386691485
1381	0.0018613308515588647
812	0.002326663564448581
1300	0.00046533271288971617
863	0.0009306654257794323
107	0.0013959981386691485
50	0.002326663564448581
3025	0.006979990693345742
3026	0.004653327128897162
784	0.0013959981386691485
2768	0.00046533271288971617
1217	0.00046533271288971617
2050	0.0009306654257794323
436	0.00046533271288971617
1281	0.00046533271288971617
1376	0.0009306654257794323
1841	0.00046533271288971617
1435	0.00046533271288971617
3027	0.005118659841786877
1183	0.0009306654257794323
1182	0.0013959981386691485
3028	0.012098650535132621
2521	0.0013959981386691485
2374	0.0013959981386691485
1684	0.006049325267566311
1113	0.00046533271288971617
401	0.00046533271288971617
3029	0.006979990693345742
1484	0.002326663564448581
1878	0.002326663564448581
635	0.00046533271288971617
3030	0.002791996277338297
3031	0.004187994416007446
3032	0.0018613308515588647
2412	0.0009306654257794323
654	0.0013959981386691485
1612	0.0009306654257794323
3033	0.010702652396463471
1810	0.0013959981386691485
905	0.0013959981386691485
968	0.002326663564448581
855	0.00046533271288971617
1545	0.0013959981386691485
1550	0.0013959981386691485
644	0.0018613308515588647
511	0.0013959981386691485
261	0.0009306654257794323
2452	0.0013959981386691485
972	0.0009306654257794323
2162	0.0009306654257794323
3034	0.002791996277338297
3035	0.007910656119125175
3036	0.017682643089809214
180	0.0018613308515588647
2337	0.0009306654257794323
2161	0.0013959981386691485
952	0.002326663564448581
1110	0.0013959981386691485
564	0.004653327128897162
1230	0.0013959981386691485
859	0.002326663564448581
1447	0.0009306654257794323
1099	0.0013959981386691485
981	0.00046533271288971617
3037	0.004653327128897162
2465	0.0009306654257794323
166	0.0009306654257794323
3038	0.008841321544904607
2133	0.0009306654257794323
3039	0.007445323406235459
1347	0.0009306654257794323
1125	0.0009306654257794323
1698	0.002326663564448581
1163	0.0009306654257794323
3040	0.006514657980456026
723	0.0009306654257794323
177	0.0009306654257794323
1734	0.0037226617031177293
3041	0.008375988832014892
3042	0.007445323406235459
1790	0.0013959981386691485
1096	0.0018613308515588647
176	0.0013959981386691485
874	0.0009306654257794323
88	0.012098650535132621
3043	0.012098650535132621
717	0.003257328990228013
807	0.0018613308515588647
1071	0.00046533271288971617
3044	0.005583992554676594
1118	0.0009306654257794323
2755	0.00046533271288971617
2168	0.00046533271288971617
476	0.0013959981386691485
1012	0.00046533271288971617
1285	0.00046533271288971617
3045	0.002326663564448581
3046	0.006049325267566311
3047	0.010237319683573755
520	0.0009306654257794323
443	0.0018613308515588647
28	0.002326663564448581
1581	0.0018613308515588647
442	0.002326663564448581
2167	0.0013959981386691485
3048	0.0013959981386691485
3049	0.0009306654257794323
3050	0.0037226617031177293
850	0.00046533271288971617
1522	0.0018613308515588647
3051	0.011167985109353188
3052	0.005583992554676594
696	0.0009306654257794323
1773	0.0009306654257794323
1408	0.00046533271288971617
2621	0.0013959981386691485
1582	0.002326663564448581
29	0.0009306654257794323
2127	0.00046533271288971617
1299	0.0009306654257794323
431	0.00046533271288971617
415	0.0013959981386691485
904	0.0018613308515588647
2054	0.0013959981386691485
3053	0.016751977664029784
3054	0.03350395532805957
1838	0.00046533271288971617
1714	0.0009306654257794323
1242	0.0009306654257794323
305	0.0013959981386691485
958	0.0009306654257794323
961	0.0009306654257794323
2132	0.0009306654257794323
355	0.0009306654257794323
1122	0.00046533271288971617
1070	0.0009306654257794323
802	0.00046533271288971617
258	0.0009306654257794323
820	0.002791996277338297
1567	0.002326663564448581
1328	0.0009306654257794323
740	0.00046533271288971617
1173	0.0009306654257794323
782	0.0009306654257794323
1509	0.00046533271288971617
2376	0.0009306654257794323
248	0.00046533271288971617
133	0.00046533271288971617
1747	0.00046533271288971617
2087	0.00046533271288971617
700	0.0009306654257794323
1350	0.00046533271288971617
22	0.0009306654257794323
3055	0.003257328990228013
879	0.00046533271288971617
3056	0.008375988832014892
507	0.00046533271288971617
1820	0.002791996277338297
474	0.00046533271288971617
288	0.00046533271288971617
2362	0.00046533271288971617
1219	0.00046533271288971617
117	0.004187994416007446
1475	0.0018613308515588647
3057	0.005583992554676594
910	0.00046533271288971617
805	0.002326663564448581
128	0.004187994416007446
3058	0.005583992554676594
1977	0.0013959981386691485
1702	0.0018613308515588647
900	0.00046533271288971617
249	0.002791996277338297
487	0.0009306654257794323
2320	0.0018613308515588647
1225	0.0009306654257794323
3059	0.0009306654257794323
418	0.00046533271288971617
3060	0.002791996277338297
3061	0.004187994416007446
1193	0.0013959981386691485
2059	0.00046533271288971617
3062	0.002791996277338297
2838	0.00046533271288971617
1393	0.00046533271288971617
2186	0.00046533271288971617
2655	0.00046533271288971617
924	0.0009306654257794323
3063	0.006979990693345742
86	0.0013959981386691485
224	0.0018613308515588647
1548	0.002326663564448581
3064	0.008375988832014892
3065	0.012563983248022336
230	0.0009306654257794323
1075	0.00046533271288971617
1202	0.00046533271288971617
235	0.00046533271288971617
425	0.0009306654257794323
1729	0.0009306654257794323
988	0.0009306654257794323
1743	0.0018613308515588647
2389	0.00046533271288971617
1037	0.0009306654257794323
1460	0.00046533271288971617
1260	0.00046533271288971617
3066	0.007445323406235459
2296	0.0009306654257794323
2845	0.00046533271288971617
974	0.00046533271288971617
663	0.00046533271288971617
1705	0.00046533271288971617
2564	0.0013959981386691485
3067	0.017682643089809214
2137	0.00046533271288971617
1142	0.0013959981386691485
3068	0.006514657980456026
3069	0.00977198697068404
1944	0.0009306654257794323
1365	0.00046533271288971617
722	0.0018613308515588647
1238	0.0009306654257794323
862	0.002791996277338297
893	0.002791996277338297
1468	0.00046533271288971617
1327	0.002326663564448581
1644	0.002791996277338297
939	0.0013959981386691485
3070	0.007445323406235459
3071	0.00977198697068404
1355	0.0009306654257794323
1753	0.0009306654257794323
87	0.00046533271288971617
2383	0.0009306654257794323
1149	0.0013959981386691485
1806	0.0013959981386691485
2396	0.0009306654257794323
3072	0.008375988832014892
3073	0.013029315960912053
1576	0.00046533271288971617
2788	0.00046533271288971617
197	0.0009306654257794323
693	0.00046533271288971617
1611	0.00046533271288971617
1864	0.00046533271288971617
3074	0.004653327128897162
1363	0.0009306654257794323
1307	0.00046533271288971617
1	0.00046533271288971617
3075	0.005118659841786877
3076	0.004187994416007446
1816	0.0009306654257794323
583	0.0013959981386691485
2381	0.0009306654257794323
628	0.00046533271288971617
3077	0.005118659841786877
3078	0.009306654257794323
1897	0.00046533271288971617
684	0.0018613308515588647
265	0.00046533271288971617
17	0.0009306654257794323
2558	0.0009306654257794323
1048	0.0009306654257794323
196	0.0013959981386691485
3079	0.003257328990228013
2058	0.0013959981386691485
3080	0.005583992554676594
990	0.002326663564448581
3081	0.0018613308515588647
3082	0.01907864122847836
1830	0.00046533271288971617
1555	0.00046533271288971617
1853	0.0013959981386691485
395	0.0009306654257794323
3083	0.006049325267566311
2518	0.0009306654257794323
2423	0.00046533271288971617
3084	0.0288506281991624
3085	0.007910656119125175
1948	0.0013959981386691485
2083	0.0009306654257794323
2217	0.0013959981386691485
1789	0.0013959981386691485
1760	0.0013959981386691485
72	0.0009306654257794323
1429	0.00046533271288971617
352	0.00046533271288971617
1366	0.00046533271288971617
2115	0.0009306654257794323
677	0.0018613308515588647
2081	0.0009306654257794323
2660	0.0018613308515588647
885	0.0009306654257794323
1630	0.0013959981386691485
149	0.0018613308515588647
2235	0.0009306654257794323
2428	0.0018613308515588647
854	0.0009306654257794323
757	0.00046533271288971617
2517	0.00046533271288971617
1010	0.00046533271288971617
1319	0.0009306654257794323
2403	0.0013959981386691485
1382	0.00046533271288971617
381	0.0009306654257794323
3086	0.007910656119125175
1867	0.0013959981386691485
3087	0.01907864122847836
1562	0.0009306654257794323
1425	0.0013959981386691485
1990	0.0009306654257794323
460	0.0018613308515588647
1798	0.0009306654257794323
3088	0.005118659841786877
3089	0.004187994416007446
3090	0.006514657980456026
1053	0.00046533271288971617
183	0.00046533271288971617
610	0.003257328990228013
3091	0.005583992554676594
1005	0.002791996277338297
2097	0.002326663564448581
3092	0.0037226617031177293
2234	0.00046533271288971617
2023	0.0009306654257794323
2700	0.00046533271288971617
3093	0.005583992554676594
3094	0.011167985109353188
452	0.0013959981386691485
2266	0.0009306654257794323
2591	0.00046533271288971617
315	0.00046533271288971617
2274	0.00046533271288971617
1213	0.00046533271288971617
3095	0.004187994416007446
3096	0.0037226617031177293
1129	0.0009306654257794323
2415	0.00046533271288971617
1343	0.002791996277338297
3097	0.006049325267566311
907	0.0009306654257794323
3098	0.011167985109353188
2022	0.0009306654257794323
1358	0.0013959981386691485
1431	0.002326663564448581
946	0.0009306654257794323
1357	0.0009306654257794323
903	0.00046533271288971617
162	0.00046533271288971617
3099	0.005583992554676594
3100	0.016286644951140065
600	0.0009306654257794323
1930	0.002326663564448581
2468	0.00046533271288971617
957	0.0009306654257794323
811	0.0009306654257794323
489	0.00046533271288971617
2080	0.0009306654257794323
150	0.00046533271288971617
206	0.0009306654257794323
821	0.0013959981386691485
2582	0.0009306654257794323
2166	0.0009306654257794323
2609	0.0009306654257794323
3101	0.006514657980456026
661	0.002326663564448581
2752	0.00046533271288971617
1271	0.00046533271288971617
1416	0.0009306654257794323
3102	0.006514657980456026
3103	0.004653327128897162
2191	0.0009306654257794323
2547	0.00046533271288971617
1782	0.0009306654257794323
2156	0.0013959981386691485
3104	0.007910656119125175
936	0.00046533271288971617
1367	0.0009306654257794323
3105	0.004187994416007446
3106	0.009306654257794323
2349	0.00046533271288971617
563	0.00046533271288971617
607	0.0009306654257794323
2019	0.00046533271288971617
1499	0.0009306654257794323
699	0.00046533271288971617
2643	0.0009306654257794323
286	0.002326663564448581
931	0.0009306654257794323
3107	0.006049325267566311
505	0.00046533271288971617
3108	0.002326663564448581
2746	0.00046533271288971617
1296	0.0009306654257794323
2596	0.00046533271288971617
3109	0.006514657980456026
3110	0.004653327128897162
1697	0.0013959981386691485
3111	0.003257328990228013
1649	0.0013959981386691485
3112	0.004187994416007446
3113	0.0037226617031177293
1204	0.0018613308515588647
1557	0.00046533271288971617
116	0.0009306654257794323
1201	0.002326663564448581
397	0.00046533271288971617
2434	0.0013959981386691485
2805	0.00046533271288971617
3114	0.008841321544904607
1934	0.00046533271288971617
76	0.00046533271288971617
3115	0.00977198697068404
3116	0.004653327128897162
3117	0.005583992554676594
2616	0.00046533271288971617
131	0.0013959981386691485
2225	0.00046533271288971617
2688	0.00046533271288971617
3118	0.010702652396463471
3119	0.006049325267566311
783	0.00046533271288971617
1797	0.00046533271288971617
3120	0.005118659841786877
1868	0.002326663564448581
3121	0.007445323406235459
1643	0.0009306654257794323
2175	0.0013959981386691485
1613	0.0018613308515588647
1116	0.0013959981386691485
3122	0.012098650535132621
1519	0.002326663564448581
751	0.0013959981386691485
2317	0.0009306654257794323
2312	0.00046533271288971617
1933	0.003257328990228013
3123	0.007445323406235459
3124	0.011167985109353188
2037	0.0013959981386691485
2513	0.0009306654257794323
2285	0.0009306654257794323
3125	0.008841321544904607
308	0.0018613308515588647
214	0.00046533271288971617
3126	0.007445323406235459
2640	0.0009306654257794323
3127	0.0018613308515588647
848	0.00046533271288971617
2431	0.00046533271288971617
3128	0.010702652396463471
1624	0.0009306654257794323
1932	0.0009306654257794323
374	0.0013959981386691485
3129	0.011633317822242905
2549	0.00046533271288971617
362	0.0018613308515588647
2777	0.0013959981386691485
2387	0.00046533271288971617
3130	0.005583992554676594
3131	0.01349464867380177
1188	0.00046533271288971617
3132	0.00046533271288971617
3133	0.006979990693345742
3134	0.006979990693345742
2279	0.003257328990228013
3135	0.016286644951140065
977	0.0009306654257794323
1195	0.00046533271288971617
1256	0.0009306654257794323
2333	0.0009306654257794323
662	0.00046533271288971617
2576	0.0013959981386691485
2550	0.00046533271288971617
2735	0.0009306654257794323
1100	0.0013959981386691485
3136	0.008375988832014892
3137	0.0018613308515588647
1696	0.0013959981386691485
90	0.0013959981386691485
2742	0.00046533271288971617
3138	0.00046533271288971617
3139	0.00046533271288971617
3140	0.0018613308515588647
3141	0.008841321544904607
3142	0.0018613308515588647
2740	0.00046533271288971617
734	0.0009306654257794323
3143	0.006979990693345742
331	0.0009306654257794323
2891	0.00046533271288971617
2636	0.00046533271288971617
3144	0.002326663564448581
3145	0.0009306654257794323
2693	0.00046533271288971617
1521	0.00046533271288971617
2722	0.00046533271288971617
516	0.00046533271288971617
3146	0.002791996277338297
3147	0.011167985109353188
1889	0.0013959981386691485
3148	0.011167985109353188
3149	0.003257328990228013
2716	0.00046533271288971617
3150	0.02047463936714751
78	0.0013959981386691485
1594	0.0013959981386691485
2490	0.0013959981386691485
841	0.0009306654257794323
2809	0.00046533271288971617
1489	0.00046533271288971617
1490	0.00046533271288971617
1261	0.0009306654257794323
3151	0.005583992554676594
3152	0.006514657980456026
1642	0.00046533271288971617
3153	0.0172173103769195
3154	0.010702652396463471
989	0.00046533271288971617
65	0.0009306654257794323
1228	0.002791996277338297
1404	0.00046533271288971617
85	0.0018613308515588647
824	0.0018613308515588647
1825	0.00046533271288971617
2466	0.00046533271288971617
539	0.0009306654257794323
1579	0.0009306654257794323
1692	0.0009306654257794323
64	0.0009306654257794323
190	0.00046533271288971617
312	0.0009306654257794323
561	0.0009306654257794323
3155	0.003257328990228013
1354	0.00046533271288971617
3156	0.005118659841786877
140	0.00046533271288971617
3157	0.003257328990228013
1979	0.0013959981386691485
3158	0.004187994416007446
3159	0.007910656119125175
1501	0.0009306654257794323
84	0.00046533271288971617
3160	0.0018613308515588647
3161	0.010702652396463471
2369	0.0009306654257794323
348	0.002326663564448581
3162	0.0037226617031177293
3163	0.006049325267566311
2818	0.00046533271288971617
581	0.00046533271288971617
1962	0.00046533271288971617
2485	0.00046533271288971617
2814	0.00046533271288971617
1627	0.00046533271288971617
2319	0.00046533271288971617
2623	0.00046533271288971617
12	0.00046533271288971617
1645	0.00046533271288971617
956	0.00046533271288971617
2163	0.00046533271288971617
501	0.00046533271288971617
846	0.00046533271288971617
2560	0.00046533271288971617
919	0.00046533271288971617
3164	0.010702652396463471
342	0.00046533271288971617
2812	0.00046533271288971617
3165	0.01349464867380177
3166	0.008841321544904607
1011	0.0009306654257794323
441	0.00046533271288971617
2678	0.0009306654257794323
3167	0.0009306654257794323
3168	0.002791996277338297
15	0.00046533271288971617
3169	0.0018613308515588647
3170	0.0018613308515588647
3171	0.006049325267566311
728	0.0009306654257794323
3172	0.002326663564448581
3173	0.002791996277338297
3174	0.013029315960912053
1847	0.0013959981386691485
1348	0.0013959981386691485
2192	0.0013959981386691485
2214	0.00046533271288971617
495	0.0013959981386691485
3175	0.0172173103769195
1418	0.00046533271288971617
777	0.00046533271288971617
3176	0.01954397394136808
377	0.002326663564448581
1704	0.0018613308515588647
1126	0.0013959981386691485
1220	0.0009306654257794323
706	0.0013959981386691485
1370	0.0009306654257794323
332	0.00046533271288971617
3177	0.004653327128897162
3178	0.002791996277338297
3179	0.006049325267566311
1858	0.00046533271288971617
3180	0.014890646812470917
596	0.00046533271288971617
1590	0.0009306654257794323
3181	0.005118659841786877
1614	0.00046533271288971617
2388	0.00046533271288971617
3182	0.002326663564448581
2761	0.0009306654257794323
3183	0.002326663564448581
1818	0.00046533271288971617
3184	0.01582131223825035
3185	0.016751977664029784
2027	0.00046533271288971617
141	0.00046533271288971617
1850	0.0009306654257794323
1852	0.00046533271288971617
1836	0.00046533271288971617
2237	0.0009306654257794323
1384	0.00046533271288971617
779	0.0013959981386691485
530	0.0009306654257794323
194	0.0009306654257794323
1215	0.0009306654257794323
345	0.00046533271288971617
2119	0.0009306654257794323
1109	0.00046533271288971617
2424	0.0009306654257794323
175	0.0009306654257794323
634	0.00046533271288971617
483	0.0009306654257794323
567	0.00046533271288971617
1994	0.00046533271288971617
375	0.0009306654257794323
2311	0.0013959981386691485
524	0.00046533271288971617
89	0.00046533271288971617
1993	0.00046533271288971617
523	0.00046533271288971617
445	0.00046533271288971617
3186	0.008375988832014892
3187	0.004653327128897162
3188	0.002791996277338297
1770	0.00046533271288971617
349	0.0018613308515588647
364	0.00046533271288971617
3189	0.006049325267566311
3190	0.005118659841786877
1808	0.0009306654257794323
902	0.00046533271288971617
2467	0.00046533271288971617
2808	0.00046533271288971617
3191	0.005583992554676594
3192	0.006979990693345742
2834	0.00046533271288971617
3193	0.005118659841786877
3194	0.0144253140995812
897	0.00046533271288971617
1314	0.0009306654257794323
270	0.0013959981386691485
1189	0.00046533271288971617
948	0.0013959981386691485
3195	0.002791996277338297
3196	0.0037226617031177293
1578	0.0013959981386691485
1158	0.00046533271288971617
83	0.00046533271288971617
3197	0.0013959981386691485
2568	0.00046533271288971617
3198	0.004653327128897162
3199	0.005583992554676594
3200	0.008841321544904607
770	0.00046533271288971617
769	0.0009306654257794323
3201	0.009306654257794323
3202	0.008841321544904607
1809	0.00046533271288971617
3203	0.003257328990228013
3204	0.004187994416007446
652	0.00046533271288971617
1316	0.00046533271288971617
2048	0.0009306654257794323
3205	0.005118659841786877
1680	0.0009306654257794323
3206	0.014890646812470917
1356	0.00046533271288971617
1186	0.0013959981386691485
3207	0.00977198697068404
3208	0.017682643089809214
1718	0.0013959981386691485
1964	0.00046533271288971617
506	0.00046533271288971617
1969	0.00046533271288971617
3209	0.00046533271288971617
412	0.0009306654257794323
3210	0.007445323406235459
3211	0.002791996277338297
3212	0.009306654257794323
865	0.0013959981386691485
3213	0.004653327128897162
1007	0.00046533271288971617
3214	0.006979990693345742
3215	0.002791996277338297
459	0.0009306654257794323
3216	0.007445323406235459
3217	0.0144253140995812
833	0.00046533271288971617
121	0.0018613308515588647
1916	0.0009306654257794323
2280	0.00046533271288971617
3218	0.005583992554676594
1284	0.00046533271288971617
2378	0.0009306654257794323
2731	0.0009306654257794323
3219	0.004187994416007446
3220	0.005583992554676594
3221	0.015355979525360634
3222	0.003257328990228013
1003	0.00046533271288971617
1921	0.00046533271288971617
768	0.0009306654257794323
245	0.00046533271288971617
2669	0.0009306654257794323
1111	0.00046533271288971617
213	0.00046533271288971617
3223	0.006049325267566311
3224	0.005118659841786877
1787	0.00046533271288971617
1679	0.00046533271288971617
1172	0.00046533271288971617
1791	0.00046533271288971617
3225	0.002791996277338297
3226	0.007910656119125175
2425	0.0009306654257794323
3227	0.008841321544904607
3228	0.004187994416007446
941	0.00046533271288971617
2885	0.00046533271288971617
1227	0.00046533271288971617
171	0.0018613308515588647
3229	0.006979990693345742
2635	0.00046533271288971617
2703	0.0009306654257794323
3230	0.002326663564448581
3231	0.006979990693345742
1504	0.00046533271288971617
558	0.00046533271288971617
3232	0.006514657980456026
3233	0.007910656119125175
365	0.0013959981386691485
3234	0.006979990693345742
742	0.00046533271288971617
3235	0.006049325267566311
2701	0.00046533271288971617
2759	0.00046533271288971617
1887	0.00046533271288971617
3236	0.002791996277338297
1763	0.00046533271288971617
3237	0.005118659841786877
2330	0.00046533271288971617
1902	0.00046533271288971617
3238	0.006979990693345742
71	0.00046533271288971617
3239	0.012563983248022336
754	0.002791996277338297
3240	0.009306654257794323
2357	0.00046533271288971617
1996	0.00046533271288971617
1788	0.00046533271288971617
3241	0.004187994416007446
1174	0.0009306654257794323
1699	0.00046533271288971617
3242	0.007910656119125175
544	0.0009306654257794323
3243	0.008841321544904607
959	0.00046533271288971617
1004	0.0009306654257794323
227	0.0009306654257794323
1634	0.00046533271288971617
3244	0.011633317822242905
793	0.0009306654257794323
1312	0.0018613308515588647
2009	0.0009306654257794323
2183	0.00046533271288971617
3245	0.012098650535132621
2846	0.00046533271288971617
785	0.00046533271288971617
1335	0.0013959981386691485
1640	0.0009306654257794323
588	0.0009306654257794323
3246	0.012563983248022336
1265	0.00046533271288971617
1279	0.0013959981386691485
3247	0.002791996277338297
3248	0.009306654257794323
2077	0.00046533271288971617
3249	0.0144253140995812
1982	0.00046533271288971617
2483	0.00046533271288971617
1708	0.0013959981386691485
2294	0.00046533271288971617
3250	0.0009306654257794323
3251	0.004187994416007446
1757	0.0018613308515588647
3252	0.008375988832014892
1339	0.00046533271288971617
3253	0.002326663564448581
3254	0.0018613308515588647
2773	0.0009306654257794323
3255	0.008375988832014892
2807	0.0009306654257794323
3256	0.010702652396463471
3257	0.002326663564448581
2427	0.00046533271288971617
1395	0.00046533271288971617
1879	0.00046533271288971617
221	0.00046533271288971617
3258	0.01582131223825035
3259	0.007445323406235459
624	0.00046533271288971617
165	0.00046533271288971617
653	0.0018613308515588647
2644	0.00046533271288971617
2026	0.0009306654257794323
1721	0.0009306654257794323
3260	0.002326663564448581
953	0.0009306654257794323
1411	0.0009306654257794323
2194	0.00046533271288971617
3261	0.007910656119125175
3262	0.0013959981386691485
3263	0.002791996277338297
3264	0.0144253140995812
1292	0.00046533271288971617
913	0.00046533271288971617
1855	0.0009306654257794323
3265	0.005118659841786877
2763	0.00046533271288971617
3266	0.002791996277338297
3267	0.004187994416007446
3268	0.005118659841786877
3269	0.004653327128897162
234	0.0009306654257794323
1804	0.00046533271288971617
3270	0.004187994416007446
2124	0.00046533271288971617
3271	0.021405304792926943
1236	0.0009306654257794323
1805	0.00046533271288971617
1013	0.0009306654257794323
1214	0.0009306654257794323
1036	0.00046533271288971617
823	0.00046533271288971617
110	0.00046533271288971617
3272	0.0018613308515588647
3273	0.002326663564448581
1874	0.00046533271288971617
2276	0.00046533271288971617
518	0.00046533271288971617
3274	0.0018613308515588647
2673	0.00046533271288971617
3275	0.0037226617031177293
1264	0.0009306654257794323
1218	0.00046533271288971617
3276	0.03955328059562587
3277	0.008375988832014892
1785	0.00046533271288971617
2032	0.0009306654257794323
1767	0.00046533271288971617
2477	0.00046533271288971617
2608	0.00046533271288971617
1374	0.0013959981386691485
114	0.00046533271288971617
1928	0.00046533271288971617
2630	0.00046533271288971617
2189	0.00046533271288971617
1900	0.00046533271288971617
1814	0.00046533271288971617
2754	0.00046533271288971617
1733	0.00046533271288971617
1890	0.00046533271288971617
1986	0.00046533271288971617
1942	0.00046533271288971617
2544	0.0009306654257794323
1742	0.00046533271288971617
2382	0.00046533271288971617
732	0.00046533271288971617
172	0.0018613308515588647
1828	0.00046533271288971617
2200	0.00046533271288971617
2302	0.00046533271288971617
3278	0.009306654257794323
3279	0.013029315960912053
36	0.00046533271288971617
1001	0.00046533271288971617
1086	0.0009306654257794323
1517	0.00046533271288971617
3280	0.007445323406235459
3281	0.005583992554676594
3282	0.005118659841786877
1713	0.00046533271288971617
3283	0.002326663564448581
3284	0.007445323406235459
1992	0.00046533271288971617
698	0.00046533271288971617
2656	0.00046533271288971617
2105	0.00046533271288971617
1833	0.00046533271288971617
2904	0.00046533271288971617
1987	0.00046533271288971617
3285	0.006979990693345742
3286	0.010237319683573755
3287	0.006049325267566311
1079	0.0018613308515588647
2572	0.0009306654257794323
3288	0.004187994416007446
3289	0.007910656119125175
2815	0.00046533271288971617
3290	0.012563983248022336
3291	0.004653327128897162
1303	0.00046533271288971617
1106	0.00046533271288971617
1796	0.00046533271288971617
2343	0.00046533271288971617
1765	0.00046533271288971617
2107	0.00046533271288971617
3292	0.013029315960912053
3293	0.008841321544904607
2339	0.0009306654257794323
1194	0.00046533271288971617
3294	0.0018613308515588647
3295	0.008375988832014892
2206	0.00046533271288971617
3296	0.004187994416007446
3297	0.017682643089809214
3298	0.008841321544904607
620	0.00046533271288971617
1326	0.0013959981386691485
1020	0.00046533271288971617
2890	0.00046533271288971617
3299	0.005118659841786877
3300	0.002791996277338297
1140	0.00046533271288971617
3301	0.008841321544904607
1457	0.0009306654257794323
3302	0.009306654257794323
3303	0.03396928804094928
2299	0.00046533271288971617
765	0.00046533271288971617
479	0.00046533271288971617
1432	0.00046533271288971617
1961	0.00046533271288971617
2004	0.00046533271288971617
714	0.00046533271288971617
2554	0.00046533271288971617
1154	0.00046533271288971617
2012	0.00046533271288971617
3304	0.00977198697068404
2566	0.0018613308515588647
2238	0.00046533271288971617
3305	0.013029315960912053
3306	0.004187994416007446
1903	0.00046533271288971617
2111	0.0013959981386691485
2540	0.00046533271288971617
1925	0.00046533271288971617
413	0.00046533271288971617
3307	0.00977198697068404
2657	0.00046533271288971617
1650	0.0009306654257794323
2372	0.0009306654257794323
3308	0.007910656119125175
3309	0.005118659841786877
2255	0.00046533271288971617
3310	0.0013959981386691485
3311	0.005118659841786877
2682	0.00046533271288971617
220	0.0013959981386691485
2000	0.00046533271288971617
1888	0.0009306654257794323
3312	0.007445323406235459
3313	0.011167985109353188
3314	0.00977198697068404
1495	0.00046533271288971617
2500	0.00046533271288971617
2668	0.00046533271288971617
2475	0.00046533271288971617
2041	0.0009306654257794323
3315	0.005118659841786877
3316	0.006979990693345742
383	0.00046533271288971617
457	0.00046533271288971617
1336	0.002326663564448581
195	0.00046533271288971617
831	0.00046533271288971617
1646	0.00046533271288971617
3317	0.02047463936714751
2101	0.00046533271288971617
3318	0.002326663564448581
3319	0.0018613308515588647
2840	0.00046533271288971617
3320	0.0018613308515588647
3321	0.012563983248022336
697	0.00046533271288971617
3322	0.010702652396463471
3323	0.010702652396463471
763	0.0013959981386691485
612	0.00046533271288971617
3324	0.0037226617031177293
3325	0.002326663564448581
1794	0.00046533271288971617
3326	0.002791996277338297
2792	0.00046533271288971617
3327	0.006514657980456026
1119	0.00046533271288971617
3328	0.004187994416007446
1175	0.00046533271288971617
3329	0.0018613308515588647
3330	0.0009306654257794323
1412	0.00046533271288971617
3331	0.0172173103769195
3332	0.022335970218706376
1162	0.0009306654257794323
1239	0.00046533271288971617
3333	0.0018613308515588647
1454	0.00046533271288971617
615	0.00046533271288971617
3334	0.004653327128897162
3335	0.005583992554676594
118	0.00046533271288971617
3336	0.005118659841786877
1631	0.00046533271288971617
3337	0.004187994416007446
3338	0.0018613308515588647
3339	0.010702652396463471
1999	0.00046533271288971617
3340	0.014890646812470917
3341	0.007910656119125175
1498	0.00046533271288971617
1014	0.0009306654257794323
1502	0.00046533271288971617
3342	0.004187994416007446
3343	0.004653327128897162
3344	0.010237319683573755
572	0.00046533271288971617
1269	0.00046533271288971617
3345	0.003257328990228013
3346	0.004187994416007446
2542	0.00046533271288971617
3347	0.004187994416007446
3348	0.005583992554676594
257	0.00046533271288971617
1039	0.00046533271288971617
3349	0.003257328990228013
3350	0.004653327128897162
448	0.00046533271288971617
3351	0.008375988832014892
3352	0.007910656119125175
1258	0.00046533271288971617
3353	0.006979990693345742
351	0.00046533271288971617
702	0.00046533271288971617
1433	0.0009306654257794323
3354	0.006514657980456026
3355	0.00977198697068404
3356	0.014890646812470917
3357	0.007445323406235459
3358	0.010237319683573755
347	0.0013959981386691485
3359	0.006514657980456026
3360	0.0037226617031177293
1364	0.0013959981386691485
2195	0.0009306654257794323
3361	0.0037226617031177293
3362	0.016751977664029784
3363	0.004653327128897162
47	0.00046533271288971617
3364	0.005118659841786877
3365	0.011633317822242905
2250	0.00046533271288971617
2363	0.00046533271288971617
756	0.00046533271288971617
2492	0.0013959981386691485
1337	0.00046533271288971617
1360	0.0009306654257794323
1813	0.00046533271288971617
1920	0.0009306654257794323
3366	0.004653327128897162
3367	0.003257328990228013
1983	0.00046533271288971617
2798	0.00046533271288971617
3368	0.007445323406235459
3369	0.0018613308515588647
3370	0.0018613308515588647
2642	0.00046533271288971617
3371	0.004187994416007446
3372	0.002326663564448581
1732	0.00046533271288971617
955	0.00046533271288971617
3373	0.004187994416007446
3374	0.004653327128897162
3375	0.002791996277338297
3376	0.0013959981386691485
3377	0.009306654257794323
911	0.00046533271288971617
2093	0.00046533271288971617
2016	0.00046533271288971617
2201	0.00046533271288971617
3378	0.006049325267566311
1246	0.00046533271288971617
174	0.00046533271288971617
1232	0.00046533271288971617
3379	0.006979990693345742
369	0.00046533271288971617
3380	0.006514657980456026
3381	0.006514657980456026
3382	0.017682643089809214
1272	0.00046533271288971617
2516	0.00046533271288971617
695	0.00046533271288971617
967	0.00046533271288971617
1266	0.00046533271288971617
3383	0.007445323406235459
3384	0.004187994416007446
2198	0.00046533271288971617
3385	0.005583992554676594
3386	0.006514657980456026
3387	0.006979990693345742
2617	0.00046533271288971617
2278	0.00046533271288971617
2071	0.00046533271288971617
1199	0.00046533271288971617
3388	0.006514657980456026
3389	0.004653327128897162
3390	0.007445323406235459
56	0.00046533271288971617
3391	0.003257328990228013
3392	0.007910656119125175
3393	0.012563983248022336
145	0.00046533271288971617
545	0.00046533271288971617
3394	0.006979990693345742
3395	0.018147975802698932
1508	0.00046533271288971617
3396	0.015355979525360634
1849	0.00046533271288971617
408	0.00046533271288971617
3397	0.008841321544904607
3398	0.011167985109353188
932	0.00046533271288971617
2526	0.00046533271288971617
3399	0.004187994416007446
3400	0.002791996277338297
3401	0.003257328990228013
1056	0.00046533271288971617
1198	0.00046533271288971617
3402	0.01582131223825035
1467	0.00046533271288971617
3403	0.0037226617031177293
3404	0.008841321544904607
3405	0.006979990693345742
991	0.00046533271288971617
614	0.00046533271288971617
3406	0.007445323406235459
3407	0.002326663564448581
276	0.00046533271288971617
3408	0.007445323406235459
3409	0.03769194974406701
1338	0.00046533271288971617
156	0.00046533271288971617
636	0.00046533271288971617
354	0.00046533271288971617
493	0.00046533271288971617
1417	0.00046533271288971617
1267	0.00046533271288971617
1665	0.00046533271288971617
1428	0.00046533271288971617
44	0.00046533271288971617
1894	0.00046533271288971617
240	0.00046533271288971617
200	0.00046533271288971617
