2052	0.00037105751391465676
3910	0.007792207792207792
2931	0.0007421150278293135
3135	0.0011131725417439704
2408	0.0018552875695732837
1405	0.001484230055658627
2516	0.00037105751391465676
893	0.001484230055658627
188	0.0018552875695732837
2356	0.00037105751391465676
1840	0.0022263450834879408
557	0.0022263450834879408
1784	0.00037105751391465676
553	0.0018552875695732837
53	0.0011131725417439704
845	0.0011131725417439704
105	0.0007421150278293135
2989	0.0007421150278293135
764	0.0011131725417439704
2712	0.00037105751391465676
3911	0.0025974025974025974
159	0.0011131725417439704
2071	0.0007421150278293135
3413	0.0011131725417439704
88	0.011873840445269016
428	0.001484230055658627
2799	0.00037105751391465676
716	0.0022263450834879408
3912	0.004823747680890538
189	0.03821892393320964
640	0.00037105751391465676
3578	0.0007421150278293135
215	0.005194805194805195
2153	0.001484230055658627
1103	0.002968460111317254
224	0.002968460111317254
99	0.002968460111317254
659	0.0011131725417439704
2596	0.0007421150278293135
1023	0.007421150278293135
3913	0.007050092764378478
69	0.03821892393320964
21	0.07346938775510203
134	0.011131725417439703
3409	0.007050092764378478
9	0.02300556586270872
177	0.0018552875695732837
2085	0.00037105751391465676
113	0.011873840445269016
403	0.007792207792207792
617	0.007421150278293135
548	0.009647495361781076
494	0.007050092764378478
426	0.008163265306122448
822	0.01150278293135436
1503	0.00037105751391465676
2338	0.00037105751391465676
446	0.002968460111317254
61	0.0137291280148423
3914	0.019294990723562153
5	0.0022263450834879408
46	0.0033395176252319107
559	0.0037105751391465673
45	0.0022263450834879408
3802	0.005936920222634508
201	0.010760667903525046
401	0.002968460111317254
135	0.0011131725417439704
636	0.004081632653061224
3487	0.005194805194805195
393	0.0007421150278293135
1611	0.0011131725417439704
1975	0.0007421150278293135
1576	0.001484230055658627
327	0.007050092764378478
3674	0.0022263450834879408
1684	0.007792207792207792
229	0.0022263450834879408
239	0.0007421150278293135
3503	0.0025974025974025974
1113	0.0018552875695732837
3519	0.0007421150278293135
384	0.011873840445269016
389	0.0022263450834879408
3782	0.00927643784786642
1016	0.0022263450834879408
112	0.02263450834879406
519	0.008534322820037105
3082	0.0033395176252319107
651	0.005194805194805195
3054	0.008163265306122448
98	0.007050092764378478
180	0.0025974025974025974
3817	0.0025974025974025974
3691	0.0018552875695732837
388	0.00927643784786642
157	0.01150278293135436
3871	0.0018552875695732837
3915	0.0018552875695732837
106	0.028200371057513912
40	0.039332096474953615
1006	0.002968460111317254
63	0.03228200371057514
1875	0.00037105751391465676
3916	0.0018552875695732837
1836	0.0007421150278293135
1777	0.00037105751391465676
1703	0.0007421150278293135
3917	0.007050092764378478
3918	0.021892393320964747
794	0.001484230055658627
409	0.006307977736549165
1702	0.0011131725417439704
1259	0.007792207792207792
273	0.00037105751391465676
1238	0.001484230055658627
1488	0.0007421150278293135
894	0.0007421150278293135
1520	0.00037105751391465676
3492	0.00037105751391465676
595	0.0011131725417439704
486	0.0007421150278293135
1917	0.0007421150278293135
3071	0.001484230055658627
1536	0.0018552875695732837
1936	0.00037105751391465676
1240	0.0007421150278293135
980	0.0037105751391465673
2339	0.0007421150278293135
2155	0.0007421150278293135
2040	0.00037105751391465676
2317	0.0007421150278293135
252	0.008905380333951763
3456	0.00037105751391465676
1706	0.00037105751391465676
3289	0.00037105751391465676
714	0.00037105751391465676
3058	0.0007421150278293135
1034	0.00037105751391465676
1020	0.0011131725417439704
3671	0.0018552875695732837
3382	0.0011131725417439704
1954	0.00037105751391465676
910	0.0022263450834879408
2966	0.0025974025974025974
932	0.0007421150278293135
436	0.0011131725417439704
1115	0.002968460111317254
2244	0.0007421150278293135
464	0.00037105751391465676
12	0.0007421150278293135
3066	0.00037105751391465676
1357	0.0007421150278293135
269	0.004823747680890538
433	0.0007421150278293135
3902	0.00037105751391465676
383	0.002968460111317254
434	0.005194805194805195
1335	0.0007421150278293135
2632	0.00037105751391465676
164	0.0007421150278293135
1715	0.00037105751391465676
2022	0.001484230055658627
2433	0.0007421150278293135
2110	0.00037105751391465676
3919	0.0025974025974025974
357	0.01261595547309833
2697	0.00037105751391465676
461	0.00037105751391465676
94	0.03450834879406308
3920	0.005194805194805195
1148	0.005194805194805195
128	0.006307977736549165
686	0.004081632653061224
1005	0.0022263450834879408
1222	0.011131725417439703
1615	0.001484230055658627
232	0.007421150278293135
2641	0.0007421150278293135
1749	0.004823747680890538
1157	0.00037105751391465676
1680	0.0022263450834879408
366	0.012987012987012986
3314	0.0007421150278293135
3579	0.007050092764378478
3921	0.006679035250463821
731	0.005194805194805195
1312	0.0011131725417439704
25	0.0044526901669758815
3790	0.0044526901669758815
1308	0.002968460111317254
1744	0.001484230055658627
2292	0.0037105751391465673
78	0.0007421150278293135
391	0.004081632653061224
1153	0.006307977736549165
1705	0.0011131725417439704
3922	0.007792207792207792
3923	0.004823747680890538
3734	0.0011131725417439704
1386	0.0011131725417439704
2182	0.0022263450834879408
2936	0.0011131725417439704
3045	0.0011131725417439704
3625	0.0018552875695732837
3626	0.0011131725417439704
3046	0.001484230055658627
3648	0.0018552875695732837
2925	0.001484230055658627
3347	0.001484230055658627
3089	0.0018552875695732837
2455	0.001484230055658627
3572	0.0022263450834879408
3350	0.0022263450834879408
1385	0.001484230055658627
3090	0.0018552875695732837
183	0.0011131725417439704
3468	0.001484230055658627
3156	0.001484230055658627
3361	0.0018552875695732837
184	0.0022263450834879408
3924	0.002968460111317254
2400	0.0011131725417439704
3889	0.00037105751391465676
274	0.008905380333951763
3925	0.0137291280148423
350	0.0018552875695732837
3741	0.005194805194805195
1797	0.0007421150278293135
2372	0.0007421150278293135
34	0.01595547309833024
67	0.0033395176252319107
590	0.0011131725417439704
569	0.004823747680890538
3669	0.00037105751391465676
3852	0.012987012987012986
23	0.00927643784786642
48	0.016697588126159554
3450	0.007050092764378478
2984	0.0033395176252319107
43	0.00927643784786642
3926	0.0055658627087198514
510	0.0033395176252319107
552	0.0007421150278293135
70	0.0025974025974025974
278	0.007050092764378478
292	0.004823747680890538
400	0.005936920222634508
2050	0.00037105751391465676
1123	0.0025974025974025974
1033	0.0022263450834879408
2095	0.0011131725417439704
3927	0.01261595547309833
3928	0.025602968460111317
3021	0.0044526901669758815
3650	0.001484230055658627
542	0.0011131725417439704
1718	0.0007421150278293135
909	0.0018552875695732837
928	0.0055658627087198514
3303	0.0037105751391465673
1206	0.0044526901669758815
1629	0.00037105751391465676
576	0.001484230055658627
2069	0.001484230055658627
279	0.0033395176252319107
872	0.0037105751391465673
3673	0.002968460111317254
272	0.010760667903525046
377	0.001484230055658627
2006	0.0011131725417439704
509	0.0037105751391465673
169	0.004823747680890538
277	0.0018552875695732837
1126	0.0007421150278293135
1355	0.0011131725417439704
268	0.0033395176252319107
38	0.002968460111317254
290	0.005194805194805195
3279	0.0011131725417439704
704	0.0018552875695732837
857	0.0025974025974025974
514	0.0011131725417439704
1076	0.0007421150278293135
1176	0.002968460111317254
858	0.007050092764378478
3530	0.0018552875695732837
3275	0.0007421150278293135
701	0.0025974025974025974
3208	0.0018552875695732837
42	0.0022263450834879408
1452	0.00037105751391465676
1933	0.0011131725417439704
1964	0.00037105751391465676
3888	0.001484230055658627
1279	0.0007421150278293135
3747	0.0018552875695732837
681	0.00037105751391465676
151	0.004823747680890538
1218	0.0007421150278293135
3278	0.0007421150278293135
3457	0.0044526901669758815
687	0.002968460111317254
705	0.0022263450834879408
2004	0.0007421150278293135
587	0.0018552875695732837
479	0.0007421150278293135
1670	0.0011131725417439704
985	0.0022263450834879408
2129	0.0007421150278293135
3176	0.00037105751391465676
532	0.0007421150278293135
1169	0.00037105751391465676
3604	0.0022263450834879408
1254	0.0011131725417439704
3929	0.014100185528756956
1801	0.00037105751391465676
166	0.00037105751391465676
455	0.00037105751391465676
167	0.0007421150278293135
335	0.004081632653061224
387	0.0007421150278293135
2143	0.00037105751391465676
2061	0.0007421150278293135
3037	0.00037105751391465676
1270	0.0033395176252319107
1407	0.0011131725417439704
1938	0.00037105751391465676
1541	0.0011131725417439704
766	0.0011131725417439704
2320	0.001484230055658627
588	0.0022263450834879408
657	0.006307977736549165
3930	0.0044526901669758815
1333	0.002968460111317254
175	0.0018552875695732837
925	0.00037105751391465676
1522	0.002968460111317254
316	0.002968460111317254
485	0.0033395176252319107
368	0.0022263450834879408
338	0.006679035250463821
444	0.004823747680890538
286	0.0011131725417439704
708	0.004081632653061224
3931	0.011131725417439703
2298	0.0018552875695732837
1445	0.0055658627087198514
123	0.006307977736549165
1889	0.0018552875695732837
3276	0.006679035250463821
75	0.008905380333951763
392	0.008163265306122448
386	0.005194805194805195
119	0.007421150278293135
889	0.0033395176252319107
3932	0.0037105751391465673
791	0.0007421150278293135
601	0.0055658627087198514
618	0.0018552875695732837
211	0.005194805194805195
3933	0.002968460111317254
3934	0.005194805194805195
3316	0.00037105751391465676
635	0.0011131725417439704
1557	0.0007421150278293135
1916	0.0007421150278293135
2277	0.0007421150278293135
117	0.0044526901669758815
1843	0.00037105751391465676
1737	0.0011131725417439704
2438	0.0011131725417439704
862	0.0037105751391465673
2345	0.00037105751391465676
246	0.0011131725417439704
1623	0.00037105751391465676
457	0.0011131725417439704
20	0.001484230055658627
1888	0.00037105751391465676
3935	0.0137291280148423
1949	0.0007421150278293135
751	0.00037105751391465676
1001	0.001484230055658627
496	0.0007421150278293135
2005	0.00037105751391465676
667	0.0011131725417439704
706	0.0011131725417439704
3703	0.0011131725417439704
1154	0.00037105751391465676
554	0.001484230055658627
3936	0.0018552875695732837
3937	0.0025974025974025974
101	0.00927643784786642
1370	0.001484230055658627
11	0.001484230055658627
3403	0.0007421150278293135
1062	0.0007421150278293135
242	0.00037105751391465676
3938	0.004081632653061224
3939	0.0055658627087198514
299	0.007421150278293135
811	0.0007421150278293135
309	0.0022263450834879408
921	0.0011131725417439704
833	0.0011131725417439704
3538	0.005194805194805195
1234	0.0011131725417439704
3508	0.0007421150278293135
3223	0.0011131725417439704
3057	0.0007421150278293135
3589	0.00037105751391465676
255	0.0022263450834879408
3940	0.009647495361781076
322	0.00927643784786642
2278	0.0025974025974025974
173	0.002968460111317254
876	0.008905380333951763
3849	0.006307977736549165
577	0.002968460111317254
3362	0.0022263450834879408
1325	0.0025974025974025974
1734	0.0018552875695732837
3744	0.001484230055658627
1128	0.001484230055658627
3422	0.00037105751391465676
1343	0.0018552875695732837
282	0.006307977736549165
3941	0.001484230055658627
3942	0.0007421150278293135
1008	0.00037105751391465676
3122	0.0011131725417439704
3943	0.002968460111317254
649	0.01150278293135436
814	0.002968460111317254
1201	0.0018552875695732837
174	0.0011131725417439704
1593	0.0011131725417439704
3944	0.0022263450834879408
477	0.00037105751391465676
3552	0.0007421150278293135
3945	0.0007421150278293135
890	0.00037105751391465676
2900	0.00037105751391465676
3946	0.007792207792207792
3947	0.0025974025974025974
3794	0.0011131725417439704
547	0.0007421150278293135
3793	0.0007421150278293135
325	0.004823747680890538
629	0.007421150278293135
231	0.0033395176252319107
2567	0.0007421150278293135
3663	0.001484230055658627
2108	0.0007421150278293135
3856	0.00037105751391465676
1818	0.0007421150278293135
3948	0.0033395176252319107
2464	0.00037105751391465676
1652	0.0007421150278293135
1625	0.0025974025974025974
3749	0.00037105751391465676
254	0.001484230055658627
1806	0.0007421150278293135
3949	0.0022263450834879408
3950	0.0055658627087198514
1330	0.0011131725417439704
1395	0.0011131725417439704
285	0.005194805194805195
1045	0.0037105751391465673
1021	0.0007421150278293135
3661	0.0007421150278293135
1673	0.0025974025974025974
1500	0.00037105751391465676
3951	0.0033395176252319107
2093	0.00037105751391465676
540	0.00037105751391465676
3528	0.00037105751391465676
3377	0.001484230055658627
584	0.0007421150278293135
1447	0.0037105751391465673
3808	0.0007421150278293135
608	0.0007421150278293135
3952	0.0018552875695732837
3953	0.0025974025974025974
1512	0.00037105751391465676
2495	0.0007421150278293135
518	0.0007421150278293135
1600	0.00037105751391465676
642	0.00037105751391465676
2494	0.00037105751391465676
2682	0.0007421150278293135
3954	0.005936920222634508
379	0.0011131725417439704
416	0.0022263450834879408
1578	0.001484230055658627
1740	0.0007421150278293135
1471	0.00037105751391465676
2935	0.0025974025974025974
631	0.0007421150278293135
3955	0.006679035250463821
3956	0.002968460111317254
1170	0.001484230055658627
3246	0.00037105751391465676
249	0.0011131725417439704
2526	0.001484230055658627
3728	0.00037105751391465676
126	0.002968460111317254
3256	0.00037105751391465676
471	0.001484230055658627
2979	0.0022263450834879408
237	0.001484230055658627
3957	0.007050092764378478
2425	0.002968460111317254
50	0.0011131725417439704
314	0.0025974025974025974
179	0.008905380333951763
1679	0.0007421150278293135
1248	0.0018552875695732837
1586	0.0033395176252319107
3005	0.009647495361781076
1359	0.004823747680890538
1677	0.001484230055658627
3958	0.0033395176252319107
2328	0.00037105751391465676
3170	0.00037105751391465676
3959	0.0007421150278293135
3960	0.008534322820037105
326	0.0022263450834879408
118	0.001484230055658627
275	0.0044526901669758815
111	0.002968460111317254
394	0.002968460111317254
2562	0.001484230055658627
961	0.0018552875695732837
1834	0.0022263450834879408
1803	0.0018552875695732837
585	0.0025974025974025974
658	0.0025974025974025974
1548	0.0018552875695732837
3961	0.0018552875695732837
4	0.002968460111317254
1379	0.0033395176252319107
3284	0.0033395176252319107
749	0.0037105751391465673
796	0.002968460111317254
3962	0.007050092764378478
191	0.0044526901669758815
2057	0.0007421150278293135
1107	0.0018552875695732837
2551	0.00037105751391465676
607	0.0011131725417439704
1371	0.001484230055658627
3511	0.0011131725417439704
1160	0.0011131725417439704
2145	0.0007421150278293135
625	0.0018552875695732837
2202	0.0011131725417439704
1470	0.00037105751391465676
3114	0.0018552875695732837
223	0.0011131725417439704
3963	0.0022263450834879408
3964	0.0011131725417439704
1350	0.0007421150278293135
214	0.00037105751391465676
1372	0.0011131725417439704
644	0.0025974025974025974
1896	0.0007421150278293135
3965	0.005194805194805195
362	0.0007421150278293135
270	0.00037105751391465676
3746	0.0007421150278293135
896	0.00037105751391465676
1199	0.00037105751391465676
628	0.0007421150278293135
671	0.0007421150278293135
3966	0.005194805194805195
612	0.0007421150278293135
3447	0.0022263450834879408
472	0.00037105751391465676
2738	0.0007421150278293135
881	0.00037105751391465676
566	0.0055658627087198514
2524	0.00037105751391465676
3967	0.002968460111317254
3323	0.0011131725417439704
2514	0.0007421150278293135
3968	0.006307977736549165
2806	0.0011131725417439704
450	0.0018552875695732837
2398	0.0007421150278293135
406	0.0033395176252319107
724	0.0018552875695732837
3752	0.0011131725417439704
2981	0.001484230055658627
1919	0.0011131725417439704
2917	0.0011131725417439704
1188	0.0007421150278293135
3753	0.0011131725417439704
3969	0.0033395176252319107
1532	0.0011131725417439704
2046	0.00037105751391465676
1609	0.00037105751391465676
3355	0.0018552875695732837
902	0.0011131725417439704
820	0.001484230055658627
3267	0.0007421150278293135
1382	0.00037105751391465676
2079	0.0011131725417439704
3970	0.0033395176252319107
296	0.00037105751391465676
1489	0.0007421150278293135
1692	0.0007421150278293135
3971	0.005194805194805195
3972	0.0037105751391465673
592	0.005936920222634508
3683	0.00037105751391465676
109	0.005194805194805195
3804	0.0007421150278293135
3100	0.0025974025974025974
1261	0.00037105751391465676
1049	0.00037105751391465676
2315	0.0007421150278293135
2170	0.00037105751391465676
3973	0.008905380333951763
3974	0.049350649350649346
3445	0.0018552875695732837
3853	0.0011131725417439704
3759	0.0007421150278293135
200	0.0011131725417439704
3407	0.00037105751391465676
2171	0.0007421150278293135
1026	0.00037105751391465676
2689	0.00037105751391465676
887	0.0018552875695732837
3486	0.001484230055658627
2082	0.001484230055658627
226	0.0011131725417439704
22	0.0007421150278293135
493	0.00037105751391465676
1642	0.001484230055658627
1328	0.0011131725417439704
3304	0.0011131725417439704
1161	0.0007421150278293135
3067	0.0011131725417439704
3877	0.0007421150278293135
753	0.0018552875695732837
3072	0.0018552875695732837
3483	0.0007421150278293135
3028	0.0011131725417439704
1426	0.0018552875695732837
682	0.0011131725417439704
1618	0.0007421150278293135
603	0.0007421150278293135
1124	0.001484230055658627
1017	0.0011131725417439704
810	0.0018552875695732837
217	0.0037105751391465673
3395	0.0007421150278293135
3239	0.00037105751391465676
3151	0.00037105751391465676
3259	0.0007421150278293135
1601	0.00037105751391465676
3520	0.0033395176252319107
670	0.00037105751391465676
691	0.007050092764378478
402	0.0011131725417439704
181	0.0011131725417439704
650	0.0033395176252319107
1606	0.00037105751391465676
3622	0.001484230055658627
1207	0.0025974025974025974
951	0.0025974025974025974
690	0.001484230055658627
3207	0.0011131725417439704
3011	0.0007421150278293135
197	0.0007421150278293135
3038	0.0007421150278293135
3131	0.0007421150278293135
1736	0.00037105751391465676
248	0.0007421150278293135
3332	0.001484230055658627
3396	0.0007421150278293135
3836	0.0007421150278293135
3043	0.00037105751391465676
3410	0.0011131725417439704
136	0.001484230055658627
258	0.001484230055658627
849	0.0011131725417439704
3766	0.001484230055658627
3460	0.0011131725417439704
1241	0.00037105751391465676
1063	0.0022263450834879408
178	0.0011131725417439704
305	0.00037105751391465676
772	0.00037105751391465676
3444	0.001484230055658627
447	0.001484230055658627
156	0.0011131725417439704
473	0.0018552875695732837
80	0.00037105751391465676
1159	0.0011131725417439704
3165	0.0018552875695732837
730	0.0055658627087198514
3317	0.0022263450834879408
782	0.0007421150278293135
824	0.0007421150278293135
1428	0.00037105751391465676
1114	0.0011131725417439704
82	0.0018552875695732837
1748	0.00037105751391465676
1417	0.0007421150278293135
3073	0.001484230055658627
953	0.0011131725417439704
2137	0.0018552875695732837
3975	0.02077922077922078
3480	0.0018552875695732837
330	0.0022263450834879408
3186	0.0018552875695732837
1015	0.0011131725417439704
1031	0.0022263450834879408
33	0.006307977736549165
3452	0.0025974025974025974
874	0.0011131725417439704
1879	0.00037105751391465676
95	0.0033395176252319107
481	0.006307977736549165
737	0.0022263450834879408
3331	0.0033395176252319107
460	0.002968460111317254
759	0.002968460111317254
108	0.0025974025974025974
3428	0.002968460111317254
110	0.00037105751391465676
3150	0.0044526901669758815
1237	0.004823747680890538
3532	0.0033395176252319107
91	0.0007421150278293135
3976	0.0044526901669758815
3977	0.0037105751391465673
3580	0.0007421150278293135
1434	0.0007421150278293135
3978	0.005936920222634508
3619	0.00037105751391465676
1324	0.00037105751391465676
677	0.00037105751391465676
331	0.0011131725417439704
3838	0.0007421150278293135
3979	0.0018552875695732837
321	0.0007421150278293135
2718	0.00037105751391465676
3980	0.008905380333951763
84	0.0007421150278293135
825	0.0007421150278293135
137	0.0007421150278293135
3076	0.0007421150278293135
1719	0.0011131725417439704
2616	0.0007421150278293135
3670	0.0007421150278293135
762	0.0025974025974025974
2350	0.00037105751391465676
3290	0.001484230055658627
3178	0.00037105751391465676
2203	0.00037105751391465676
1805	0.00037105751391465676
26	0.0011131725417439704
1080	0.00037105751391465676
2381	0.0007421150278293135
1821	0.001484230055658627
1587	0.00037105751391465676
3981	0.008163265306122448
2261	0.0007421150278293135
1228	0.0011131725417439704
2162	0.0007421150278293135
1876	0.0007421150278293135
1180	0.0011131725417439704
726	0.0022263450834879408
3667	0.0007421150278293135
2914	0.00037105751391465676
2489	0.0007421150278293135
1967	0.0007421150278293135
3798	0.0011131725417439704
678	0.001484230055658627
1189	0.0007421150278293135
3982	0.01150278293135436
1149	0.0011131725417439704
3555	0.0018552875695732837
1224	0.001484230055658627
785	0.00037105751391465676
3245	0.00037105751391465676
3885	0.0022263450834879408
713	0.0022263450834879408
1474	0.00037105751391465676
1700	0.001484230055658627
3983	0.0022263450834879408
3984	0.0007421150278293135
1545	0.0025974025974025974
2258	0.0007421150278293135
2624	0.00037105751391465676
1204	0.0011131725417439704
3985	0.0037105751391465673
154	0.0007421150278293135
3533	0.0007421150278293135
1621	0.0011131725417439704
3986	0.005936920222634508
776	0.00037105751391465676
2470	0.00037105751391465676
3745	0.0007421150278293135
3987	0.0033395176252319107
520	0.0022263450834879408
2376	0.0007421150278293135
1380	0.0022263450834879408
146	0.001484230055658627
3988	0.007792207792207792
739	0.0011131725417439704
819	0.00037105751391465676
3568	0.00037105751391465676
3393	0.00037105751391465676
16	0.0022263450834879408
3594	0.00037105751391465676
1776	0.0007421150278293135
193	0.00037105751391465676
729	0.0007421150278293135
192	0.0007421150278293135
3989	0.0018552875695732837
1433	0.0022263450834879408
3990	0.002968460111317254
3991	0.0025974025974025974
1808	0.0011131725417439704
141	0.0018552875695732837
3628	0.00037105751391465676
2602	0.00037105751391465676
3375	0.0007421150278293135
610	0.0022263450834879408
418	0.001484230055658627
2695	0.0007421150278293135
1929	0.00037105751391465676
3992	0.006307977736549165
2585	0.00037105751391465676
1667	0.00037105751391465676
558	0.00037105751391465676
1073	0.00037105751391465676
3993	0.004823747680890538
2419	0.0007421150278293135
2957	0.00037105751391465676
3693	0.0007421150278293135
3994	0.0025974025974025974
3995	0.0022263450834879408
1654	0.00037105751391465676
775	0.0022263450834879408
1955	0.0022263450834879408
3996	0.0137291280148423
1894	0.0011131725417439704
3536	0.00037105751391465676
3596	0.001484230055658627
502	0.0037105751391465673
2976	0.00037105751391465676
1186	0.0007421150278293135
2742	0.0007421150278293135
2678	0.0007421150278293135
3206	0.0011131725417439704
1432	0.00037105751391465676
3997	0.008163265306122448
2282	0.0007421150278293135
463	0.0007421150278293135
1271	0.00037105751391465676
1977	0.001484230055658627
3704	0.0011131725417439704
3101	0.00037105751391465676
3381	0.0018552875695732837
832	0.00037105751391465676
462	0.0011131725417439704
3998	0.004081632653061224
1174	0.00037105751391465676
3173	0.0007421150278293135
1800	0.0007421150278293135
1175	0.0011131725417439704
3328	0.0007421150278293135
972	0.00037105751391465676
3999	0.006307977736549165
4000	0.005194805194805195
3180	0.0011131725417439704
3128	0.0025974025974025974
3271	0.0022263450834879408
1423	0.0007421150278293135
1774	0.0007421150278293135
968	0.001484230055658627
1985	0.0007421150278293135
487	0.0011131725417439704
663	0.00037105751391465676
3481	0.0007421150278293135
371	0.0025974025974025974
172	0.0011131725417439704
1636	0.0007421150278293135
1613	0.0007421150278293135
1764	0.00037105751391465676
3029	0.0011131725417439704
1789	0.0007421150278293135
1885	0.0007421150278293135
4001	0.017810760667903526
4002	0.027829313543599257
3451	0.0007421150278293135
1205	0.0007421150278293135
3531	0.0007421150278293135
1507	0.0018552875695732837
3175	0.0011131725417439704
3449	0.0018552875695732837
3548	0.0007421150278293135
2972	0.002968460111317254
2959	0.0011131725417439704
1755	0.0007421150278293135
3036	0.00037105751391465676
3890	0.0007421150278293135
2132	0.0007421150278293135
182	0.0007421150278293135
838	0.00037105751391465676
396	0.0025974025974025974
3143	0.0011131725417439704
2621	0.0007421150278293135
1779	0.0011131725417439704
1377	0.0022263450834879408
1381	0.0007421150278293135
3359	0.001484230055658627
3087	0.001484230055658627
1632	0.0011131725417439704
3662	0.00037105751391465676
907	0.0007421150278293135
3801	0.001484230055658627
4003	0.0007421150278293135
4004	0.0007421150278293135
3138	0.0007421150278293135
3139	0.00037105751391465676
4005	0.005194805194805195
4006	0.0037105751391465673
3184	0.0018552875695732837
1449	0.0022263450834879408
474	0.0011131725417439704
4007	0.013358070500927643
2180	0.001484230055658627
3870	0.0007421150278293135
3869	0.0011131725417439704
905	0.0011131725417439704
4008	0.006679035250463821
689	0.0022263450834879408
1383	0.0022263450834879408
3828	0.0007421150278293135
886	0.001484230055658627
1424	0.0025974025974025974
3033	0.0011131725417439704
4009	0.006679035250463821
3258	0.0018552875695732837
1867	0.0018552875695732837
3597	0.001484230055658627
1930	0.0011131725417439704
3251	0.00037105751391465676
1444	0.001484230055658627
3013	0.00037105751391465676
32	0.0011131725417439704
3130	0.0007421150278293135
4010	0.004823747680890538
855	0.0018552875695732837
3140	0.00037105751391465676
735	0.0007421150278293135
4011	0.002968460111317254
2221	0.00037105751391465676
2192	0.0022263450834879408
4012	0.007792207792207792
959	0.00037105751391465676
1004	0.0011131725417439704
2002	0.0007421150278293135
801	0.00037105751391465676
1100	0.0011131725417439704
4013	0.0055658627087198514
4014	0.0055658627087198514
1649	0.0022263450834879408
1882	0.0007421150278293135
1567	0.001484230055658627
2736	0.0011131725417439704
882	0.0022263450834879408
4015	0.004081632653061224
1732	0.0011131725417439704
3023	0.0037105751391465673
4016	0.0033395176252319107
4017	0.004823747680890538
3402	0.001484230055658627
294	0.0025974025974025974
2195	0.0011131725417439704
1233	0.0007421150278293135
1943	0.0007421150278293135
3360	0.0011131725417439704
4018	0.016326530612244896
3153	0.0044526901669758815
3002	0.00037105751391465676
3001	0.0007421150278293135
1590	0.0007421150278293135
1650	0.0011131725417439704
238	0.0011131725417439704
3900	0.0018552875695732837
3084	0.0044526901669758815
758	0.0007421150278293135
65	0.0011131725417439704
1203	0.0007421150278293135
2943	0.0018552875695732837
3312	0.0007421150278293135
2479	0.00037105751391465676
908	0.0033395176252319107
3192	0.0007421150278293135
1897	0.00037105751391465676
1093	0.00037105751391465676
2138	0.0011131725417439704
3549	0.0007421150278293135
684	0.0007421150278293135
1553	0.00037105751391465676
3412	0.005936920222634508
351	0.00037105751391465676
4019	0.0037105751391465673
503	0.00037105751391465676
904	0.0025974025974025974
1544	0.0007421150278293135
2633	0.00037105751391465676
946	0.0007421150278293135
4020	0.005194805194805195
4021	0.0022263450834879408
138	0.0033395176252319107
3199	0.0011131725417439704
3125	0.0011131725417439704
1117	0.0011131725417439704
3740	0.0007421150278293135
35	0.0011131725417439704
4022	0.0137291280148423
3719	0.00037105751391465676
4023	0.002968460111317254
859	0.0011131725417439704
244	0.00037105751391465676
4024	0.01261595547309833
999	0.0011131725417439704
621	0.00037105751391465676
2932	0.001484230055658627
1783	0.004081632653061224
24	0.001484230055658627
381	0.0007421150278293135
3177	0.00037105751391465676
3086	0.001484230055658627
2033	0.0007421150278293135
2107	0.0011131725417439704
3415	0.00037105751391465676
821	0.0011131725417439704
561	0.0011131725417439704
582	0.0018552875695732837
283	0.0025974025974025974
680	0.0007421150278293135
281	0.00037105751391465676
989	0.0033395176252319107
4025	0.002968460111317254
4026	0.010018552875695733
3383	0.0007421150278293135
2385	0.00037105751391465676
1290	0.00037105751391465676
1182	0.0007421150278293135
2379	0.0007421150278293135
3324	0.0007421150278293135
1643	0.00037105751391465676
3697	0.001484230055658627
685	0.0011131725417439704
1055	0.0011131725417439704
3004	0.00037105751391465676
2484	0.0011131725417439704
991	0.00037105751391465676
3047	0.0011131725417439704
3078	0.00037105751391465676
3696	0.0011131725417439704
3712	0.0007421150278293135
1742	0.0007421150278293135
4027	0.0018552875695732837
1323	0.0007421150278293135
3424	0.0011131725417439704
1526	0.00037105751391465676
4028	0.01855287569573284
3154	0.0033395176252319107
30	0.0007421150278293135
1932	0.0007421150278293135
1760	0.0007421150278293135
1236	0.0007421150278293135
1820	0.0018552875695732837
562	0.001484230055658627
1931	0.0007421150278293135
475	0.00037105751391465676
407	0.00037105751391465676
2404	0.0007421150278293135
2660	0.0007421150278293135
1302	0.00037105751391465676
1120	0.001484230055658627
186	0.0007421150278293135
3899	0.00037105751391465676
6	0.0022263450834879408
2078	0.0007421150278293135
4029	0.006679035250463821
4030	0.0037105751391465673
435	0.0025974025974025974
2114	0.00037105751391465676
3605	0.001484230055658627
3777	0.001484230055658627
3516	0.0007421150278293135
27	0.0011131725417439704
3341	0.00037105751391465676
3200	0.0007421150278293135
1502	0.00037105751391465676
2913	0.00037105751391465676
4031	0.010760667903525046
4032	0.006307977736549165
1529	0.0018552875695732837
3408	0.00037105751391465676
417	0.0007421150278293135
114	0.00037105751391465676
208	0.0007421150278293135
4033	0.001484230055658627
4034	0.002968460111317254
4035	0.004823747680890538
1895	0.00037105751391465676
792	0.0011131725417439704
3025	0.0007421150278293135
4036	0.0033395176252319107
3707	0.0007421150278293135
4037	0.03079777365491651
348	0.0007421150278293135
1425	0.0022263450834879408
2369	0.00037105751391465676
1399	0.001484230055658627
3857	0.00037105751391465676
1579	0.0022263450834879408
3425	0.0025974025974025974
3390	0.00037105751391465676
3357	0.00037105751391465676
717	0.005194805194805195
79	0.0044526901669758815
85	0.00037105751391465676
3161	0.0007421150278293135
1868	0.0025974025974025974
2891	0.00037105751391465676
2701	0.0007421150278293135
1844	0.004823747680890538
4038	0.006307977736549165
4039	0.02077922077922078
3859	0.00037105751391465676
3770	0.0011131725417439704
476	0.0007421150278293135
3248	0.00037105751391465676
841	0.00037105751391465676
3000	0.00037105751391465676
1202	0.0007421150278293135
145	0.00037105751391465676
303	0.001484230055658627
3019	0.00037105751391465676
1708	0.001484230055658627
1913	0.00037105751391465676
1018	0.00037105751391465676
17	0.00037105751391465676
1422	0.00037105751391465676
2209	0.00037105751391465676
740	0.00037105751391465676
971	0.00037105751391465676
1767	0.00037105751391465676
253	0.0011131725417439704
266	0.0007421150278293135
2173	0.0007421150278293135
1135	0.00037105751391465676
337	0.00037105751391465676
220	0.00037105751391465676
3240	0.0011131725417439704
1070	0.00037105751391465676
3505	0.00037105751391465676
1822	0.0007421150278293135
2072	0.0025974025974025974
3064	0.00037105751391465676
2987	0.00037105751391465676
3136	0.00037105751391465676
3264	0.0007421150278293135
365	0.00037105751391465676
107	0.0007421150278293135
2302	0.0007421150278293135
982	0.0007421150278293135
3282	0.00037105751391465676
3190	0.00037105751391465676
3352	0.0007421150278293135
1619	0.00037105751391465676
1974	0.00037105751391465676
2	0.006307977736549165
3822	0.00037105751391465676
218	0.0007421150278293135
895	0.0018552875695732837
4040	0.0018552875695732837
3494	0.00037105751391465676
513	0.0025974025974025974
4041	0.005194805194805195
1850	0.001484230055658627
1604	0.0011131725417439704
1030	0.001484230055658627
3837	0.0018552875695732837
4042	0.0025974025974025974
4043	0.004081632653061224
2992	0.00037105751391465676
781	0.0011131725417439704
3873	0.0044526901669758815
4044	0.004081632653061224
1068	0.00037105751391465676
1799	0.0011131725417439704
2327	0.00037105751391465676
4045	0.010018552875695733
3291	0.00037105751391465676
2927	0.0011131725417439704
2918	0.001484230055658627
1796	0.00037105751391465676
1309	0.0007421150278293135
295	0.00037105751391465676
1878	0.0018552875695732837
3687	0.00037105751391465676
2241	0.001484230055658627
3404	0.0018552875695732837
83	0.0011131725417439704
1510	0.0007421150278293135
3496	0.0011131725417439704
1367	0.0007421150278293135
131	0.0007421150278293135
1475	0.0011131725417439704
538	0.001484230055658627
4046	0.0044526901669758815
1534	0.0011131725417439704
4047	0.007792207792207792
4048	0.0055658627087198514
1027	0.00037105751391465676
1486	0.0007421150278293135
1346	0.0007421150278293135
3600	0.00037105751391465676
332	0.0007421150278293135
1482	0.0011131725417439704
3575	0.00037105751391465676
694	0.00037105751391465676
2039	0.0007421150278293135
784	0.0007421150278293135
1269	0.00037105751391465676
1235	0.00037105751391465676
3212	0.0007421150278293135
4049	0.008163265306122448
4050	0.002968460111317254
3392	0.0018552875695732837
3	0.0007421150278293135
28	0.002968460111317254
3446	0.0011131725417439704
950	0.001484230055658627
4051	0.006679035250463821
4052	0.004081632653061224
869	0.0007421150278293135
29	0.00037105751391465676
1374	0.0007421150278293135
1550	0.00037105751391465676
2386	0.00037105751391465676
1696	0.0007421150278293135
2702	0.0007421150278293135
4053	0.005194805194805195
2540	0.00037105751391465676
4054	0.004823747680890538
1944	0.0007421150278293135
883	0.001484230055658627
3255	0.0007421150278293135
4055	0.005194805194805195
1892	0.0011131725417439704
2019	0.0007421150278293135
1178	0.0011131725417439704
605	0.0022263450834879408
1617	0.0011131725417439704
2349	0.00037105751391465676
4056	0.004823747680890538
373	0.0011131725417439704
2214	0.0007421150278293135
3174	0.001484230055658627
323	0.00037105751391465676
4057	0.008534322820037105
3110	0.00037105751391465676
1543	0.0007421150278293135
2288	0.00037105751391465676
1327	0.0007421150278293135
2186	0.00037105751391465676
2291	0.0011131725417439704
1841	0.0007421150278293135
789	0.0011131725417439704
4058	0.0022263450834879408
2973	0.0007421150278293135
1037	0.00037105751391465676
121	0.0007421150278293135
4059	0.016697588126159554
310	0.001484230055658627
81	0.0022263450834879408
1164	0.001484230055658627
3166	0.001484230055658627
4060	0.0007421150278293135
4061	0.004081632653061224
4062	0.002968460111317254
976	0.0011131725417439704
1472	0.0011131725417439704
4063	0.006679035250463821
2259	0.0007421150278293135
1347	0.0007421150278293135
329	0.00037105751391465676
2029	0.0022263450834879408
983	0.001484230055658627
2699	0.0007421150278293135
3414	0.0007421150278293135
4064	0.0055658627087198514
64	0.00037105751391465676
3641	0.0007421150278293135
4065	0.0033395176252319107
1273	0.0007421150278293135
1213	0.0007421150278293135
2242	0.00037105751391465676
1496	0.00037105751391465676
4066	0.0022263450834879408
2256	0.00037105751391465676
222	0.0007421150278293135
3228	0.0007421150278293135
4067	0.0011131725417439704
4068	0.007421150278293135
4069	0.004823747680890538
2363	0.00037105751391465676
443	0.001484230055658627
622	0.00037105751391465676
632	0.00037105751391465676
2808	0.00037105751391465676
2134	0.00037105751391465676
1716	0.00037105751391465676
2465	0.00037105751391465676
2725	0.00037105751391465676
3051	0.0007421150278293135
1571	0.0007421150278293135
4070	0.001484230055658627
2605	0.00037105751391465676
4071	0.0037105751391465673
3699	0.0011131725417439704
142	0.0025974025974025974
1283	0.0011131725417439704
3378	0.0011131725417439704
4072	0.0033395176252319107
2912	0.00037105751391465676
467	0.00037105751391465676
4073	0.0025974025974025974
2164	0.00037105751391465676
1494	0.00037105751391465676
4074	0.007792207792207792
2590	0.001484230055658627
2223	0.0007421150278293135
1039	0.0018552875695732837
2656	0.00037105751391465676
998	0.0007421150278293135
2834	0.00037105751391465676
1247	0.0018552875695732837
3498	0.00037105751391465676
1672	0.0007421150278293135
4075	0.004081632653061224
4076	0.01038961038961039
3044	0.0007421150278293135
1723	0.00037105751391465676
3876	0.0025974025974025974
511	0.001484230055658627
546	0.00037105751391465676
264	0.00037105751391465676
4077	0.00927643784786642
341	0.0007421150278293135
1320	0.0011131725417439704
1345	0.0011131725417439704
661	0.0011131725417439704
4078	0.005194805194805195
3692	0.0007421150278293135
3042	0.0011131725417439704
4079	0.007792207792207792
4080	0.006307977736549165
1518	0.001484230055658627
2473	0.001484230055658627
2788	0.0011131725417439704
245	0.0007421150278293135
2101	0.00037105751391465676
1244	0.00037105751391465676
3112	0.0007421150278293135
1770	0.00037105751391465676
2304	0.0011131725417439704
1284	0.00037105751391465676
2160	0.0007421150278293135
2410	0.00037105751391465676
2805	0.00037105751391465676
2510	0.00037105751391465676
3616	0.00037105751391465676
3113	0.0022263450834879408
4081	0.008905380333951763
1060	0.0007421150278293135
185	0.0011131725417439704
662	0.0011131725417439704
1398	0.0007421150278293135
3009	0.00037105751391465676
4082	0.0011131725417439704
3767	0.0007421150278293135
212	0.00037105751391465676
4083	0.0025974025974025974
3305	0.0007421150278293135
3611	0.0007421150278293135
4084	0.005194805194805195
4085	0.0033395176252319107
2426	0.00037105751391465676
2538	0.0007421150278293135
397	0.0007421150278293135
3172	0.00037105751391465676
4086	0.005936920222634508
132	0.0018552875695732837
378	0.00037105751391465676
3075	0.00037105751391465676
1816	0.00037105751391465676
4087	0.006307977736549165
648	0.001484230055658627
1595	0.0011131725417439704
955	0.0007421150278293135
3805	0.00037105751391465676
697	0.0011131725417439704
2174	0.0011131725417439704
3714	0.0007421150278293135
3570	0.0007421150278293135
4088	0.01484230055658627
3365	0.001484230055658627
3842	0.00037105751391465676
709	0.0007421150278293135
774	0.001484230055658627
4089	0.002968460111317254
4090	0.01484230055658627
1853	0.0007421150278293135
3906	0.0011131725417439704
1300	0.00037105751391465676
1493	0.00037105751391465676
3787	0.00037105751391465676
1910	0.0007421150278293135
469	0.00037105751391465676
1069	0.00037105751391465676
3226	0.00037105751391465676
2601	0.0007421150278293135
4091	0.004081632653061224
4092	0.007421150278293135
2296	0.00037105751391465676
168	0.00037105751391465676
4093	0.005936920222634508
3234	0.00037105751391465676
2986	0.0007421150278293135
4094	0.0044526901669758815
3308	0.0011131725417439704
2775	0.00037105751391465676
2024	0.00037105751391465676
4095	0.0044526901669758815
451	0.0011131725417439704
541	0.00037105751391465676
2447	0.0007421150278293135
1455	0.0007421150278293135
1854	0.0007421150278293135
4096	0.0022263450834879408
1648	0.00037105751391465676
2406	0.00037105751391465676
4097	0.0018552875695732837
2893	0.0007421150278293135
4098	0.011873840445269016
1296	0.00037105751391465676
4099	0.0025974025974025974
2468	0.0007421150278293135
1584	0.0007421150278293135
3757	0.00037105751391465676
3758	0.00037105751391465676
4100	0.005936920222634508
4101	0.0022263450834879408
3188	0.00037105751391465676
940	0.00037105751391465676
1937	0.00037105751391465676
4102	0.011873840445269016
1729	0.0007421150278293135
2535	0.001484230055658627
4103	0.0022263450834879408
4104	0.0018552875695732837
2746	0.00037105751391465676
579	0.0018552875695732837
1524	0.0007421150278293135
1412	0.00037105751391465676
4105	0.007050092764378478
3065	0.00037105751391465676
1435	0.00037105751391465676
4106	0.006307977736549165
1043	0.0007421150278293135
1498	0.0011131725417439704
613	0.00037105751391465676
74	0.0007421150278293135
1827	0.00037105751391465676
499	0.0007421150278293135
1307	0.0007421150278293135
412	0.00037105751391465676
3792	0.0018552875695732837
1090	0.00037105751391465676
4107	0.004823747680890538
1631	0.00037105751391465676
957	0.0007421150278293135
4108	0.029313543599257884
3833	0.00037105751391465676
441	0.00037105751391465676
2971	0.00037105751391465676
440	0.0007421150278293135
284	0.0007421150278293135
1859	0.0011131725417439704
3542	0.0007421150278293135
3827	0.00037105751391465676
2611	0.0007421150278293135
802	0.0007421150278293135
3832	0.00037105751391465676
354	0.00037105751391465676
3762	0.0007421150278293135
2983	0.0011131725417439704
3742	0.0011131725417439704
1122	0.00037105751391465676
72	0.0007421150278293135
673	0.00037105751391465676
911	0.00037105751391465676
3880	0.0007421150278293135
2942	0.00037105751391465676
1573	0.00037105751391465676
4109	0.006679035250463821
4110	0.0022263450834879408
1506	0.0007421150278293135
2606	0.0007421150278293135
676	0.0022263450834879408
723	0.0011131725417439704
3490	0.00037105751391465676
4111	0.004823747680890538
1226	0.00037105751391465676
669	0.00037105751391465676
710	0.0011131725417439704
4112	0.008534322820037105
2566	0.001484230055658627
4113	0.005194805194805195
59	0.00037105751391465676
783	0.0011131725417439704
2243	0.0007421150278293135
1459	0.0007421150278293135
4114	0.001484230055658627
4115	0.001484230055658627
3442	0.00037105751391465676
4116	0.0011131725417439704
4117	0.0025974025974025974
4118	0.011873840445269016
1978	0.0025974025974025974
2466	0.0022263450834879408
990	0.0025974025974025974
452	0.001484230055658627
2037	0.00037105751391465676
3677	0.0022263450834879408
3221	0.001484230055658627
1436	0.00037105751391465676
2378	0.0007421150278293135
4119	0.0025974025974025974
1671	0.00037105751391465676
594	0.0011131725417439704
4120	0.006679035250463821
2439	0.00037105751391465676
2636	0.00037105751391465676
3453	0.00037105751391465676
556	0.0011131725417439704
3454	0.00037105751391465676
4121	0.021150278293135434
3230	0.00037105751391465676
1994	0.00037105751391465676
933	0.0007421150278293135
3265	0.00037105751391465676
1249	0.00037105751391465676
3660	0.00037105751391465676
564	0.0011131725417439704
3185	0.001484230055658627
2498	0.00037105751391465676
1657	0.00037105751391465676
3545	0.00037105751391465676
89	0.00037105751391465676
445	0.0007421150278293135
1451	0.00037105751391465676
1911	0.00037105751391465676
317	0.001484230055658627
2201	0.0007421150278293135
257	0.00037105751391465676
3500	0.001484230055658627
3016	0.0011131725417439704
2089	0.0011131725417439704
3106	0.00037105751391465676
3755	0.00037105751391465676
1585	0.00037105751391465676
1198	0.0007421150278293135
2982	0.00037105751391465676
2237	0.0011131725417439704
2311	0.00037105751391465676
779	0.0007421150278293135
1688	0.0007421150278293135
530	0.0007421150278293135
448	0.0011131725417439704
1695	0.001484230055658627
931	0.00037105751391465676
73	0.0007421150278293135
1499	0.00037105751391465676
3544	0.0007421150278293135
2796	0.00037105751391465676
4122	0.0055658627087198514
1798	0.0007421150278293135
3388	0.0007421150278293135
1698	0.0011131725417439704
4123	0.004081632653061224
1048	0.0011131725417439704
267	0.00037105751391465676
4124	0.0025974025974025974
4125	0.004081632653061224
734	0.0007421150278293135
1934	0.0007421150278293135
1533	0.0007421150278293135
505	0.0018552875695732837
454	0.0011131725417439704
3884	0.001484230055658627
3831	0.00037105751391465676
4126	0.014100185528756956
1902	0.0007421150278293135
194	0.0011131725417439704
604	0.0007421150278293135
1535	0.0007421150278293135
2451	0.0011131725417439704
2750	0.00037105751391465676
1641	0.00037105751391465676
3779	0.00037105751391465676
3698	0.0007421150278293135
606	0.002968460111317254
19	0.0022263450834879408
1258	0.0007421150278293135
3515	0.0018552875695732837
7	0.0007421150278293135
4127	0.0025974025974025974
3261	0.0007421150278293135
4128	0.010760667903525046
2367	0.0007421150278293135
3573	0.0007421150278293135
76	0.0007421150278293135
2969	0.0011131725417439704
2970	0.0011131725417439704
3458	0.001484230055658627
263	0.0007421150278293135
3007	0.0007421150278293135
1050	0.0011131725417439704
2916	0.00037105751391465676
975	0.0007421150278293135
3015	0.0011131725417439704
3014	0.0007421150278293135
1143	0.0007421150278293135
2441	0.0007421150278293135
442	0.001484230055658627
4129	0.0044526901669758815
2357	0.00037105751391465676
885	0.00037105751391465676
3633	0.0022263450834879408
732	0.00037105751391465676
4130	0.0137291280148423
2031	0.0007421150278293135
2428	0.00037105751391465676
3680	0.0011131725417439704
2205	0.0007421150278293135
3262	0.0007421150278293135
150	0.0011131725417439704
4131	0.0033395176252319107
2475	0.00037105751391465676
3026	0.00037105751391465676
4132	0.006679035250463821
4133	0.0055658627087198514
3466	0.00037105751391465676
429	0.00037105751391465676
2390	0.0007421150278293135
116	0.0007421150278293135
2312	0.00037105751391465676
1891	0.00037105751391465676
2574	0.0007421150278293135
2010	0.0007421150278293135
2207	0.0007421150278293135
535	0.001484230055658627
2463	0.00037105751391465676
4134	0.008534322820037105
1987	0.0007421150278293135
4135	0.0037105751391465673
1519	0.00037105751391465676
2434	0.00037105751391465676
3322	0.0007421150278293135
4136	0.006307977736549165
495	0.00037105751391465676
3529	0.0007421150278293135
1963	0.00037105751391465676
4137	0.008534322820037105
1102	0.00037105751391465676
482	0.00037105751391465676
2161	0.0011131725417439704
3063	0.0007421150278293135
1539	0.00037105751391465676
2106	0.00037105751391465676
4138	0.017439703153988868
1280	0.00037105751391465676
2329	0.00037105751391465676
1582	0.0011131725417439704
812	0.00037105751391465676
4139	0.0055658627087198514
4140	0.007792207792207792
4141	0.007050092764378478
4142	0.0018552875695732837
4143	0.004081632653061224
1256	0.00037105751391465676
4144	0.004823747680890538
831	0.00037105751391465676
4145	0.005936920222634508
3679	0.0007421150278293135
3103	0.0011131725417439704
3091	0.0011131725417439704
3102	0.0011131725417439704
2547	0.0011131725417439704
1884	0.00037105751391465676
746	0.0011131725417439704
2097	0.0011131725417439704
615	0.0007421150278293135
4146	0.0018552875695732837
161	0.00037105751391465676
4147	0.005194805194805195
4148	0.004823747680890538
1689	0.0011131725417439704
1139	0.001484230055658627
2094	0.00037105751391465676
803	0.0007421150278293135
2909	0.00037105751391465676
2402	0.00037105751391465676
2126	0.00037105751391465676
4149	0.004823747680890538
306	0.00037105751391465676
31	0.00037105751391465676
4150	0.008163265306122448
1294	0.0007421150278293135
1862	0.0007421150278293135
1562	0.0007421150278293135
1415	0.0007421150278293135
4151	0.007792207792207792
4152	0.008905380333951763
380	0.0007421150278293135
3475	0.00037105751391465676
344	0.0018552875695732837
3860	0.0011131725417439704
3348	0.0007421150278293135
1225	0.00037105751391465676
1232	0.00037105751391465676
2763	0.00037105751391465676
755	0.00037105751391465676
2017	0.00037105751391465676
328	0.00037105751391465676
1246	0.00037105751391465676
522	0.00037105751391465676
4153	0.008905380333951763
199	0.0007421150278293135
4154	0.01484230055658627
438	0.0007421150278293135
1195	0.0011131725417439704
2576	0.00037105751391465676
3867	0.0007421150278293135
3891	0.0007421150278293135
2333	0.00037105751391465676
1431	0.0011131725417439704
2649	0.0007421150278293135
3069	0.0007421150278293135
102	0.00037105751391465676
2685	0.0007421150278293135
1416	0.0007421150278293135
695	0.0007421150278293135
1871	0.0007421150278293135
302	0.0011131725417439704
2537	0.0007421150278293135
2954	0.00037105751391465676
3286	0.00037105751391465676
4155	0.001484230055658627
4156	0.007050092764378478
1697	0.001484230055658627
375	0.0007421150278293135
1042	0.0011131725417439704
2686	0.00037105751391465676
1211	0.00037105751391465676
4157	0.008905380333951763
4158	0.006307977736549165
2940	0.0007421150278293135
2181	0.0007421150278293135
423	0.0011131725417439704
3796	0.00037105751391465676
4159	0.0037105751391465673
2165	0.00037105751391465676
2901	0.00037105751391465676
4160	0.007050092764378478
2985	0.00037105751391465676
1842	0.00037105751391465676
187	0.00037105751391465676
4161	0.005194805194805195
2676	0.00037105751391465676
1694	0.0007421150278293135
1125	0.0007421150278293135
4162	0.004081632653061224
958	0.001484230055658627
68	0.00037105751391465676
1635	0.00037105751391465676
828	0.00037105751391465676
4163	0.006307977736549165
2233	0.00037105751391465676
1002	0.0007421150278293135
765	0.0007421150278293135
1566	0.00037105751391465676
1961	0.00037105751391465676
924	0.00037105751391465676
1485	0.0011131725417439704
2894	0.00037105751391465676
4164	0.007050092764378478
2759	0.00037105751391465676
1429	0.00037105751391465676
4165	0.01484230055658627
336	0.0007421150278293135
3227	0.0007421150278293135
339	0.0007421150278293135
4166	0.011873840445269016
133	0.0011131725417439704
225	0.00037105751391465676
3587	0.00037105751391465676
1724	0.0007421150278293135
2803	0.00037105751391465676
3624	0.00037105751391465676
871	0.00037105751391465676
1360	0.0007421150278293135
624	0.00037105751391465676
912	0.00037105751391465676
3411	0.0007421150278293135
914	0.00037105751391465676
3115	0.00037105751391465676
3340	0.0011131725417439704
4167	0.0044526901669758815
3120	0.00037105751391465676
1362	0.00037105751391465676
4168	0.00927643784786642
196	0.0011131725417439704
2176	0.00037105751391465676
4169	0.002968460111317254
575	0.0007421150278293135
4170	0.006307977736549165
2062	0.0011131725417439704
3731	0.00037105751391465676
3893	0.0007421150278293135
3242	0.00037105751391465676
818	0.0011131725417439704
4171	0.006679035250463821
2239	0.00037105751391465676
1344	0.00037105751391465676
2640	0.00037105751391465676
4172	0.004081632653061224
360	0.0007421150278293135
4173	0.005936920222634508
4174	0.009647495361781076
3739	0.00037105751391465676
2517	0.0007421150278293135
1773	0.00037105751391465676
1766	0.0007421150278293135
1785	0.00037105751391465676
3512	0.0007421150278293135
3513	0.0007421150278293135
431	0.00037105751391465676
57	0.0007421150278293135
4175	0.008534322820037105
1092	0.00037105751391465676
4176	0.0011131725417439704
2937	0.00037105751391465676
4177	0.008163265306122448
1547	0.0007421150278293135
1413	0.00037105751391465676
1956	0.00037105751391465676
4178	0.0037105751391465673
1282	0.00037105751391465676
2472	0.0011131725417439704
4179	0.007421150278293135
1527	0.00037105751391465676
87	0.00037105751391465676
333	0.00037105751391465676
4180	0.0025974025974025974
3385	0.0007421150278293135
2988	0.00037105751391465676
4181	0.0018552875695732837
198	0.00037105751391465676
4182	0.008905380333951763
4183	0.01595547309833024
531	0.00037105751391465676
2719	0.00037105751391465676
361	0.00037105751391465676
2076	0.00037105751391465676
1387	0.00037105751391465676
3835	0.00037105751391465676
974	0.00037105751391465676
1231	0.00037105751391465676
1150	0.00037105751391465676
3070	0.00037105751391465676
176	0.0007421150278293135
2688	0.0011131725417439704
967	0.00037105751391465676
3517	0.00037105751391465676
2305	0.00037105751391465676
1272	0.00037105751391465676
2212	0.00037105751391465676
4184	0.005936920222634508
1255	0.00037105751391465676
2669	0.00037105751391465676
867	0.00037105751391465676
1596	0.00037105751391465676
4185	0.0033395176252319107
459	0.0011131725417439704
4186	0.007050092764378478
3499	0.00037105751391465676
2158	0.0007421150278293135
1851	0.00037105751391465676
3105	0.0007421150278293135
4187	0.006679035250463821
4188	0.0022263450834879408
2388	0.00037105751391465676
1476	0.00037105751391465676
2307	0.0011131725417439704
4189	0.019294990723562153
236	0.0007421150278293135
2156	0.0011131725417439704
4190	0.01261595547309833
901	0.00037105751391465676
155	0.00037105751391465676
4191	0.008534322820037105
1969	0.00037105751391465676
4192	0.004823747680890538
4193	0.00037105751391465676
2188	0.00037105751391465676
3897	0.00037105751391465676
4194	0.0033395176252319107
609	0.00037105751391465676
1607	0.0007421150278293135
1714	0.00037105751391465676
4195	0.0037105751391465673
3345	0.00037105751391465676
206	0.00037105751391465676
2308	0.00037105751391465676
639	0.00037105751391465676
1097	0.00037105751391465676
2924	0.00037105751391465676
2756	0.00037105751391465676
4196	0.020037105751391466
1086	0.00037105751391465676
929	0.00037105751391465676
3344	0.0007421150278293135
1528	0.00037105751391465676
947	0.0007421150278293135
2584	0.0007421150278293135
3201	0.0007421150278293135
1091	0.00037105751391465676
3571	0.0011131725417439704
728	0.0007421150278293135
2892	0.00037105751391465676
4197	0.0022263450834879408
2189	0.00037105751391465676
3887	0.00037105751391465676
4198	0.0055658627087198514
2303	0.00037105751391465676
1918	0.00037105751391465676
3152	0.00037105751391465676
4199	0.014471243042671613
3462	0.0011131725417439704
2521	0.00037105751391465676
4200	0.005194805194805195
2643	0.0007421150278293135
4201	0.0055658627087198514
4202	0.004081632653061224
340	0.0007421150278293135
233	0.00037105751391465676
307	0.00037105751391465676
508	0.0037105751391465673
2876	0.00037105751391465676
1108	0.0011131725417439704
3497	0.0007421150278293135
2111	0.0011131725417439704
4203	0.009647495361781076
3433	0.0007421150278293135
1626	0.0007421150278293135
3795	0.00037105751391465676
935	0.0007421150278293135
1010	0.00037105751391465676
2131	0.0011131725417439704
2978	0.0007421150278293135
4204	0.0044526901669758815
4205	0.0055658627087198514
4206	0.0022263450834879408
4207	0.005936920222634508
1640	0.0007421150278293135
291	0.00037105751391465676
1197	0.00037105751391465676
2416	0.0007421150278293135
1277	0.0011131725417439704
1907	0.0007421150278293135
2684	0.00037105751391465676
2955	0.00037105751391465676
1281	0.00037105751391465676
1739	0.0007421150278293135
1479	0.0007421150278293135
439	0.00037105751391465676
4208	0.0055658627087198514
1645	0.00037105751391465676
1342	0.00037105751391465676
2623	0.00037105751391465676
637	0.0011131725417439704
1295	0.00037105751391465676
4209	0.006679035250463821
4210	0.004823747680890538
665	0.00037105751391465676
376	0.0007421150278293135
2667	0.00037105751391465676
1887	0.00037105751391465676
1336	0.0007421150278293135
4211	0.009647495361781076
1465	0.0007421150278293135
4212	0.021521335807050092
3875	0.00037105751391465676
1948	0.0007421150278293135
2679	0.00037105751391465676
3623	0.0011131725417439704
4213	0.0033395176252319107
3551	0.00037105751391465676
3376	0.00037105751391465676
1394	0.00037105751391465676
4214	0.0055658627087198514
3591	0.00037105751391465676
1116	0.0007421150278293135
3711	0.00037105751391465676
3592	0.00037105751391465676
1525	0.00037105751391465676
4215	0.001484230055658627
4216	0.0037105751391465673
3191	0.00037105751391465676
2346	0.00037105751391465676
516	0.00037105751391465676
2722	0.00037105751391465676
1580	0.00037105751391465676
563	0.00037105751391465676
515	0.00037105751391465676
2904	0.00037105751391465676
4217	0.005936920222634508
4218	0.005194805194805195
3681	0.0007421150278293135
4219	0.006679035250463821
1458	0.00037105751391465676
4220	0.0022263450834879408
4221	0.023376623376623374
4222	0.004823747680890538
2316	0.00037105751391465676
3629	0.00037105751391465676
276	0.00037105751391465676
1757	0.00037105751391465676
927	0.00037105751391465676
2950	0.00037105751391465676
4223	0.001484230055658627
3525	0.00037105751391465676
4224	0.015213358070500928
3398	0.00037105751391465676
1676	0.00037105751391465676
2826	0.00037105751391465676
891	0.00037105751391465676
1339	0.0011131725417439704
2990	0.00037105751391465676
2815	0.00037105751391465676
86	0.00037105751391465676
937	0.00037105751391465676
1266	0.00037105751391465676
1230	0.0011131725417439704
4225	0.006679035250463821
3514	0.0007421150278293135
952	0.00037105751391465676
2222	0.00037105751391465676
4226	0.016326530612244896
3155	0.00037105751391465676
805	0.001484230055658627
777	0.0007421150278293135
466	0.0011131725417439704
93	0.00037105751391465676
4227	0.008163265306122448
988	0.00037105751391465676
1790	0.0007421150278293135
4228	0.0022263450834879408
4229	0.01038961038961039
2012	0.00037105751391465676
4230	0.005936920222634508
2792	0.00037105751391465676
3537	0.0007421150278293135
3602	0.00037105751391465676
3557	0.0011131725417439704
1454	0.0007421150278293135
4231	0.005936920222634508
1664	0.00037105751391465676
4232	0.0044526901669758815
583	0.0007421150278293135
2557	0.0007421150278293135
1925	0.00037105751391465676
1044	0.00037105751391465676
4233	0.006307977736549165
2185	0.00037105751391465676
4234	0.006307977736549165
4235	0.008534322820037105
97	0.00037105751391465676
4236	0.012987012987012986
504	0.00037105751391465676
2144	0.00037105751391465676
851	0.00037105751391465676
1602	0.00037105751391465676
3894	0.00037105751391465676
1096	0.00037105751391465676
90	0.00037105751391465676
4237	0.0022263450834879408
1303	0.00037105751391465676
4238	0.001484230055658627
4239	0.0033395176252319107
3081	0.0007421150278293135
3056	0.00037105751391465676
4240	0.0033395176252319107
4241	0.004823747680890538
2508	0.0007421150278293135
3613	0.0007421150278293135
3426	0.00037105751391465676
4242	0.008534322820037105
4243	0.008163265306122448
1481	0.0007421150278293135
1484	0.00037105751391465676
2236	0.00037105751391465676
2548	0.00037105751391465676
768	0.00037105751391465676
3297	0.00037105751391465676
1659	0.00037105751391465676
3478	0.00037105751391465676
4244	0.001484230055658627
4245	0.0011131725417439704
4246	0.0011131725417439704
4247	0.005936920222634508
3748	0.00037105751391465676
4248	0.005936920222634508
4249	0.007792207792207792
2238	0.00037105751391465676
1903	0.00037105751391465676
1845	0.0011131725417439704
1214	0.0007421150278293135
1448	0.0007421150278293135
1158	0.00037105751391465676
1881	0.00037105751391465676
4250	0.005936920222634508
3534	0.0007421150278293135
620	0.00037105751391465676
4251	0.008905380333951763
15	0.00037105751391465676
3581	0.0007421150278293135
1239	0.0007421150278293135
2809	0.00037105751391465676
1366	0.00037105751391465676
3298	0.00037105751391465676
1490	0.00037105751391465676
754	0.00037105751391465676
2366	0.00037105751391465676
3809	0.00037105751391465676
2083	0.00037105751391465676
4252	0.004823747680890538
4253	0.013358070500927643
2933	0.0007421150278293135
3645	0.00037105751391465676
2754	0.00037105751391465676
2112	0.00037105751391465676
938	0.00037105751391465676
3099	0.0007421150278293135
2830	0.00037105751391465676
1003	0.00037105751391465676
2671	0.00037105751391465676
3807	0.0007421150278293135
3721	0.00037105751391465676
3676	0.0007421150278293135
1442	0.00037105751391465676
757	0.0007421150278293135
4254	0.010018552875695733
4255	0.004081632653061224
965	0.00037105751391465676
963	0.00037105751391465676
1315	0.00037105751391465676
788	0.00037105751391465676
3864	0.00037105751391465676
2477	0.00037105751391465676
2561	0.0007421150278293135
1501	0.0007421150278293135
4256	0.009647495361781076
1639	0.00037105751391465676
1516	0.00037105751391465676
1608	0.00037105751391465676
1075	0.00037105751391465676
2500	0.00037105751391465676
1986	0.00037105751391465676
490	0.0007421150278293135
2295	0.0007421150278293135
2403	0.00037105751391465676
4257	0.001484230055658627
4258	0.004081632653061224
449	0.00037105751391465676
1378	0.00037105751391465676
4259	0.01150278293135436
2654	0.0007421150278293135
787	0.0007421150278293135
979	0.00037105751391465676
4260	0.0037105751391465673
4261	0.0033395176252319107
2728	0.00037105751391465676
1717	0.0011131725417439704
4262	0.004081632653061224
4263	0.0037105751391465673
3561	0.0007421150278293135
934	0.00037105751391465676
4264	0.01484230055658627
1129	0.0007421150278293135
1597	0.0011131725417439704
4265	0.008163265306122448
4266	0.010760667903525046
468	0.0011131725417439704
2446	0.00037105751391465676
2066	0.001484230055658627
3104	0.00037105751391465676
4267	0.00037105751391465676
4268	0.004081632653061224
4269	0.0025974025974025974
4270	0.0044526901669758815
2541	0.00037105751391465676
842	0.00037105751391465676
4271	0.006307977736549165
4272	0.0018552875695732837
1054	0.0007421150278293135
2088	0.00037105751391465676
2452	0.00037105751391465676
4273	0.005936920222634508
3791	0.0007421150278293135
4274	0.0037105751391465673
4275	0.002968460111317254
1616	0.0007421150278293135
2283	0.00037105751391465676
3904	0.00037105751391465676
4276	0.0033395176252319107
4277	0.002968460111317254
2543	0.00037105751391465676
2816	0.00037105751391465676
2539	0.00037105751391465676
4278	0.004081632653061224
1857	0.00037105751391465676
4279	0.008905380333951763
1940	0.00037105751391465676
3733	0.00037105751391465676
3845	0.00037105751391465676
293	0.0007421150278293135
103	0.00037105751391465676
4280	0.0137291280148423
1792	0.00037105751391465676
2226	0.00037105751391465676
4281	0.005194805194805195
3554	0.00037105751391465676
1674	0.00037105751391465676
2038	0.00037105751391465676
3354	0.00037105751391465676
3717	0.0007421150278293135
506	0.00037105751391465676
4282	0.0055658627087198514
4283	0.004081632653061224
3405	0.0011131725417439704
3695	0.0011131725417439704
4284	0.004081632653061224
4285	0.0011131725417439704
4286	0.011131725417439703
1761	0.00037105751391465676
1430	0.00037105751391465676
1819	0.00037105751391465676
2347	0.00037105751391465676
1542	0.00037105751391465676
4287	0.006307977736549165
3231	0.00037105751391465676
313	0.00037105751391465676
1014	0.00037105751391465676
1260	0.00037105751391465676
4288	0.006679035250463821
4289	0.016326530612244896
2744	0.0007421150278293135
1900	0.0007421150278293135
3436	0.00037105751391465676
2499	0.00037105751391465676
721	0.0011131725417439704
4290	0.0055658627087198514
1855	0.0007421150278293135
4291	0.0037105751391465673
630	0.00037105751391465676
2374	0.0007421150278293135
4292	0.0037105751391465673
2483	0.0007421150278293135
408	0.00037105751391465676
1849	0.00037105751391465676
4293	0.006679035250463821
213	0.00037105751391465676
4294	0.00927643784786642
718	0.00037105751391465676
539	0.00037105751391465676
4295	0.02040816326530612
3374	0.00037105751391465676
411	0.00037105751391465676
1200	0.0007421150278293135
3664	0.00037105751391465676
4296	0.0011131725417439704
4297	0.0037105751391465673
4298	0.006679035250463821
3725	0.00037105751391465676
1662	0.0007421150278293135
3776	0.00037105751391465676
4299	0.004823747680890538
420	0.00037105751391465676
1384	0.00037105751391465676
4300	0.007050092764378478
3886	0.0007421150278293135
3093	0.00037105751391465676
3094	0.00037105751391465676
2043	0.00037105751391465676
4301	0.0037105751391465673
3171	0.0007421150278293135
4302	0.005936920222634508
1825	0.0007421150278293135
2163	0.00037105751391465676
4303	0.0018552875695732837
453	0.00037105751391465676
4304	0.0037105751391465673
2313	0.00037105751391465676
4305	0.009647495361781076
261	0.0007421150278293135
2092	0.00037105751391465676
4306	0.004823747680890538
4307	0.006679035250463821
3111	0.001484230055658627
797	0.00037105751391465676
3123	0.001484230055658627
3903	0.00037105751391465676
1173	0.00037105751391465676
2028	0.00037105751391465676
4308	0.015584415584415584
1741	0.00037105751391465676
4309	0.0037105751391465673
4310	0.005936920222634508
160	0.00037105751391465676
3326	0.00037105751391465676
4311	0.006307977736549165
4312	0.0044526901669758815
898	0.00037105751391465676
2275	0.00037105751391465676
3406	0.00037105751391465676
954	0.00037105751391465676
3137	0.00037105751391465676
3397	0.0007421150278293135
1860	0.0007421150278293135
2944	0.0007421150278293135
647	0.00037105751391465676
4313	0.015213358070500928
2583	0.00037105751391465676
2194	0.00037105751391465676
3775	0.00037105751391465676
3080	0.00037105751391465676
2387	0.00037105751391465676
4314	0.011131725417439703
4315	0.0022263450834879408
2571	0.00037105751391465676
4316	0.014471243042671613
4317	0.010018552875695733
3121	0.00037105751391465676
1314	0.0007421150278293135
425	0.00037105751391465676
1713	0.00037105751391465676
4318	0.0007421150278293135
4319	0.0007421150278293135
4320	0.0037105751391465673
2768	0.00037105751391465676
0	0.00037105751391465676
4321	0.014100185528756956
2875	0.00037105751391465676
536	0.00037105751391465676
4322	0.0007421150278293135
4323	0.004823747680890538
37	0.00037105751391465676
1112	0.00037105751391465676
4324	0.00927643784786642
3656	0.00037105751391465676
3781	0.00037105751391465676
1781	0.00037105751391465676
4325	0.019294990723562153
3368	0.00037105751391465676
1743	0.0007421150278293135
4326	0.007421150278293135
4327	0.00037105751391465676
4328	0.0011131725417439704
4329	0.07087198515769944
3164	0.00037105751391465676
1634	0.00037105751391465676
715	0.00037105751391465676
8	0.00037105751391465676
355	0.00037105751391465676
1297	0.00037105751391465676
848	0.00037105751391465676
2409	0.00037105751391465676
3294	0.00037105751391465676
1147	0.00037105751391465676
1145	0.00037105751391465676
1880	0.00037105751391465676
1317	0.00037105751391465676
3249	0.00037105751391465676
3391	0.00037105751391465676
2882	0.00037105751391465676
171	0.00037105751391465676
1267	0.00037105751391465676
2336	0.00037105751391465676
3295	0.00037105751391465676
3022	0.00037105751391465676
2265	0.0007421150278293135
2021	0.00037105751391465676
3148	0.00037105751391465676
3126	0.00037105751391465676
1009	0.00037105751391465676
3750	0.00037105751391465676
1319	0.00037105751391465676
415	0.00037105751391465676
2878	0.00037105751391465676
2731	0.0007421150278293135
978	0.00037105751391465676
3010	0.00037105751391465676
1041	0.00037105751391465676
3851	0.00037105751391465676
2361	0.00037105751391465676
3321	0.00037105751391465676
1830	0.00037105751391465676
3416	0.00037105751391465676
2377	0.00037105751391465676
1665	0.00037105751391465676
2964	0.00037105751391465676
3540	0.00037105751391465676
3356	0.00037105751391465676
1400	0.00037105751391465676
3463	0.00037105751391465676
2823	0.00037105751391465676
4330	0.006679035250463821
861	0.0007421150278293135
2760	0.00037105751391465676
4331	0.0044526901669758815
4332	0.0022263450834879408
2456	0.00037105751391465676
1348	0.00037105751391465676
1753	0.00037105751391465676
4333	0.006679035250463821
3868	0.00037105751391465676
4334	0.002968460111317254
4335	0.01150278293135436
256	0.00037105751391465676
3117	0.00037105751391465676
1941	0.0007421150278293135
2227	0.00037105751391465676
992	0.00037105751391465676
1106	0.00037105751391465676
3159	0.00037105751391465676
4336	0.023747680890538032
1466	0.00037105751391465676
696	0.00037105751391465676
1373	0.00037105751391465676
2628	0.00037105751391465676
1352	0.00037105751391465676
1229	0.00037105751391465676
4337	0.006679035250463821
4338	0.008905380333951763
2240	0.00037105751391465676
3461	0.00037105751391465676
3743	0.00037105751391465676
2167	0.00037105751391465676
2518	0.0007421150278293135
356	0.00037105751391465676
1565	0.00037105751391465676
4339	0.0044526901669758815
4340	0.0044526901669758815
2570	0.00037105751391465676
4341	0.01818181818181818
1163	0.00037105751391465676
2635	0.00037105751391465676
4342	0.0044526901669758815
2269	0.00037105751391465676
2150	0.00037105751391465676
4343	0.011873840445269016
4344	0.005936920222634508
4345	0.007421150278293135
3233	0.00037105751391465676
3232	0.00037105751391465676
1979	0.00037105751391465676
4346	0.0055658627087198514
4347	0.004081632653061224
4348	0.005936920222634508
1735	0.00037105751391465676
1118	0.00037105751391465676
2968	0.00037105751391465676
1983	0.0007421150278293135
4349	0.0044526901669758815
3841	0.00037105751391465676
826	0.00037105751391465676
3840	0.00037105751391465676
4350	0.016697588126159554
2952	0.00037105751391465676
525	0.0007421150278293135
4351	0.0011131725417439704
4352	0.004081632653061224
4353	0.0033395176252319107
4354	0.0033395176252319107
4355	0.001484230055658627
626	0.00037105751391465676
2391	0.00037105751391465676
1560	0.00037105751391465676
1511	0.00037105751391465676
4356	0.0022263450834879408
4357	0.0018552875695732837
1992	0.00037105751391465676
1508	0.0007421150278293135
1905	0.0007421150278293135
4358	0.008534322820037105
1810	0.00037105751391465676
815	0.00037105751391465676
2172	0.0007421150278293135
1329	0.00037105751391465676
3118	0.00037105751391465676
4359	0.008534322820037105
4360	0.0044526901669758815
2103	0.00037105751391465676
675	0.00037105751391465676
2553	0.00037105751391465676
4361	0.011131725417439703
4362	0.0011131725417439704
4363	0.0033395176252319107
3096	0.0007421150278293135
4364	0.0055658627087198514
1666	0.00037105751391465676
1733	0.00037105751391465676
127	0.0007421150278293135
3476	0.00037105751391465676
1814	0.00037105751391465676
4365	0.005194805194805195
1906	0.0007421150278293135
1396	0.00037105751391465676
1184	0.00037105751391465676
122	0.00037105751391465676
1980	0.00037105751391465676
4366	0.0022263450834879408
2619	0.00037105751391465676
4367	0.010760667903525046
1251	0.00037105751391465676
3708	0.00037105751391465676
3448	0.00037105751391465676
3756	0.00037105751391465676
1155	0.00037105751391465676
315	0.00037105751391465676
1242	0.00037105751391465676
1872	0.00037105751391465676
3709	0.00037105751391465676
2593	0.00037105751391465676
2615	0.00037105751391465676
4368	0.005194805194805195
1495	0.00037105751391465676
2229	0.00037105751391465676
807	0.00037105751391465676
4369	0.002968460111317254
2266	0.00037105751391465676
4370	0.0044526901669758815
1877	0.00037105751391465676
3858	0.00037105751391465676
4371	0.014100185528756956
4372	0.01261595547309833
3565	0.00037105751391465676
2067	0.00037105751391465676
492	0.0007421150278293135
1264	0.00037105751391465676
3455	0.00037105751391465676
4373	0.019294990723562153
4374	0.012244897959183673
2314	0.00037105751391465676
1047	0.00037105751391465676
2755	0.00037105751391465676
2117	0.00037105751391465676
1351	0.00037105751391465676
1130	0.00037105751391465676
1477	0.00037105751391465676
1592	0.00037105751391465676
2051	0.00037105751391465676
1721	0.00037105751391465676
2389	0.00037105751391465676
1720	0.00037105751391465676
2609	0.00037105751391465676
4375	0.006307977736549165
4376	0.0025974025974025974
3061	0.00037105751391465676
3474	0.0007421150278293135
2152	0.00037105751391465676
4377	0.002968460111317254
4378	0.0033395176252319107
1787	0.00037105751391465676
1998	0.00037105751391465676
3546	0.00037105751391465676
4379	0.005194805194805195
2486	0.00037105751391465676
2130	0.0007421150278293135
4380	0.010760667903525046
1752	0.00037105751391465676
4381	0.008905380333951763
4382	0.008905380333951763
1321	0.00037105751391465676
1056	0.00037105751391465676
1286	0.00037105751391465676
2745	0.00037105751391465676
1523	0.00037105751391465676
1053	0.00037105751391465676
3846	0.00037105751391465676
458	0.00037105751391465676
4383	0.0033395176252319107
4384	0.008163265306122448
2216	0.0007421150278293135
1089	0.00037105751391465676
3907	0.00037105751391465676
1989	0.00037105751391465676
4385	0.004823747680890538
1833	0.00037105751391465676
343	0.00037105751391465676
221	0.00037105751391465676
4386	0.0055658627087198514
4387	0.01038961038961039
853	0.00037105751391465676
984	0.00037105751391465676
827	0.00037105751391465676
2714	0.00037105751391465676
941	0.00037105751391465676
4388	0.0037105751391465673
4389	0.006307977736549165
3754	0.00037105751391465676
4390	0.006679035250463821
4391	0.005194805194805195
4392	0.02040816326530612
2503	0.00037105751391465676
1013	0.00037105751391465676
395	0.00037105751391465676
2206	0.00037105751391465676
738	0.00037105751391465676
864	0.00037105751391465676
550	0.00037105751391465676
1707	0.00037105751391465676
289	0.00037105751391465676
3147	0.00037105751391465676
2074	0.00037105751391465676
2217	0.00037105751391465676
3819	0.00037105751391465676
1146	0.0007421150278293135
1036	0.00037105751391465676
2490	0.00037105751391465676
823	0.00037105751391465676
4393	0.00037105751391465676
4394	0.00927643784786642
2281	0.00037105751391465676
3127	0.00037105751391465676
2198	0.00037105751391465676
4395	0.0018552875695732837
4396	0.00037105751391465676
4397	0.0018552875695732837
543	0.00037105751391465676
4398	0.007792207792207792
4399	0.004081632653061224
3210	0.00037105751391465676
1099	0.00037105751391465676
3682	0.00037105751391465676
4400	0.0055658627087198514
600	0.00037105751391465676
4401	0.00037105751391465676
4402	0.0011131725417439704
2956	0.00037105751391465676
3329	0.00037105751391465676
4403	0.0007421150278293135
4404	0.0022263450834879408
500	0.00037105751391465676
2420	0.00037105751391465676
4405	0.005194805194805195
1828	0.00037105751391465676
2154	0.00037105751391465676
1065	0.00037105751391465676
2382	0.00037105751391465676
115	0.00037105751391465676
4406	0.0018552875695732837
4407	0.002968460111317254
4408	0.002968460111317254
3235	0.00037105751391465676
4409	0.008534322820037105
3040	0.00037105751391465676
