2052	0.0
3910	0.00555859616263664
2931	2.314351541149491e-05
3135	6.0334655052703095e-05
2408	0.0005769823567056731
1405	0.0001012269626411336
2516	0.0
893	0.00015900106030038692
188	0.000326848886888798
2356	0.0
1840	0.00040005641189299923
557	0.0002623679578271887
1784	0.0
553	0.0009615544556484392
53	0.00043942940247084346
845	7.522660535324079e-06
105	2.6855649169091647e-05
2989	1.6156936347501443e-05
764	4.894413849410586e-05
2712	0.0
3911	0.0016316352443319236
159	0.00011677650227076057
2071	4.229291603369738e-05
3413	0.0001232299650630689
88	0.005476060402246369
428	0.0004395824222531435
2799	0.0
716	9.268929270132441e-05
3912	0.0013232757930501545
189	0.07763440649207995
640	0.0
3578	0.0
215	0.0009185636068223392
2153	6.311661217181375e-05
1103	0.00013170590371397247
224	0.0001551481835697916
99	0.0001237620776912462
659	4.121563190799178e-05
2596	4.489060720739964e-06
1023	0.004363566554740517
3913	0.004299509541812504
69	0.0605592225923841
21	0.24091195053421385
134	0.0013876338123403077
3409	0.000529802336907419
9	0.008556207998052475
177	0.0015827522044931383
2085	0.0
113	0.002020266359538424
403	0.00039656256792657994
617	0.0015709654994820418
548	0.000644615417406993
494	0.0007465378446568665
426	0.00039617431183352055
822	0.0020949186427136586
1503	0.0
2338	0.0
446	5.847261387472214e-05
61	0.01065904935018729
3914	0.004762068526047042
5	4.629263255277362e-05
46	0.0001099359077457639
559	0.0013676924536146105
45	2.2563605526240112e-05
3802	0.00020617180305546767
201	0.0012988947229358536
401	6.613884169379475e-05
135	8.525745500268613e-06
636	0.00021323342916700473
3487	0.00013747076642773768
393	5.780714671670665e-07
1611	5.924119758703588e-06
1975	4.3637348482962094e-07
1576	3.780792289213574e-05
327	0.0002526757133593352
3674	4.988244488175325e-05
1684	0.00037577909783787747
229	0.0001931862894633353
239	1.6495807121361994e-07
3503	2.6099061423802946e-05
1113	8.323611131427844e-06
3519	1.6495807121361994e-07
384	0.005516247289971785
389	2.3603518053319092e-05
3782	0.0007385621450117998
1016	6.458916147741152e-05
112	0.02414997873179641
519	0.00043159814186376135
3082	2.9359363786072875e-05
651	0.00013722111572090053
3054	0.0008003532400785216
98	0.0016215807675827767
180	2.4482191433717257e-05
3817	0.00012063458857373078
3691	4.611311843449806e-05
388	0.0006039821087450406
157	0.0008233493852762641
3871	3.871771579765718e-05
3915	0.0004597753050932452
106	0.029527278465661604
40	0.0893859067975057
1006	6.380240257762569e-05
63	0.08938139497181545
1875	0.0
3916	0.0016429743652996418
1836	0.0002030538260338457
1777	0.0
1703	0.00013994849647972082
3917	0.011228844044199231
3918	0.02888371668821818
794	0.0011712218620833278
409	0.0016939445031521425
1702	5.414944707790023e-05
1259	0.004241618219272969
273	0.0
1238	0.004233263802983275
1488	6.93160129253049e-05
894	0.00041864945322830346
1520	0.0
3492	0.0
595	0.00014117513991052935
486	0.00014403053258283261
1917	0.0001911533171298437
3071	0.0002541034788990907
1536	0.0003691045481868573
1936	0.0
1240	2.715717803296187e-05
980	0.00027803686723025723
2339	0.0001279694473448695
2155	0.0
2040	0.0
2317	0.0
252	0.007177954181670967
3456	0.0
1706	0.0
3289	0.0
714	0.0
3058	0.0001279694473448695
1034	0.0
1020	0.000651831401718728
3671	0.0018196303488690806
3382	7.472838956927427e-05
1954	0.0
910	0.0007031422364540845
2966	0.00010333469225388659
932	4.5819503599778404e-05
436	0.0012929179333446281
1115	0.0004509074575815517
2244	0.00019946919334368806
464	0.0
12	0.0
3066	0.0
1357	2.6348082442604236e-05
269	0.0014597222443673535
433	0.00012651992597882946
3902	0.0
383	0.00021794648122018824
434	0.004081418564856757
1335	7.201651001769432e-05
2632	0.0
164	0.0
1715	0.0
2022	0.0019632534807865346
2433	0.00015919349470449565
2110	0.0
3919	0.0016442718783176889
357	0.008953893829202504
2697	0.0
461	0.0
94	0.044480822944838655
3920	0.0017157052403086526
1148	0.00041169870264797453
128	0.0009654007492061728
686	0.00023599376690968464
1005	0.00040572877079384835
1222	0.001814470383070478
1615	0.0004999618471769732
232	0.0006986351862917758
2641	9.474902763577124e-06
1749	0.000991726986947916
1157	0.0
1680	0.00015330864797485894
366	0.0019337043289356787
3314	1.488280579715981e-05
3579	0.0013433015287173165
3921	0.0036636510805393876
731	0.0007696933520395395
1312	8.555176071580234e-06
25	0.0008246244323670743
3790	0.00020732567533250952
1308	0.0006513417908916375
1744	1.1650929654821918e-05
2292	0.0015895247839753728
78	4.03567013393054e-05
391	0.0004014460369439827
1153	0.0006046903095633989
1705	2.959774843717061e-05
3922	0.0017730679418877316
3923	0.0005189253302377406
3734	0.0
1386	0.0012716280602875427
2182	0.00010326186781749355
2936	0.0
3045	0.0
3625	0.0018172582763530327
3626	6.628728881054741e-05
3046	0.00010326186781749355
3648	0.0016082135237652073
2925	3.847487689880947e-06
3347	0.00010326186781749355
3089	5.620039030570385e-06
2455	0.00010326186781749355
3572	1.1856636647492794e-05
3350	1.1856636647492794e-05
1385	4.214385385671897e-06
3090	0.00010326186781749355
183	0.0
3468	3.6422337935267526e-06
3156	4.214385385671897e-06
3361	8.550297476682897e-06
184	0.00010326186781749355
3924	0.0028672122104827697
2400	0.0002391705448063736
3889	0.0
274	0.007990695169586304
3925	0.005642822641552734
350	2.7384756632884406e-05
3741	0.0022669232715085683
1797	5.823480038404161e-06
2372	6.511372204073409e-07
34	0.003948762024003401
67	0.0002771810553462739
590	1.0283937931236934e-05
569	0.0006305774890860947
3669	0.0
3852	0.0021644772710175553
23	0.0021338023286821945
48	0.0033072110764127615
3450	0.0004410878714382686
2984	8.9181931632302e-05
43	0.0006638680006012766
3926	0.002799313049523041
510	0.0007685312423713441
552	2.9384070221100126e-06
70	0.000636747543180257
278	0.002883805749246981
292	0.0013835313621355996
400	0.002376882505150756
2050	0.0
1123	0.0012535631685478968
1033	0.00011269220391531768
2095	1.3737252343187894e-05
3927	0.002641013216444024
3928	0.013782414416189177
3021	0.0009385601160908701
3650	2.9107368390536e-06
542	3.156354182551818e-05
1718	0.0
909	3.916415148015522e-06
928	0.002100296646350929
3303	0.0006194989025848824
1206	0.0009481358712555616
1629	0.0
576	3.45940738436551e-05
2069	0.00013429854578767074
279	0.0003599919480819376
872	0.0004587603923457843
3673	0.0009384061067354156
272	0.008081734222817154
377	1.222160652618428e-06
2006	6.206275069865889e-05
509	0.00011697561542214278
169	0.0017890562597904101
277	5.949990049811864e-06
1126	2.5934335789096215e-05
1355	0.00023055936430888904
268	2.2351553363264638e-05
38	0.0001129827809623164
290	0.0035738958025119294
3279	1.8578154847742998e-06
704	0.0005193462594342558
857	0.0004196051471039921
514	0.0001335429492141812
1076	5.000594487389142e-06
1176	9.807569229635938e-05
858	0.003842738453561552
3530	0.00014795970152812162
3275	0.0
701	0.00048454287822470945
3208	4.072595115912864e-06
42	9.963982587875057e-06
1452	0.0
1933	1.0260351006325929e-06
1964	0.0
3888	1.7004935501670745e-06
1279	0.0
3747	0.00025101025791714036
681	0.0
151	0.0015771933344241097
1218	6.439784141746772e-07
3278	0.0
3457	0.001435567289430367
687	0.0003132293357284841
705	0.00024286569545583944
2004	1.0260351006325929e-06
587	0.00023782907204006692
479	0.0
1670	4.5795977654213157e-07
985	0.00011003277792078804
2129	0.0
3176	0.0
532	6.215568789392374e-05
1169	0.0
3604	7.2585700270023e-05
1254	1.3651824724731511e-06
3929	0.018017960363205694
1801	0.0
166	0.0
455	0.0
167	6.62513169514251e-05
335	0.0010827753162893023
387	1.987935126801534e-05
2143	0.0
2061	0.00013888880139994666
3037	0.0
1270	0.001022364238427643
1407	0.001379124532024716
1938	0.0
1541	9.095955699301608e-05
766	0.00028556900162238
2320	8.760122507087798e-05
588	0.0002887649505689539
657	0.0011517579142025927
3930	0.0022055842589564817
1333	0.002742333898429256
175	0.00015008920044881586
925	0.0
1522	0.001975885740833279
316	0.00022424768623920444
485	0.0007714077297695668
368	0.00023215326973517327
338	0.00635520508259291
444	0.0011579380193431474
286	1.7584643321508884e-05
708	0.0003834790870841848
3931	0.0027336196658125727
2298	0.00023947074734294104
1445	0.0004400469338913735
123	0.001415525473420604
1889	3.6783756657130015e-05
3276	0.002376764760218321
75	0.008053102838842004
392	0.0021313102536890324
386	0.0008959667386848069
119	0.0005450387834499195
889	0.00046648303241687497
3932	0.0006112219127278757
791	3.665579555547638e-06
601	0.0007035856729583917
618	0.00038010032180795596
211	0.0006727312711827027
3933	0.001988787427739858
3934	0.003988162816978195
3316	0.0
635	0.0002896606148498021
1557	1.825545504822967e-05
1916	2.7293801934900817e-05
2277	0.0
117	0.0005856776077982345
1843	0.0
1737	1.5829662889285496e-05
2438	6.659277317003028e-05
862	0.0005727046120435781
2345	0.0
246	2.1195232490108304e-05
1623	0.0
457	4.130463268297274e-05
20	0.0006016764398052905
1888	0.0
3935	0.005885007814994822
1949	3.1990925735344844e-05
751	0.0
1001	4.562827760506837e-06
496	1.2597663744770729e-06
2005	0.0
667	0.00016072818984103494
706	3.1140281409405214e-06
3703	6.452857819533067e-05
1154	0.0
554	0.00017963642152184374
3936	0.001164892119283447
3937	0.0013434988628957445
101	0.003980229521244391
1370	0.0025049355160030695
11	0.00014285199402922606
3403	6.298749315732655e-05
1062	3.9515900201574115e-05
242	0.0
3938	0.0025579832795066537
3939	0.001610042371156478
299	0.0006988220627490719
811	1.1935302900458598e-05
309	5.690454636415188e-05
921	1.7061620816463244e-05
833	3.2515353874250456e-05
3538	0.0004822770860375117
1234	0.00021047362968201495
3508	0.0
3223	3.759269029260892e-05
3057	6.200224427284549e-05
3589	0.0
255	0.00012215777560671448
3940	0.002339946532836618
322	0.0032194948780709587
2278	7.283687481937622e-05
173	0.00034287138239995596
876	0.0010134759557131562
3849	0.0012217428976621961
577	0.00011154840568721467
3362	0.00026963402505829695
1325	0.00010291461044040439
1734	2.1725829758125056e-05
3744	4.172218738915377e-05
1128	2.714711940371581e-05
3422	0.0
1343	3.710989485430606e-05
282	0.0025980347532869714
3941	0.0012808118174801701
3942	2.595306265369302e-06
1008	0.0
3122	0.00019830039641887306
3943	0.001194279438623184
649	0.003385308600994532
814	0.0011282735424133217
1201	0.00011522865140102018
174	9.768446843391845e-05
1593	1.3688709441644864e-05
3944	0.001416997226993975
477	0.0
3552	6.957258840172802e-05
3945	2.754695723197155e-07
890	0.0
2900	0.0
3946	0.002764322662981039
3947	0.0009411443624737878
3794	0.00011046097731422144
547	2.297199375017566e-05
3793	8.766179395381282e-06
325	0.0003198622426320139
629	0.0003047431532310793
231	0.0001675031423701056
2567	2.0491279715768e-06
3663	9.345345048797331e-05
2108	4.1359275903580146e-06
3856	0.0
1818	8.320942018557794e-06
3948	0.002715301525434211
2464	0.0
1652	4.478699661670744e-05
1625	0.00022440856728615015
3749	0.0
254	0.00013439298506609504
1806	4.632852821927719e-05
3949	0.0003099231594371407
3950	0.0057978275652029315
1330	5.91252966709254e-06
1395	1.371110382599403e-05
285	0.0023116731272257674
1045	0.0004737263260580953
1021	2.4630964231792053e-05
3661	8.160773093043883e-05
1673	0.0022001515608252417
1500	0.0
3951	0.002236260914714979
2093	0.0
540	0.0
3528	0.0
3377	0.0003292014169743059
584	6.111521113503354e-05
1447	0.0012085396281653026
3808	6.111521113503354e-05
608	7.708509801988264e-05
3952	0.0014774810511367943
3953	0.00525997969515162
1512	0.0
2495	0.0
518	0.0
1600	0.0
642	0.0
2494	0.0
2682	4.892124580714837e-05
3954	0.0032141369839630597
379	1.9812130038932685e-05
416	0.0001446576987191152
1578	0.00010962584332901073
1740	6.6184202580907e-06
1471	0.0
2935	0.0006153179895928358
631	2.709124067096856e-05
3955	0.005213904324567499
3956	0.002152977773704334
1170	0.00022724462276040253
3246	0.0
249	2.3068718357339332e-05
2526	9.141172601248144e-05
3728	0.0
126	0.00030321331329509666
3256	0.0
471	0.0001528190586673755
2979	7.236438464464816e-05
237	7.609259020854057e-05
3957	0.0028658238822084443
2425	0.00017806962469830512
50	0.00017919714321197906
314	0.00012460562001080948
179	0.0008586182289927084
1679	2.4422868471000945e-06
1248	4.4058259486847385e-05
1586	0.00017983869607735814
3005	0.0016213272522107643
1359	0.0002532560717703356
1677	0.00016684096859109562
3958	0.001529239668572316
2328	0.0
3170	0.0
3959	8.063269852287544e-05
3960	0.0010738363477020697
326	0.0013225982138342835
118	6.628101131323342e-06
275	0.0002578501617589333
111	9.308956045888064e-05
394	0.00019929197583440765
2562	6.628101131323342e-06
961	5.319186512932435e-05
1834	3.4953444777107975e-05
1803	6.053840071022376e-05
585	9.332660179252724e-05
658	5.023668623768671e-05
1548	3.408275768218353e-05
3961	0.0014074108644153624
4	0.005804855821190701
1379	0.0014832385898110607
3284	0.005499622782984817
749	0.0020091339408586473
796	0.001376732555916725
3962	0.012971736763892062
191	0.0011951050214652125
2057	2.4502451121474015e-06
1107	0.00017936002544893367
2551	0.0
607	0.0005410688520993775
1371	0.00011927721533983315
3511	1.4699432700730947e-06
1160	0.00020344843905597756
2145	0.0
625	0.00030330245608421535
2202	1.0876476930395901e-05
1470	0.0
3114	5.988964090967166e-05
223	2.7860449657786782e-05
3963	0.0016441959332004511
3964	6.201561650961913e-05
1350	3.0685898072038246e-05
214	0.0
1372	4.15513115222426e-05
644	0.00028479884176291995
1896	5.088163013004e-05
3965	0.003631255759346006
362	3.914576239720476e-06
270	0.0
3746	5.7127572747216166e-06
896	0.0
1199	0.0
628	1.0676175462238362e-05
671	3.978793497185879e-06
3966	0.0029762813718288953
612	2.9319901239257344e-05
3447	0.00010368371711743832
472	0.0
2738	8.049048515146599e-06
881	0.0
566	0.0015536384898748995
2524	0.0
3967	0.0009592713281611131
3323	2.8481543106059322e-05
2514	9.461050048847563e-07
3968	0.001870003160374946
2806	1.3862641112758766e-06
450	5.866466653130374e-05
2398	4.254668797764544e-05
406	0.000441164946571582
724	0.0002631114002032972
3752	1.3862641112758766e-06
2981	1.3862641112758766e-06
1919	1.3862641112758766e-06
2917	1.3862641112758766e-06
1188	2.1303728865767914e-05
3753	1.3862641112758766e-06
3969	0.002415528692162503
1532	0.00015940574850905752
2046	0.0
1609	0.0
3355	0.00146876854151881
902	0.0002247700568505534
820	0.0014342387840098865
3267	0.0001225773853509513
1382	0.0
2079	0.00033056035845922593
3970	0.0019905864239134134
296	0.0
1489	3.4244409238333175e-06
1692	2.8716030896874945e-06
3971	0.002379623536864089
3972	0.0028560642782701957
592	0.004114283093501506
3683	0.0
109	0.0053264347649228235
3804	7.659981295365614e-05
3100	0.00014670193908018054
1261	0.0
1049	0.0
2315	2.1528290919526945e-06
2170	0.0
3973	0.0018502336786983956
3974	0.03627941548347307
3445	1.2248486139196378e-05
3853	1.9323883244086713e-05
3759	2.7774778695396936e-06
200	0.0001477669687662876
3407	0.0
2171	0.00017878434037184727
1026	0.0
2689	0.0
887	0.0009290857715769364
3486	3.065541068394052e-05
2082	7.063832154356685e-05
226	2.3534354486134476e-05
22	9.766551619190529e-06
493	0.0
1642	1.5738953305626463e-05
1328	3.973878897812088e-05
3304	0.0001972873259165387
1161	9.766551619190529e-06
3067	0.000525130521670082
3877	3.825154025013124e-06
753	5.291823327107048e-05
3072	7.382981654336693e-05
3483	3.825154025013124e-06
3028	0.0003501684255952671
1426	0.0005432447135676396
682	2.3534354486134476e-05
1618	9.766551619190529e-06
603	3.825154025013124e-06
1124	3.418675460358589e-05
1017	3.973878897812088e-05
810	7.429744797810711e-05
217	0.00278908561586685
3395	9.766551619190529e-06
3239	0.0
3151	0.0
3259	9.766551619190529e-06
1601	0.0
3520	0.00010703890864839429
670	0.0
691	0.0002979569942131321
402	1.528238144749009e-05
181	0.0003284584488818426
650	0.0001907143438198228
1606	0.0
3622	0.00016786100300805891
1207	4.8231076367643416e-05
951	0.0020515122580227066
690	2.804458323458862e-05
3207	1.8091914278060368e-05
3011	0.0
197	0.0
3038	9.766551619190529e-06
3131	3.601700704091391e-05
1736	0.0
248	9.766551619190529e-06
3332	0.0003465376935069384
3396	9.766551619190529e-06
3836	9.766551619190529e-06
3043	0.0
3410	1.9323883244086713e-05
136	3.973878897812088e-05
258	3.418675460358589e-05
849	6.300084739863205e-07
3766	2.0791108649966073e-05
3460	0.0001606350223081891
1241	0.0
1063	0.000785498558931793
178	0.0001477669687662876
305	0.0
772	0.0
3444	3.883305124465271e-06
447	4.661660478257971e-05
156	2.3534354486134476e-05
473	0.0003857626383620575
80	0.0
1159	2.3534354486134476e-05
3165	5.343415290820942e-05
730	0.00039625210478373295
3317	0.0008236125490650219
782	0.00010521852471713722
824	9.766551619190529e-06
1428	0.0
1114	1.1713655498103303e-05
82	3.209926858787748e-05
1748	0.0
1417	9.766551619190529e-06
3073	1.3850781239206295e-05
953	0.0001477669687662876
2137	9.025226647798768e-05
3975	0.011271826372089682
3480	4.3805265716731406e-05
330	0.0001777748449179166
3186	0.0002592440309175121
1015	1.2266744124336855e-05
1031	5.7004301789880065e-05
33	0.0002459637458259269
3452	0.0001627372483676038
874	1.561299982945254e-05
1879	0.0
95	0.00024940264002493574
481	0.0019277507097920257
737	6.802192663797167e-05
3331	0.00018346029200258808
460	0.0011403702188243605
759	8.916534551966196e-05
108	0.0003017425039234262
3428	0.00012211713594686922
110	0.0
3150	0.0005330521588915288
1237	0.0006921126812284147
3532	6.255025127733375e-05
91	2.279607347593423e-06
3976	0.0011766697445542407
3977	0.0006322229841675419
3580	2.490028133600468e-05
1434	1.393041225326304e-05
3978	0.006779279787720829
3619	0.0
1324	0.0
677	0.0
331	6.407230040771455e-05
3838	0.00012161239410513946
3979	0.00120543341201379
321	3.7650025061659273e-06
2718	0.0
3980	0.006726724922521016
84	4.166620173090506e-05
825	3.460503104737068e-05
137	6.270581745256633e-05
3076	4.479850839405868e-05
1719	0.00010802311986515225
2616	0.0
3670	3.693629321827144e-05
762	0.0005535019945508979
2350	0.0
3290	0.00042015104724354004
3178	0.0
2203	0.0
1805	0.0
26	6.843997783994038e-05
1080	0.0
2381	4.479850839405868e-05
1821	0.0004586894931929087
1587	0.0
3981	0.00552503039412037
2261	1.0828952186063646e-05
1228	0.00021908107336398967
2162	0.00012208577714127673
1876	5.026186848156885e-05
1180	3.473672624953596e-05
726	0.00021878013519220578
3667	1.3683616437155706e-05
2914	0.0
2489	6.23192648962408e-06
1967	4.175209322055775e-05
3798	3.473672624953596e-05
678	0.0001092991865732152
1189	4.876960662336424e-06
3982	0.023137090007889886
1149	1.5652178583526566e-05
3555	0.001773979697219939
1224	2.9983314838677312e-05
785	0.0
3245	0.0
3885	0.00018129722886323042
713	0.00011091388650792824
1474	0.0
1700	0.00024248752147431287
3983	0.0012735938013331025
3984	2.8779121065765337e-05
1545	0.0005648753049882814
2258	3.423478189739885e-06
2624	0.0
1204	3.559456057055394e-05
3985	0.0017391214654652843
154	3.1740005361410356e-05
3533	1.4492687016644924e-06
1621	1.6995889861063083e-05
3986	0.004378167655450861
776	0.0
2470	0.0
3745	0.00011948606886349611
3987	0.000859958822505011
520	5.466512103876189e-05
2376	3.4730946380535385e-06
1380	3.765967050859805e-05
146	7.512983174704826e-06
3988	0.007093081215610372
739	0.00022547527454472253
819	0.0
3568	0.0
3393	0.0
16	0.0002463227159767732
3594	0.0
1776	3.115994717352259e-05
193	0.0
729	1.7760965637619646e-05
192	2.7965764224611983e-05
3989	0.00014980204314297242
1433	7.868538829956792e-05
3990	0.0038280358753507893
3991	0.000980828022334099
1808	5.357076378158296e-05
141	0.0009516553813756093
3628	0.0
2602	0.0
3375	9.212825126366791e-05
610	0.0029583237388189896
418	4.410064961958575e-05
2695	9.434446831265508e-05
1929	0.0
3992	0.002768117873630061
2585	0.0
1667	0.0
558	0.0
1073	0.0
3993	0.0021605064980029553
2419	4.494943605031365e-06
2957	0.0
3693	4.712677051427956e-06
3994	0.0007462277328948144
3995	0.0009091112747386878
1654	0.0
775	9.359896135888283e-05
1955	1.518587318139672e-05
3996	0.004701711708951863
1894	2.1276142932618396e-05
3536	0.0
3596	1.2859552487479611e-05
502	0.00011989287976232316
2976	0.0
1186	9.7832188184827e-07
2742	9.7832188184827e-07
2678	1.6413052867246589e-06
3206	1.7464817774938018e-05
1432	0.0
3997	0.016644183474555426
2282	0.0
463	0.0
1271	0.0
1977	0.00012480424646235295
3704	3.070714205437492e-05
3101	0.0
3381	0.0001479845241855469
832	0.0
462	7.250841793844843e-05
3998	0.0031279789902263944
1174	0.0
3173	1.5234177335269474e-05
1800	7.591290532501884e-06
1175	0.00011529444297300256
3328	1.7375759563246162e-06
972	0.0
3999	0.004368768433688723
4000	0.0048993303301595546
3180	0.0006108348522923818
3128	0.0006890429031735088
3271	0.0001322643302379745
1423	6.433236542732366e-05
1774	4.902639262008364e-05
968	0.00010169879843851477
1985	0.00018642821977715886
487	0.00029110245087352483
663	0.0
3481	1.705680451051871e-05
371	0.0007163947626829697
172	0.0001191293040096767
1636	1.9773563897191815e-05
1613	1.3415237471363054e-05
1764	0.0
3029	0.0001984537112825492
1789	2.998814550037499e-05
1885	7.543506902638783e-06
4001	0.006747220741817565
4002	0.0115853389895985
3451	3.79960760623608e-06
1205	1.095068492555218e-06
3531	9.942648841930912e-06
1507	8.530816845429715e-05
3175	1.7817571089842624e-05
3449	0.0005782904534995262
3548	5.094770115010831e-05
2972	9.63279816424925e-05
2959	0.00014402849384669502
1755	1.3372762328435013e-06
3036	0.0
3890	5.1966688351859155e-06
2132	9.942648841930912e-06
182	1.1719417706141904e-06
838	0.0
396	0.001611624595916207
3143	5.822342022683726e-06
2621	2.9968351302823096e-05
1779	8.892924282098045e-05
1377	6.241734911360513e-05
1381	5.094770115010831e-05
3359	3.814857760840313e-05
3087	0.0002849731090685878
1632	3.604146361818588e-05
3662	0.0
907	2.271019359719198e-06
3801	0.00020274336005307293
4003	8.264087169591465e-07
4004	1.101878289278862e-06
3138	8.264087169591465e-07
3139	0.0
4005	0.0005413597649106866
4006	0.0018671733577265391
3184	5.3600500071713803e-05
1449	0.001028319806096043
474	0.00012066607262495923
4007	0.0039845230420348186
2180	2.658456517791381e-05
3870	0.0
3869	1.4328309083652805e-05
905	0.0013485090042791833
4008	0.003133560667230965
689	2.7203966259216483e-05
1383	4.767703735843326e-05
3828	2.1174568154700336e-06
886	2.562388835213523e-05
1424	0.00012574335601242401
3033	1.1282138367840485e-05
4009	0.003316825117513803
3258	0.00011049777785245628
1867	0.0001123739188500464
3597	7.823911103481537e-05
1930	2.3191099135280516e-05
3251	0.0
1444	7.841010795397682e-05
3013	0.0
32	1.4752143623684084e-05
3130	1.2012673679130177e-05
4010	0.0022636581312640005
855	5.3514551559913156e-05
3140	0.0
735	8.304022496188547e-06
4011	0.0018507309297996631
2221	0.0
2192	0.0003205685838976641
4012	0.0031716472908700608
959	0.0
1004	3.552259347695138e-05
2002	1.5253176291899594e-05
801	0.0
1100	4.672022809360638e-05
4013	0.001575534100339685
4014	0.0007728666549405382
1649	0.0007163675144455297
1882	0.0
1567	0.0002402021352602465
2736	4.845967324212334e-06
882	0.0005675033764297534
4015	0.0013493911976386577
1732	2.8721221826003714e-05
3023	0.0003677352915622371
4016	0.0007378527442979862
4017	0.0010963400916594228
3402	1.7646810859575536e-05
294	0.00014537004570590938
2195	0.0
1233	5.749034584439846e-06
1943	7.127808206544391e-05
3360	9.751039456985779e-05
4018	0.013279213078775233
3153	0.0006659899527072324
3002	0.0
3001	8.085487532110838e-06
1590	1.0948434343091036e-05
1650	2.9411207231660902e-05
238	0.0005371508262878747
3900	0.0002608865964575446
3084	0.0004582703793991935
758	8.085487532110838e-06
65	8.596790094470766e-05
1203	6.588536370873128e-06
2943	0.000378323417979392
3312	8.085487532110838e-06
2479	0.0
908	0.0020146038874825018
3192	2.245246771301694e-05
1897	0.0
1093	0.0
2138	0.00037542941852689374
3549	0.0003586286952825505
684	8.085487532110838e-06
1553	0.0
3412	0.0005790099017912236
351	0.0
4019	0.0030754672675317556
503	0.0
904	0.00028699677451775394
1544	5.551082313611707e-06
2633	0.0
946	9.634296625933944e-06
4020	0.003145367887706548
4021	0.00010871367731845482
138	0.00022878875610041026
3199	1.5813322467706432e-06
3125	1.5813322467706432e-06
1117	5.010187195835657e-05
3740	6.203911850289748e-05
35	0.00014078290574809338
4022	0.004790490735544978
3719	0.0
4023	0.0008823275944963858
859	3.213066348208772e-05
244	0.0
4024	0.007199820502821109
999	2.7687659335959437e-05
621	0.0
2932	7.704637341646861e-05
1783	0.000829367476038317
24	0.0001509977564498406
381	3.04687107570546e-05
3177	0.0
3086	0.0003091100625787825
2033	0.0003945346580412725
2107	3.753881391091529e-05
3415	0.0
821	1.728725307825322e-05
561	0.0002538103962296444
582	0.0001126015310571941
283	0.00031113936769942873
680	6.716775386866261e-06
281	0.0
989	0.0002651791406232907
4025	0.0037609315838577247
4026	0.006882553224064231
3383	2.5826904825308916e-05
2385	0.0
1290	0.0
1182	0.00010854157480135527
2379	5.800984686380261e-05
3324	0.00016494931663757972
1643	0.0
3697	8.909926267148974e-05
685	0.0001833042480095768
1055	5.507474650566366e-05
3004	0.0
2484	0.00014730077503867476
991	0.0
3047	9.452059477305845e-05
3078	0.0
3696	0.00020196566878898884
3712	5.810276953001177e-06
1742	1.2298427391532628e-05
4027	0.0009689588547966841
1323	1.087475245337383e-05
3424	6.282902909419109e-05
1526	0.0
4028	0.027836616112018868
3154	0.00029734657122106885
30	2.9905879192625965e-05
1932	0.0
1760	1.6212474837864497e-05
1236	0.00040041049322116787
1820	0.00018404832548307083
562	0.00016863509126427214
1931	0.0
475	0.0
407	0.0
2404	0.0
2660	7.962276570685745e-06
1302	0.0
1120	7.805356612303226e-05
186	2.9806438158068627e-05
3899	0.0
6	0.0032669272634678202
2078	1.2628765007445209e-05
4029	0.0047241753691957015
4030	0.0019329736661933628
435	0.0004840716575206707
2114	0.0
3605	0.00036816826636988924
3777	0.00015255324699244748
3516	6.353456783796017e-06
27	5.554103518143937e-05
3341	0.0
3200	8.6882900253062e-06
1502	0.0
2913	0.0
4031	0.004684557652930955
4032	0.0010064657908232966
1529	0.00017189805220730315
3408	0.0
417	1.1622317263954486e-05
114	0.0
208	1.1622317263954486e-05
4033	4.344998835933793e-05
4034	0.0014971843364186988
4035	0.0009071166634739159
1895	0.0
792	3.5145259918865195e-05
3025	7.939866409260515e-06
4036	0.0019708061002746075
3707	7.066084377145145e-05
4037	0.020526160545360966
348	4.2234828230982e-06
1425	0.0009482761960478961
2369	0.0
1399	0.00013415308211547718
3857	0.0
1579	0.00010114333753451674
3425	0.00019252758578057488
3390	0.0
3357	0.0
717	0.000205289559224592
79	0.000824501609035164
85	0.0
3161	0.000304829679941094
1868	0.00020226933014279094
2891	0.0
2701	2.3592288274011996e-06
1844	0.00015730720326402898
4038	0.002809346605103899
4039	0.026015022929538466
3859	0.0
3770	0.00036908056499057715
476	0.00017728477887171617
3248	0.0
841	0.0
3000	0.0
1202	0.00011989922586104804
145	0.0
303	0.0004438228689300396
3019	0.0
1708	2.2955752277151142e-05
1913	0.0
1018	0.0
17	0.0
1422	0.0
2209	0.0
740	0.0
971	0.0
1767	0.0
253	0.0001952341082155285
266	0.00027408725425065515
2173	8.706522010804919e-05
1135	0.0
337	0.0
220	0.0
3240	0.0002114447914479793
1070	0.0
3505	0.0
1822	0.0004695542297406459
2072	0.00010754350310558025
3064	0.0
2987	0.0
3136	0.0
3264	0.00014497738963833504
365	0.0
107	8.706522010804919e-05
2302	0.00020568107702974674
982	8.638021040983132e-05
3282	0.0
3190	0.0
3352	0.00012353889373327824
1619	0.0
1974	0.0
2	0.001576056508717595
3822	0.0
218	0.00011714911772212713
895	6.316550474742156e-05
4040	0.0007393179792522856
3494	0.0
513	0.0011283874033048546
4041	0.0015780060030118304
1850	0.0005863713858496271
1604	0.00017775806000093283
1030	1.0227225665920635e-05
3837	9.307217698747856e-06
4042	0.0011908960253220564
4043	0.0027554713401967044
2992	0.0
781	8.156193214189415e-05
3873	0.0011108699606492503
4044	0.003370195423885554
1068	0.0
1799	0.00024332757111284294
2327	0.0
4045	0.005671556859264489
3291	0.0
2927	0.00010443140092386511
2918	3.176211815591215e-05
1796	0.0
1309	1.9032149914503778e-05
295	0.0
1878	0.00014089934685484605
3687	0.0
2241	2.8096095606671173e-05
3404	0.00019931685162256704
83	7.579360801924544e-05
1510	0.0001698356034211851
3496	0.00014195667175819846
1367	0.00019114616162794435
131	1.9032149914503778e-05
1475	1.915423516744452e-05
538	0.0006830605265889233
4046	0.0030942800318568184
1534	3.488730430250576e-05
4047	0.008469479860350907
4048	0.006487977582952109
1027	0.0
1486	4.5297358949763864e-05
1346	1.8315255940328155e-05
3600	0.0
332	0.00024009328114349868
1482	9.33726512117692e-06
3575	0.0
694	0.0
2039	0.00017877655017798985
784	0.0001289261912435183
1269	0.0
1235	0.0
3212	0.000527470921300825
4049	0.0024828097542763336
4050	0.0008272446043072145
3392	3.098593606107871e-05
3	8.546589385478215e-06
28	0.00024992805525028445
3446	0.0002893548257073721
950	1.1465531963776346e-05
4051	0.004710652255732566
4052	0.003416569284481209
869	2.3318917759251645e-06
29	0.0
1374	5.746051532522028e-06
1550	0.0
2386	0.0
1696	7.883596213931192e-05
2702	4.381651204413293e-06
4053	0.002172839252236944
2540	0.0
4054	0.005970998620312889
1944	3.559670683702689e-05
883	0.0001467410755226704
3255	0.0004544702683930616
4055	0.0030636366388987367
1892	9.149862166083177e-06
2019	6.782461253504368e-06
1178	1.9861292211959482e-05
605	0.00015521618867968766
1617	2.7257025365771458e-05
2349	0.0
4056	0.001751794359262498
373	2.006537363175493e-05
2214	2.2316707339241335e-06
3174	0.00013768422467016163
323	0.0
4057	0.005463191463446355
3110	0.0
1543	8.105105441826153e-06
2288	0.0
1327	8.105105441826153e-06
2186	0.0
2291	0.0003360121386195002
1841	3.064377015680221e-05
789	7.117622778386124e-05
4058	0.0013660074597641378
2973	1.6356875102525563e-05
1037	0.0
121	2.5757878329701553e-05
4059	0.004908577777879525
310	1.2670506812037767e-05
81	2.1849556200327918e-05
1164	2.1624487549305512e-05
3166	0.0002503463716447281
4060	5.5650418650447585e-08
4061	0.0029886182778096305
4062	0.0011000877596023374
976	0.0001441622464879803
1472	4.6919846264730576e-05
4063	0.004082234110607637
2259	0.000353836736222803
1347	1.9139870405303216e-05
329	0.0
2029	0.00015878573074421096
983	5.5485815811153944e-05
2699	2.9347451538551147e-06
3414	8.358071154775035e-06
4064	0.0018710657029650287
64	0.0
3641	1.539272115576601e-06
4065	0.002781990454046849
1273	2.952414452741217e-05
1213	1.687278501718583e-05
2242	0.0
1496	0.0
4066	0.0017817842134398231
2256	0.0
222	2.016664866829394e-05
3228	1.1971671364591028e-06
4067	9.593741817881318e-05
4068	0.006025204505977945
4069	0.005161484534290403
2363	0.0
443	7.604220329458624e-05
622	0.0
632	0.0
2808	0.0
2134	0.0
1716	0.0
2465	0.0
2725	0.0
3051	0.0
1571	0.00038868163199286834
4070	0.0007390478315250095
2605	0.0
4071	0.0035200669217326174
3699	0.000234158622534587
142	0.0003282797782121933
1283	3.41163493153069e-05
3378	1.8892713547196293e-05
4072	0.0018550710141388188
2912	0.0
467	0.0
4073	0.0024746678085977255
2164	0.0
1494	0.0
4074	0.004435951466318836
2590	3.183795496878982e-05
2223	1.2933082234199642e-05
1039	0.00011033623096764273
2656	0.0
998	1.2933082234199642e-05
2834	0.0
1247	5.5832973283390294e-05
3498	0.0
1672	1.6123413949000052e-05
4075	0.002610522740041161
4076	0.00455882442025824
3044	2.55216560454157e-06
1723	0.0
3876	0.0003102286142335403
511	2.2567749642896026e-05
546	0.0
264	0.0
4077	0.007422543481738129
341	4.9942648957152744e-06
1320	0.0001390121684443764
1345	0.0005864463338204794
661	2.4728145694110653e-05
4078	0.0020240652880412005
3692	4.963562461045547e-06
3042	7.762637443128591e-05
4079	0.007118076535591881
4080	0.004000107401016694
1518	2.7620091470517216e-05
2473	3.7549913347938814e-05
2788	0.00013375720479676603
245	0.0
2101	0.0
1244	0.0
3112	3.49344541201762e-06
1770	0.0
2304	0.0009099129153799558
1284	0.0
2160	0.0
2410	0.0
2805	0.0
2510	0.0
3616	0.0
3113	0.0004520567646826207
4081	0.004087486038315634
1060	3.2737393976831724e-05
185	1.1844385307240134e-05
662	0.0008464547135541316
1398	5.390618632221112e-06
3009	0.0
4082	0.0014773433163506342
3767	0.0022147753614505127
212	0.0
4083	0.0009534906857101528
3305	9.243977537907062e-06
3611	7.327684025918944e-06
4084	0.004377762482520049
4085	0.0010466081634204509
2426	0.0
2538	4.778952786145346e-07
397	1.0723308818381865e-06
3172	0.0
4086	0.005941055149168139
132	8.829403938146898e-05
378	0.0
3075	0.0
1816	0.0
4087	0.0016810634283878703
648	0.00010219358725984313
1595	0.00024343691177716712
955	3.546383670887925e-06
3805	0.0
697	0.00013845543762350457
2174	5.9220429152098324e-05
3714	3.546383670887925e-06
3570	5.6278127123891734e-05
4088	0.009504384349453233
3365	0.0019176492357424262
3842	0.0
709	5.5216914402989665e-06
774	0.00019242577720959524
4089	0.0027245796439540892
4090	0.012409431121228826
1853	8.81351744295945e-05
3906	0.0005260844564593602
1300	0.0
1493	0.0
3787	0.0
1910	3.6457600552280725e-06
469	0.0
1069	0.0
3226	0.0
2601	9.989632095174319e-06
4091	0.001401383739210583
4092	0.010031046286207079
2296	0.0
168	0.0
4093	0.0028129991226903558
3234	0.0
2986	2.282912981120051e-06
4094	0.003348183816297209
3308	2.6452295363813912e-05
2775	0.0
2024	0.0
4095	0.0016479615670011627
451	1.2448044798827005e-05
541	0.0
2447	1.6226071941331134e-05
1455	5.367810317942948e-05
1854	2.7108075534175844e-06
4096	0.0015367060903203158
1648	0.0
2406	0.0
4097	0.0007396735047956062
2893	4.2612109878105785e-06
4098	0.0020951568238045427
1296	0.0
4099	0.002536134851264521
2468	1.8020459521588702e-05
1584	3.9220392574998285e-06
3757	0.0
3758	0.0
4100	0.0042395145895404345
4101	0.0007823012468778452
3188	0.0
940	0.0
1937	0.0
4102	0.0022589727291797744
1729	1.358238331054938e-06
2535	1.8543721689019673e-05
4103	0.0015533322780509607
4104	0.0010725732761876822
2746	0.0
579	6.758134764165547e-05
1524	6.76610890112377e-05
1412	0.0
4105	0.001856675967094204
3065	0.0
1435	0.0
4106	0.004842310114280681
1043	7.820369361623321e-05
1498	0.0002193822224309052
613	0.0
74	0.0001248341807828804
1827	0.0
499	5.5243203002154826e-05
1307	2.2745881516679052e-05
412	0.0
3792	0.002694500601551865
1090	0.0
4107	0.001560829380034347
1631	0.0
957	1.07283278060247e-05
4108	0.021945855783760845
3833	0.0
441	0.0
2971	0.0
440	1.4901789446347044e-05
284	2.0902145941068933e-05
1859	2.666216408435464e-05
3542	1.2034577502256431e-05
3827	0.0
2611	0.0005208950782772838
802	3.193672164154676e-05
3832	0.0
354	0.0
3762	2.0902145941068933e-05
2983	0.0004029377124459229
3742	2.3839930425822464e-05
1122	0.0
72	2.0902145941068933e-05
673	0.0
911	0.0
3880	0.0
2942	0.0
1573	0.0
4109	0.00367425302746834
4110	0.0010294539137475107
1506	0.0
2606	0.00045015705462421744
676	0.00018009381024690823
723	4.678461145365412e-05
3490	0.0
4111	0.0019608514388714093
1226	0.0
669	0.0
710	2.303037065415231e-05
4112	0.0020623864854234994
2566	6.55878821557241e-06
4113	0.0020155406687823174
59	0.0
783	7.824362338208904e-06
2243	1.2098013063638734e-06
1459	1.073585443513212e-06
4114	0.0010443499047979171
4115	0.00012642541443090352
3442	0.0
4116	0.0038134683470785733
4117	0.0052327870545648145
4118	0.007469365110082669
1978	0.00021390283943909072
2466	9.229567477298204e-06
990	0.00010114768174509389
452	3.584913295598401e-05
2037	0.0
3677	0.00018233169737251606
3221	0.00029697972390394195
1436	0.0
2378	0.0
4119	0.001974853273586829
1671	0.0
594	6.457629196071225e-05
4120	0.004875716669493572
2439	0.0
2636	0.0
3453	0.0
556	0.0001637519024890959
3454	0.0
4121	0.028448682738401912
3230	0.0
1994	0.0
933	0.00018896776662176827
3265	0.0
1249	0.0
3660	0.0
564	0.0003455448881779104
3185	0.0006393328428679699
2498	0.0
1657	0.0
3545	0.0
89	0.0
445	0.000224486880541975
1451	0.0
1911	0.0
317	6.591789141471792e-05
2201	0.00015179904623813196
257	0.0
3500	0.0007970456994680975
3016	0.00024103728920940942
2089	0.0009935002452653486
3106	0.0
3755	0.0
1585	0.0
1198	9.878800319967948e-05
2982	0.0
2237	2.0186480198659685e-05
2311	0.0
779	0.0004634927434599229
1688	4.511932025589157e-05
530	0.00015179904623813196
448	0.00011306882984801896
1695	0.0003882724282835658
931	0.0
73	0.00029826296291032833
1499	0.0
3544	0.0
2796	0.0
4122	0.002616480525358831
1798	0.0
3388	1.5063064526910534e-05
1698	2.6276594955794548e-05
4123	0.0035068480704222946
1048	8.892570133242666e-05
267	0.0
4124	0.0018765748233439575
4125	0.0011850588223768822
734	3.226028793429656e-05
1934	3.3150688618770166e-05
1533	0.0
505	0.0008788371344514714
454	1.346341570067563e-05
3884	0.00015256646592828773
3831	0.0
4126	0.016639622688602248
1902	3.4104503489661094e-05
194	1.0877038713940187e-05
604	6.30991520760849e-06
1535	1.1887642930596442e-05
2451	1.1887642930596442e-05
2750	0.0
1641	0.0
3779	0.0
3698	1.3534845092323546e-05
606	0.0006095433109930044
19	0.0010920648070784386
1258	0.00016374527112583942
3515	6.336487448010653e-05
7	8.96041762689081e-06
4127	0.0005677365977939434
3261	1.552726368822487e-05
4128	0.005196722309253821
2367	1.4699432700730947e-06
3573	1.4699432700730947e-06
76	1.4699432700730947e-06
2969	1.4699432700730947e-06
2970	0.000445315294410047
3458	5.458867130019037e-05
263	1.4699432700730947e-06
3007	1.4699432700730947e-06
1050	1.4992593133023284e-05
2916	0.0
975	1.4699432700730947e-06
3015	4.901316397927574e-05
3014	1.4699432700730947e-06
1143	0.00014667063521325694
2441	1.4699432700730947e-06
442	1.1043226829270654e-05
4129	0.0021026392534493126
2357	0.0
885	0.0
3633	3.197322149128128e-05
732	0.0
4130	0.005885206422014262
2031	3.806210827348864e-06
2428	0.0
3680	2.6252528134935276e-05
2205	1.4251125831242737e-05
3262	5.247931191286532e-06
150	9.230377230997617e-05
4131	0.001662960937842758
2475	0.0
3026	0.0
4132	0.005396561358658738
4133	0.005332289772961518
3466	0.0
429	0.0
2390	9.224726649701184e-06
116	0.0
2312	0.0
1891	0.0
2574	0.0
2010	0.0
2207	0.0
535	0.00018751395834272253
2463	0.0
4134	0.001262024552735164
1987	0.00010066500047642927
4135	0.0025795419417265503
1519	0.0
2434	0.0
3322	0.0003983988350659952
4136	0.002834220564896426
495	0.0
3529	5.899896701257768e-06
1963	0.0
4137	0.004342487362670356
1102	0.0
482	0.0
2161	1.846254244907969e-05
3063	2.2549098972568592e-05
1539	0.0
2106	0.0
4138	0.008788660835760747
1280	0.0
2329	0.0
1582	4.243342421175311e-06
812	0.0
4139	0.012881153324797908
4140	0.0013663650842945462
4141	0.0016619002065405635
4142	0.000823689354345404
4143	0.001498076354365133
1256	0.0
4144	0.001979327254255056
831	0.0
4145	0.001460806713332048
3679	1.5152966356221196e-05
3103	5.340499121598556e-06
3091	5.340499121598556e-06
3102	5.340499121598556e-06
2547	5.340499121598556e-06
1884	0.0
746	5.340499121598556e-06
2097	5.340499121598556e-06
615	6.941346275178286e-05
4146	0.0009582057498908804
161	0.0
4147	0.003367159422760103
4148	0.0028783192080805127
1689	0.0006257405259940342
1139	0.00021148905608017716
2094	0.0
803	9.720883598146718e-05
2909	0.0
2402	0.0
2126	0.0
4149	0.003401161753798755
306	0.0
31	0.0
4150	0.008058849594124297
1294	3.5609317210737116e-06
1862	3.5609317210737116e-06
1562	1.8539137306494082e-05
1415	7.5000918773753725e-06
4151	0.007337246209219365
4152	0.007617506845180254
380	0.0001287978151184243
3475	0.0
344	0.00023539277933636
3860	2.233492072018301e-05
3348	0.00014949417729534276
1225	0.0
1232	0.0
2763	0.0
755	0.0
2017	0.0
328	0.0
1246	0.0
522	0.0
4153	0.00199819935699807
199	2.5239412156496774e-06
4154	0.010237485217010373
438	7.522660535324079e-06
1195	0.00025259986993000525
2576	0.0
3867	0.0003245619536801953
3891	0.0
2333	0.0
1431	0.00029558373046883286
2649	7.522660535324079e-06
3069	7.522660535324079e-06
102	0.0
2685	7.522660535324079e-06
1416	7.522660535324079e-06
695	0.0
1871	7.522660535324079e-06
302	0.0003008070999938977
2537	7.522660535324079e-06
2954	0.0
3286	0.0
4155	0.0002525631769175897
4156	0.008865676661365325
1697	0.0012673838988207689
375	5.371276349051313e-05
1042	0.0005576778187697435
2686	0.0
1211	0.0
4157	0.0029164796949503954
4158	0.0014798657164138698
2940	0.0
2181	0.0
423	2.727308278420485e-05
3796	0.0
4159	0.00476763394972185
2165	0.0
2901	0.0
4160	0.0072592010458380155
2985	0.0
1842	0.0
187	0.0
4161	0.001430052875123581
2676	0.0
1694	6.778395660879368e-05
1125	3.799035886679348e-05
4162	0.0032465270925777327
958	0.0009247311515065536
68	0.0
1635	0.0
828	0.0
4163	0.004026483505434153
2233	0.0
1002	5.522321884131004e-06
765	0.00042528904237292404
1566	0.0
1961	0.0
924	0.0
1485	0.0004306773340417895
2894	0.0
4164	0.0027539268329362697
2759	0.0
1429	0.0
4165	0.00371842823391823
336	8.30326553092732e-06
3227	9.25480784961798e-05
339	0.00013275734987313096
4166	0.013363159346765014
133	0.0003057108345138949
225	0.0
3587	0.0
1724	1.9275457713833074e-05
2803	0.0
3624	0.0
871	0.0
1360	0.00011736238422309845
624	0.0
912	0.0
3411	1.7833828117305297e-05
914	0.0
3115	0.0
3340	8.994857782031101e-05
4167	0.0031465513455948687
3120	0.0
1362	0.0
4168	0.00433237126991714
196	0.0003221219975070918
2176	0.0
4169	0.004281595116642002
575	0.00041323548705832523
4170	0.003178308288078186
2062	9.433281195190059e-06
3731	0.0
3893	1.2095354967261668e-05
3242	0.0
818	3.99414126048213e-05
4171	0.004291780448210646
2239	0.0
1344	0.0
2640	0.0
4172	0.0020950891665276862
360	1.9211148854780003e-05
4173	0.0033606830310243334
4174	0.005325708652352939
3739	0.0
2517	0.00011045145790280102
1773	0.0
1766	4.4374158902576406e-05
1785	0.0
3512	0.0
3513	0.0
431	0.0
57	4.4374158902576406e-05
4175	0.003275416721774895
1092	0.0
4176	0.0007394580513575069
2937	0.0
4177	0.0054438639702597
1547	3.2508786211240373e-06
1413	0.0
1956	0.0
4178	0.0022837022772064417
1282	0.0
2472	1.3683163499562072e-05
4179	0.009479927825250156
1527	0.0
87	0.0
333	0.0
4180	0.0012774095061402343
3385	3.10607310870802e-05
2988	0.0
4181	0.002327811764391855
198	0.0
4182	0.005128870427223243
4183	0.01653938766878976
531	0.0
2719	0.0
361	0.0
2076	0.0
1387	0.0
3835	0.0
974	0.0
1231	0.0
1150	0.0
3070	0.0
176	0.00020825121763138913
2688	0.00066761254856164
967	0.0
3517	0.0
2305	0.0
1272	0.0
2212	0.0
4184	0.0033108845418533582
1255	0.0
2669	0.0
867	0.0
1596	0.0
4185	0.0020301977623167593
459	8.256235010982319e-05
4186	0.015195947015865217
3499	0.0
2158	4.7633798772540905e-05
1851	0.0
3105	0.0017965871552886798
4187	0.0026027623213620266
4188	0.0006508984383795683
2388	0.0
1476	0.0
2307	1.156004374246895e-05
4189	0.010043969295650466
236	5.021351515369253e-06
2156	3.659200018288555e-05
4190	0.0037305647871537216
901	0.0
155	0.0
4191	0.0016152810364193219
1969	0.0
4192	0.003992747444180428
4193	0.0
2188	0.0
3897	0.0
4194	0.0022444086116376665
609	0.0
1607	8.036894375775704e-06
1714	0.0
4195	0.005344562810347496
3345	0.0
206	0.0
2308	0.0
639	0.0
1097	0.0
2924	0.0
2756	0.0
4196	0.007909246061374291
1086	0.0
929	0.0
3344	0.0
1528	0.0
947	0.0
2584	1.8331698825002136e-05
3201	6.936248341419626e-05
1091	0.0
3571	0.00011193787829487609
728	8.317803841417063e-07
2892	0.0
4197	0.001516831868050631
2189	0.0
3887	0.0
4198	0.002913459499209324
2303	0.0
1918	0.0
3152	0.0
4199	0.004397765619089398
3462	8.287050565657454e-06
2521	0.0
4200	0.0010809827311033023
2643	0.0
4201	0.005286604497683834
4202	0.0018876455524096261
340	1.5494525374588385e-05
233	0.0
307	0.0
508	0.0006414196218746364
2876	0.0
1108	6.837840968227403e-05
3497	0.0
2111	6.089395875085722e-05
4203	0.007051599523673148
3433	0.0
1626	0.0
3795	0.0
935	0.0002040310146364142
1010	0.0
2131	0.00013434823003254456
2978	3.761744010357052e-05
4204	0.003487890564667296
4205	0.002322878892202108
4206	0.0010681178576552055
4207	0.008614566437061976
1640	0.000352597759197443
291	0.0
1197	0.0
2416	0.0
1277	4.7666023972491886e-05
1907	4.114287609415859e-05
2684	0.0
2955	0.0
1281	0.0
1739	0.0
1479	4.114287609415859e-05
439	0.0
4208	0.0042383612114156284
1645	0.0
1342	0.0
2623	0.0
637	4.0455215057959564e-05
1295	0.0
4209	0.004796571521065036
4210	0.0023199358853512124
665	0.0
376	2.3821082879660387e-05
2667	0.0
1887	0.0
1336	2.5952015026038022e-06
4211	0.00872360463261992
1465	7.831145818560069e-06
4212	0.008719443123141468
3875	0.0
1948	6.293734000718889e-05
2679	0.0
3623	3.2556917926314716e-05
4213	0.002648858646803172
3551	0.0
3376	0.0
1394	0.0
4214	0.0046426241742545645
3591	0.0
1116	1.2472174901688291e-05
3711	0.0
3592	0.0
1525	0.0
4215	0.0015473054565214672
4216	0.004589854322596115
3191	0.0
2346	0.0
516	0.0
2722	0.0
1580	0.0
563	0.0
515	0.0
2904	0.0
4217	0.0018343384738442505
4218	0.002110047469542648
3681	1.3851160811490504e-05
4219	0.005902752586497725
1458	0.0
4220	0.0002474721850657417
4221	0.010540684962311966
4222	0.0006207098589566244
2316	0.0
3629	0.0
276	0.0
1757	0.0
927	0.0
2950	0.0
4223	0.0015098084019741387
3525	0.0
4224	0.014665390648715181
3398	0.0
1676	0.0
2826	0.0
891	0.0
1339	7.402427170839791e-05
2990	0.0
2815	0.0
86	0.0
937	0.0
1266	0.0
1230	8.857431165251857e-05
4225	0.00290441705642593
3514	3.5820490662759016e-06
952	0.0
2222	0.0
4226	0.004959247288296964
3155	0.0
805	1.831400728804664e-05
777	6.513128173041856e-05
466	8.017810969003793e-06
93	0.0
4227	0.003691266505030498
988	0.0
1790	3.147861857976345e-06
4228	0.0011370690079832238
4229	0.0017507654466550973
2012	0.0
4230	0.0032303682806007266
2792	0.0
3537	1.1917671510276354e-05
3602	0.0
3557	1.3998372903598515e-05
1454	1.5349066495500469e-06
4231	0.007057375334918356
1664	0.0
4232	0.001946152169351334
583	4.0394759149874744e-05
2557	7.092525717672867e-05
1925	0.0
1044	0.0
4233	0.00215693150580144
2185	0.0
4234	0.0018216489605003589
4235	0.002496695332974404
97	0.0
4236	0.00967688204492776
504	0.0
2144	0.0
851	0.0
1602	0.0
3894	0.0
1096	0.0
90	0.0
4237	0.001664339858426021
1303	0.0
4238	5.08586290808664e-07
4239	0.002195904572157371
3081	3.727880421953807e-05
3056	0.0
4240	0.0009810217720894663
4241	0.005521760074848684
2508	4.656090795128155e-05
3613	2.4210327444633444e-06
3426	0.0
4242	0.006601223628198941
4243	0.005780622030215835
1481	1.0095522356906054e-05
1484	0.0
2236	0.0
2548	0.0
768	0.0
3297	0.0
1659	0.0
3478	0.0
4244	0.00011381034827317885
4245	4.4898604778816303e-05
4246	2.6128810561864914e-07
4247	0.002476029535323514
3748	0.0
4248	0.0029469503502093305
4249	0.005265157447624923
2238	0.0
1903	0.0
1845	5.970683365208072e-05
1214	0.0
1448	0.0
1158	0.0
1881	0.0
4250	0.0018808051347836575
3534	2.0939536696871993e-06
620	0.0
4251	0.009225225720671179
15	0.0
3581	0.00014441718084034217
1239	9.567099851059004e-05
2809	0.0
1366	0.0
3298	0.0
1490	0.0
754	0.0
2366	0.0
3809	0.0
2083	0.0
4252	0.0029564349712085116
4253	0.010321602517342111
2933	3.7539956748885474e-05
3645	0.0
2754	0.0
2112	0.0
938	0.0
3099	8.29582159982858e-05
2830	0.0
1003	0.0
2671	0.0
3807	8.29582159982858e-05
3721	0.0
3676	2.9314761703010034e-05
1442	0.0
757	1.7873077247805286e-05
4254	0.009191628048606413
4255	0.0024384548589257596
965	0.0
963	0.0
1315	0.0
788	0.0
3864	0.0
2477	0.0
2561	2.6966187602161564e-05
1501	0.00019976083441445788
4256	0.008579982151267804
1639	0.0
1516	0.0
1608	0.0
1075	0.0
2500	0.0
1986	0.0
490	3.581108564618828e-05
2295	0.00014487190998133028
2403	0.0
4257	0.0007062123389556341
4258	0.0026764683657030984
449	0.0
1378	0.0
4259	0.011861177992836832
2654	0.0
787	2.6595170427395614e-05
979	0.0
4260	0.001236362428869363
4261	0.0002465129811035438
2728	0.0
1717	6.896614383151288e-06
4262	0.002488186329077464
4263	0.0017534602356584755
3561	1.9111644865549994e-06
934	0.0
4264	0.002146787920317937
1129	2.677066499297113e-06
1597	2.356240170635682e-05
4265	0.0017498873229372922
4266	0.008757341172864728
468	8.600190973176212e-05
2446	0.0
2066	0.00034252169116431473
3104	0.0
4267	0.0
4268	0.0027873212625878505
4269	0.0011730540637292636
4270	0.005118506353504571
2541	0.0
842	0.0
4271	0.005638389808883721
4272	0.0009235840806198197
1054	2.0749349829992303e-05
2088	0.0
2452	0.0
4273	0.0023311754140810017
3791	2.5923119223335e-05
4274	0.0029423572441449417
4275	0.0017538122583736129
1616	0.00012131538907720874
2283	0.0
3904	0.0
4276	0.0025619850241029108
4277	0.001552214428402837
2543	0.0
2816	0.0
2539	0.0
4278	0.0016484008583438523
1857	0.0
4279	0.005998100860663489
1940	0.0
3733	0.0
3845	0.0
293	0.00015807181828214083
103	0.0
4280	0.00326167354459135
1792	0.0
2226	0.0
4281	0.004625108014585874
3554	0.0
1674	0.0
2038	0.0
3354	0.0
3717	6.35068310135817e-05
506	0.0
4282	0.0037478593805375868
4283	0.0018804511796622987
3405	8.441169043809518e-07
3695	0.0
4284	0.0008401907847098912
4285	7.480610282466438e-05
4286	0.004910648672696683
1761	0.0
1430	0.0
1819	0.0
2347	0.0
1542	0.0
4287	0.006371636025833753
3231	0.0
313	0.0
1014	0.0
1260	0.0
4288	0.002835685746094336
4289	0.007358425200021131
2744	0.0
1900	2.8447987475158364e-06
3436	0.0
2499	0.0
721	1.0957638391750753e-05
4290	0.0018418688401510418
1855	3.969820178218749e-06
4291	0.002091264209798016
630	0.0
2374	3.645746942069544e-05
4292	0.0023607671818274196
2483	8.221324584774279e-05
408	0.0
1849	0.0
4293	0.004035316158225443
213	0.0
4294	0.0077970035310947795
718	0.0
539	0.0
4295	0.008898290517690713
3374	0.0
411	0.0
1200	6.2732751796231134e-06
3664	0.0
4296	2.1744407330186486e-07
4297	0.0014703206580949017
4298	0.0053356438564829065
3725	0.0
1662	1.3862641112758766e-06
3776	0.0
4299	0.001775628211930515
420	0.0
1384	0.0
4300	0.003364681828545679
3886	5.473952877318927e-06
3093	0.0
3094	0.0
2043	0.0
4301	0.0015752806213043826
3171	9.947328434031958e-06
4302	0.0013995300956899895
1825	2.7932095358411513e-06
2163	0.0
4303	0.0015298449222001709
453	0.0
4304	0.0017453610733173244
2313	0.0
4305	0.005946961121377265
261	1.358075802805406e-06
2092	0.0
4306	0.0024102313104689362
4307	0.004711416892355905
3111	0.0
797	0.0
3123	1.4273010186053595e-05
3903	0.0
1173	0.0
2028	0.0
4308	0.008513092982786036
1741	0.0
4309	0.001464816496987964
4310	0.0016377089953482935
160	0.0
3326	0.0
4311	0.0048857060656595655
4312	0.0016885802494657608
898	0.0
2275	0.0
3406	0.0
954	0.0
3137	0.0
3397	0.000107981258479735
1860	3.872006329309971e-05
2944	0.000107981258479735
647	0.0
4313	0.008187331645263031
2583	0.0
2194	0.0
3775	0.0
3080	0.0
2387	0.0
4314	0.0012636498046991675
4315	0.0015370540655198182
2571	0.0
4316	0.003382537418398868
4317	0.006351984524382217
3121	0.0
1314	3.4397207730729986e-05
425	0.0
1713	0.0
4318	0.00034377756134381765
4319	0.000738809392961477
4320	0.011071484490464628
2768	0.0
0	0.0
4321	0.0029071413140004934
2875	0.0
536	0.0
4322	0.0007388093929614769
4323	0.004781989340956788
37	0.0
1112	0.0
4324	0.007205205898552627
3656	0.0
3781	0.0
1781	0.0
4325	0.005914795303456123
3368	0.0
1743	1.7372031837615064e-06
4326	0.0013505066872093658
4327	0.0
4328	0.0010740127303771072
4329	0.08770166950482366
3164	0.0
1634	0.0
715	0.0
8	0.0
355	0.0
1297	0.0
848	0.0
2409	0.0
3294	0.0
1147	0.0
1145	0.0
1880	0.0
1317	0.0
3249	0.0
3391	0.0
2882	0.0
171	0.0
1267	0.0
2336	0.0
3295	0.0
3022	0.0
2265	0.00017032544631020158
2021	0.0
3148	0.0
3126	0.0
1009	0.0
3750	0.0
1319	0.0
415	0.0
2878	0.0
2731	0.0002532775201528876
978	0.0
3010	0.0
1041	0.0
3851	0.0
2361	0.0
3321	0.0
1830	0.0
3416	0.0
2377	0.0
1665	0.0
2964	0.0
3540	0.0
3356	0.0
1400	0.0
3463	0.0
2823	0.0
4330	0.0038424754667563876
861	1.7727232941249035e-05
2760	0.0
4331	0.0059725192268646745
4332	0.0016484812825514116
2456	0.0
1348	0.0
1753	0.0
4333	0.0022826249061725762
3868	0.0
4334	0.001289115794334871
4335	0.008115238342273215
256	0.0
3117	0.0
1941	2.766735808581075e-05
2227	0.0
992	0.0
1106	0.0
3159	0.0
4336	0.015776215690415474
1466	0.0
696	0.0
1373	0.0
2628	0.0
1352	0.0
1229	0.0
4337	0.003953965087628062
4338	0.006064745805435867
2240	0.0
3461	0.0
3743	0.0
2167	0.0
2518	3.05968775727918e-06
356	0.0
1565	0.0
4339	0.0009073009756511067
4340	0.0018371817556386116
2570	0.0
4341	0.008600412168926555
1163	0.0
2635	0.0
4342	0.004602303535397282
2269	0.0
2150	0.0
4343	0.0026621650255643213
4344	0.004360991430313016
4345	0.007544977909704313
3233	0.0
3232	0.0
1979	0.0
4346	0.0043987354587581
4347	0.0042427899249331885
4348	0.004896474796525322
1735	0.0
1118	0.0
2968	0.0
1983	0.0001298019573540606
4349	0.004002222627365594
3841	0.0
826	0.0
3840	0.0
4350	0.0062319844560382205
2952	0.0
525	4.23087483709133e-05
4351	6.31191822442979e-05
4352	0.0010667636519888068
4353	0.0015595510874323287
4354	0.002331468307646671
4355	0.0007423411837106374
626	0.0
2391	0.0
1560	0.0
1511	0.0
4356	0.00036625183764419164
4357	0.001490463224542732
1992	0.0
1508	5.6978611290999606e-05
1905	3.909329727995337e-06
4358	0.006100940049132256
1810	0.0
815	0.0
2172	5.884606203158704e-05
1329	0.0
3118	0.0
4359	0.01104014091578426
4360	0.0014562052480051703
2103	0.0
675	0.0
2553	0.0
4361	0.0016730818899259692
4362	0.00015624269162136411
4363	0.001552263835317753
3096	9.998111451241096e-05
4364	0.005113160121482823
1666	0.0
1733	0.0
127	7.112017113818101e-06
3476	0.0
1814	0.0
4365	0.003977371052893262
1906	4.701644779101822e-06
1396	0.0
1184	0.0
122	0.0
1980	0.0
4366	0.0069547773019477425
2619	0.0
4367	0.010993766190973633
1251	0.0
3708	0.0
3448	0.0
3756	0.0
1155	0.0
315	0.0
1242	0.0
1872	0.0
3709	0.0
2593	0.0
2615	0.0
4368	0.003974755735413175
1495	0.0
2229	0.0
807	0.0
4369	0.0013149354456653268
2266	0.0
4370	0.0033798102107623035
1877	0.0
3858	0.0
4371	0.004717326854645318
4372	0.004788845977507047
3565	0.0
2067	0.0
492	0.000280593874645202
1264	0.0
3455	0.0
4373	0.006143210648555403
4374	0.011625560723504425
2314	0.0
1047	0.0
2755	0.0
2117	0.0
1351	0.0
1130	0.0
1477	0.0
1592	0.0
2051	0.0
1721	0.0
2389	0.0
1720	0.0
2609	0.0
4375	0.004956216564392244
4376	0.0014533773113483944
3061	0.0
3474	1.057836075720919e-05
2152	0.0
4377	0.0019234381694756303
4378	0.001999658851338621
1787	0.0
1998	0.0
3546	0.0
4379	0.006192765732419681
2486	0.0
2130	1.6593133830607958e-05
4380	0.01863643720235562
1752	0.0
4381	0.005351225985319257
4382	0.010106548230277124
1321	0.0
1056	0.0
1286	0.0
2745	0.0
1523	0.0
1053	0.0
3846	0.0
458	0.0
4383	0.002363507617952195
4384	0.007860091281000327
2216	0.0
1089	0.0
3907	0.0
1989	0.0
4385	0.009683536712217177
1833	0.0
343	0.0
221	0.0
4386	0.002719488707811058
4387	0.008261515044820093
853	0.0
984	0.0
827	0.0
2714	0.0
941	0.0
4388	0.0012349655739692961
4389	0.0017507396126679412
3754	0.0
4390	0.002055753209525482
4391	0.0034385774202815365
4392	0.01963637511988295
2503	0.0
1013	0.0
395	0.0
2206	0.0
738	0.0
864	0.0
550	0.0
1707	0.0
289	0.0
3147	0.0
2074	0.0
2217	0.0
3819	0.0
1146	0.00010138843480511493
1036	0.0
2490	0.0
823	0.0
4393	0.0
4394	0.005581119410751048
2281	0.0
3127	0.0
2198	0.0
4395	0.001369029021607656
4396	0.0
4397	0.001527659909702936
543	0.0
4398	0.0011406593179595454
4399	0.006562098053179358
3210	0.0
1099	0.0
3682	0.0
4400	0.004094060812224549
600	0.0
4401	0.0
4402	8.264087169591465e-07
2956	0.0
3329	0.0
4403	0.0007388093929614768
4404	0.0019122704710501975
500	0.0
2420	0.0
4405	0.005193209148204078
1828	0.0
2154	0.0
1065	0.0
2382	0.0
115	0.0
4406	0.00045373266773754596
4407	0.0012743144078829374
4408	0.0003138638980284388
3235	0.0
4409	0.007227495034033393
3040	0.0
