1615	0.0028011204481792717
2909	0.03081232492997199
1774	0.0028011204481792717
685	0.0028011204481792717
2385	0.0028011204481792717
1549	0.0028011204481792717
1290	0.0028011204481792717
1170	0.0056022408963585435
2028	0.011204481792717087
724	0.0056022408963585435
2379	0.0028011204481792717
1105	0.0028011204481792717
2910	0.0196078431372549
2911	0.0196078431372549
649	0.0056022408963585435
132	0.0056022408963585435
406	0.008403361344537815
94	0.04481792717086835
189	0.01680672268907563
106	0.0196078431372549
871	0.0028011204481792717
2728	0.0028011204481792717
40	0.025210084033613446
2912	0.03361344537815126
75	0.008403361344537815
541	0.0028011204481792717
2702	0.0028011204481792717
138	0.008403361344537815
384	0.0056022408963585435
2438	0.0028011204481792717
1062	0.0028011204481792717
565	0.008403361344537815
101	0.014005602240896359
1694	0.0028011204481792717
405	0.0028011204481792717
404	0.0028011204481792717
2913	0.058823529411764705
21	0.05322128851540616
232	0.0056022408963585435
34	0.008403361344537815
912	0.0028011204481792717
179	0.0056022408963585435
350	0.0028011204481792717
1222	0.0028011204481792717
357	0.0028011204481792717
211	0.0028011204481792717
9	0.0028011204481792717
63	0.025210084033613446
1776	0.0028011204481792717
309	0.0056022408963585435
2736	0.0028011204481792717
1128	0.0028011204481792717
366	0.0056022408963585435
1325	0.0028011204481792717
2704	0.0028011204481792717
689	0.0028011204481792717
1074	0.0028011204481792717
42	0.0028011204481792717
2914	0.05042016806722689
1180	0.0028011204481792717
2489	0.0028011204481792717
292	0.0056022408963585435
1877	0.0028011204481792717
274	0.0056022408963585435
278	0.0056022408963585435
2095	0.0028011204481792717
687	0.0056022408963585435
2261	0.0028011204481792717
595	0.0028011204481792717
726	0.0056022408963585435
1876	0.0028011204481792717
409	0.011204481792717087
252	0.0056022408963585435
713	0.0028011204481792717
2915	0.04481792717086835
858	0.0028011204481792717
552	0.0028011204481792717
891	0.0028011204481792717
2076	0.0056022408963585435
2715	0.0056022408963585435
2073	0.0028011204481792717
928	0.0028011204481792717
243	0.0028011204481792717
1963	0.0028011204481792717
2002	0.0028011204481792717
979	0.0028011204481792717
2202	0.0028011204481792717
2916	0.04201680672268908
1955	0.0028011204481792717
217	0.0028011204481792717
1740	0.0028011204481792717
2371	0.0028011204481792717
2177	0.0028011204481792717
2057	0.0028011204481792717
851	0.0028011204481792717
1470	0.0028011204481792717
1371	0.0028011204481792717
2176	0.0028011204481792717
1160	0.0028011204481792717
2527	0.0028011204481792717
450	0.0028011204481792717
2917	0.03081232492997199
1662	0.0028011204481792717
1919	0.0028011204481792717
618	0.008403361344537815
1394	0.0028011204481792717
2918	0.0196078431372549
26	0.0056022408963585435
2241	0.0028011204481792717
1625	0.0028011204481792717
508	0.0028011204481792717
314	0.0028011204481792717
2919	0.03081232492997199
1259	0.0028011204481792717
1424	0.0028011204481792717
7	0.0028011204481792717
538	0.0056022408963585435
996	0.0028011204481792717
969	0.0028011204481792717
112	0.0056022408963585435
1775	0.0028011204481792717
1383	0.0028011204481792717
2920	0.025210084033613446
2921	0.011204481792717087
371	0.0028011204481792717
2180	0.0028011204481792717
139	0.0028011204481792717
1043	0.0028011204481792717
1308	0.0028011204481792717
2718	0.0028011204481792717
2922	0.008403361344537815
481	0.008403361344537815
2923	0.01680672268907563
1915	0.0056022408963585435
2515	0.0028011204481792717
875	0.0028011204481792717
503	0.0028011204481792717
2924	0.014005602240896359
818	0.0028011204481792717
1583	0.0028011204481792717
1529	0.0056022408963585435
2925	0.0196078431372549
2182	0.011204481792717087
2455	0.0056022408963585435
1030	0.0028011204481792717
1333	0.0028011204481792717
1386	0.0028011204481792717
1178	0.0028011204481792717
184	0.008403361344537815
2926	0.01680672268907563
2927	0.0392156862745098
1065	0.0056022408963585435
1845	0.0056022408963585435
1127	0.0028011204481792717
1821	0.0056022408963585435
739	0.0028011204481792717
762	0.0028011204481792717
1073	0.0028011204481792717
294	0.0028011204481792717
1719	0.0056022408963585435
1587	0.0028011204481792717
329	0.0056022408963585435
1291	0.0028011204481792717
269	0.0056022408963585435
1898	0.0028011204481792717
1060	0.0028011204481792717
2928	0.0196078431372549
2929	0.025210084033613446
1505	0.0056022408963585435
1506	0.0056022408963585435
69	0.014005602240896359
2633	0.0028011204481792717
2930	0.0056022408963585435
2931	0.03081232492997199
1482	0.0028011204481792717
632	0.0028011204481792717
764	0.0028011204481792717
787	0.0028011204481792717
1131	0.0028011204481792717
471	0.0028011204481792717
509	0.0028011204481792717
1033	0.0028011204481792717
2932	0.07563025210084033
2933	0.01680672268907563
797	0.0028011204481792717
208	0.0028011204481792717
1203	0.0028011204481792717
1442	0.0028011204481792717
2187	0.0028011204481792717
1881	0.0028011204481792717
1400	0.0028011204481792717
1042	0.0028011204481792717
637	0.0028011204481792717
550	0.0028011204481792717
340	0.0028011204481792717
908	0.0028011204481792717
2503	0.0028011204481792717
2229	0.0028011204481792717
1134	0.0028011204481792717
192	0.0028011204481792717
2070	0.0028011204481792717
1274	0.0028011204481792717
2021	0.0028011204481792717
237	0.0028011204481792717
738	0.0028011204481792717
306	0.0028011204481792717
32	0.0028011204481792717
35	0.0028011204481792717
1621	0.0028011204481792717
2295	0.0028011204481792717
1516	0.0028011204481792717
727	0.0028011204481792717
2934	0.036414565826330535
2935	0.0700280112044818
881	0.0056022408963585435
2	0.0028011204481792717
2292	0.0028011204481792717
1046	0.0028011204481792717
2074	0.0028011204481792717
819	0.0028011204481792717
293	0.0028011204481792717
2151	0.0028011204481792717
1941	0.0028011204481792717
774	0.0056022408963585435
387	0.0028011204481792717
1689	0.0028011204481792717
27	0.0056022408963585435
2426	0.0028011204481792717
1054	0.0028011204481792717
378	0.0028011204481792717
1510	0.0028011204481792717
1146	0.0028011204481792717
1577	0.0028011204481792717
1609	0.0028011204481792717
1707	0.0028011204481792717
2738	0.0028011204481792717
386	0.0028011204481792717
1978	0.0028011204481792717
307	0.0028011204481792717
191	0.0028011204481792717
2936	0.008403361344537815
2937	0.014005602240896359
2938	0.0056022408963585435
181	0.0028011204481792717
113	0.008403361344537815
260	0.0028011204481792717
394	0.0028011204481792717
2939	0.01680672268907563
1286	0.0056022408963585435
1045	0.0056022408963585435
2940	0.014005602240896359
2941	0.011204481792717087
1385	0.0028011204481792717
2181	0.0028011204481792717
2942	0.028011204481792718
601	0.0028011204481792717
2108	0.0028011204481792717
134	0.0028011204481792717
791	0.0028011204481792717
876	0.0028011204481792717
1589	0.0028011204481792717
869	0.0028011204481792717
2943	0.04481792717086835
161	0.0028011204481792717
1749	0.0028011204481792717
758	0.0028011204481792717
25	0.0028011204481792717
30	0.0028011204481792717
338	0.0028011204481792717
1302	0.0028011204481792717
379	0.0028011204481792717
1055	0.0028011204481792717
943	0.0028011204481792717
2944	0.047619047619047616
98	0.0028011204481792717
950	0.0028011204481792717
388	0.0028011204481792717
617	0.0028011204481792717
231	0.0028011204481792717
426	0.0028011204481792717
23	0.0056022408963585435
494	0.0028011204481792717
999	0.0028011204481792717
48	0.0028011204481792717
1844	0.0028011204481792717
61	0.0028011204481792717
157	0.0028011204481792717
201	0.0028011204481792717
2945	0.056022408963585436
2946	0.028011204481792718
1700	0.0028011204481792717
97	0.0028011204481792717
497	0.0028011204481792717
980	0.0028011204481792717
536	0.0028011204481792717
272	0.0028011204481792717
268	0.0028011204481792717
400	0.0056022408963585435
781	0.0028011204481792717
705	0.0028011204481792717
1224	0.0028011204481792717
151	0.0028011204481792717
510	0.0028011204481792717
1270	0.0056022408963585435
2947	0.056022408963585436
2948	0.04481792717086835
334	0.0028011204481792717
24	0.0028011204481792717
1063	0.0028011204481792717
490	0.0028011204481792717
146	0.0028011204481792717
353	0.0028011204481792717
467	0.0028011204481792717
264	0.0028011204481792717
569	0.0028011204481792717
703	0.0028011204481792717
299	0.0028011204481792717
688	0.0028011204481792717
2174	0.0028011204481792717
1724	0.0028011204481792717
1121	0.0028011204481792717
318	0.0028011204481792717
1398	0.0028011204481792717
1910	0.0028011204481792717
657	0.0028011204481792717
1551	0.0028011204481792717
822	0.0028011204481792717
2949	0.014005602240896359
2799	0.0028011204481792717
2522	0.0028011204481792717
2061	0.0028011204481792717
2950	0.0196078431372549
142	0.0028011204481792717
285	0.0028011204481792717
1500	0.0028011204481792717
2951	0.008403361344537815
796	0.0028011204481792717
749	0.0028011204481792717
1379	0.0028011204481792717
2952	0.025210084033613446
525	0.0028011204481792717
559	0.0028011204481792717
322	0.0028011204481792717
582	0.0028011204481792717
2953	0.008403361344537815
2954	0.014005602240896359
2955	0.022408963585434174
2745	0.0028011204481792717
53	0.0028011204481792717
1346	0.0028011204481792717
2956	0.008403361344537815
2957	0.014005602240896359
1884	0.0028011204481792717
1525	0.0028011204481792717
2509	0.0028011204481792717
2958	0.011204481792717087
592	0.0028011204481792717
985	0.0028011204481792717
