3109	0.010687022900763359
983	0.0015267175572519084
731	0.0030534351145038168
69	0.029770992366412213
1146	0.0015267175572519084
386	0.0022900763358778627
21	0.0549618320610687
34	0.015267175572519083
440	0.0015267175572519084
2	0.004580152671755725
282	0.007633587786259542
1153	0.003816793893129771
876	0.006870229007633588
392	0.0053435114503816794
3110	0.007633587786259542
400	0.010687022900763359
371	0.0053435114503816794
63	0.026717557251908396
557	0.0007633587786259542
292	0.0053435114503816794
1407	0.0007633587786259542
252	0.01450381679389313
40	0.02900763358778626
1697	0.0015267175572519084
3111	0.0053435114503816794
511	0.0007633587786259542
138	0.0061068702290076335
2978	0.003816793893129771
1649	0.0015267175572519084
3112	0.006870229007633588
3113	0.0061068702290076335
1204	0.0030534351145038168
1557	0.0007633587786259542
3092	0.0007633587786259542
116	0.0007633587786259542
1201	0.0015267175572519084
397	0.0007633587786259542
2434	0.0015267175572519084
2805	0.0007633587786259542
1698	0.0015267175572519084
338	0.0053435114503816794
112	0.020610687022900764
117	0.0022900763358778627
649	0.006870229007633588
94	0.026717557251908396
3114	0.013740458015267175
2145	0.0015267175572519084
3008	0.0015267175572519084
1021	0.0007633587786259542
775	0.0007633587786259542
2662	0.0007633587786259542
975	0.0015267175572519084
2144	0.0015267175572519084
3014	0.0007633587786259542
1372	0.0015267175572519084
3015	0.0007633587786259542
1934	0.0007633587786259542
851	0.0007633587786259542
263	0.0030534351145038168
1050	0.0015267175572519084
454	0.0015267175572519084
76	0.0007633587786259542
126	0.003816793893129771
3115	0.01603053435114504
2337	0.0007633587786259542
822	0.012977099236641221
309	0.003816793893129771
9	0.02366412213740458
548	0.0061068702290076335
388	0.003816793893129771
3054	0.0030534351145038168
730	0.004580152671755725
1222	0.011450381679389313
113	0.0053435114503816794
157	0.003816793893129771
3082	0.0015267175572519084
314	0.004580152671755725
446	0.003816793893129771
569	0.0030534351145038168
119	0.0053435114503816794
179	0.010687022900763359
494	0.003816793893129771
3116	0.007633587786259542
862	0.0030534351145038168
106	0.03435114503816794
976	0.0007633587786259542
416	0.0053435114503816794
562	0.003816793893129771
88	0.010687022900763359
357	0.007633587786259542
1006	0.0030534351145038168
1764	0.0015267175572519084
3117	0.00916030534351145
619	0.0007633587786259542
2616	0.0007633587786259542
1821	0.0015267175572519084
131	0.0022900763358778627
2225	0.0007633587786259542
2203	0.0015267175572519084
2115	0.0007633587786259542
2688	0.0007633587786259542
26	0.0007633587786259542
3118	0.01603053435114504
3119	0.00916030534351145
1170	0.0022900763358778627
1586	0.0061068702290076335
999	0.003816793893129771
1359	0.008396946564885497
546	0.0022900763358778627
787	0.0015267175572519084
2072	0.0007633587786259542
783	0.0007633587786259542
872	0.006870229007633588
269	0.0022900763358778627
1853	0.0007633587786259542
683	0.0007633587786259542
409	0.0022900763358778627
1797	0.0007633587786259542
564	0.0022900763358778627
3005	0.004580152671755725
151	0.003816793893129771
644	0.0007633587786259542
739	0.0007633587786259542
928	0.006870229007633588
3120	0.007633587786259542
406	0.0030534351145038168
25	0.0061068702290076335
685	0.0007633587786259542
2728	0.0007633587786259542
2028	0.0022900763358778627
186	0.0015267175572519084
1868	0.0022900763358778627
3121	0.012213740458015267
1643	0.0015267175572519084
1774	0.0022900763358778627
1775	0.0022900763358778627
2175	0.0022900763358778627
2919	0.0015267175572519084
996	0.0022900763358778627
1613	0.0022900763358778627
1116	0.0022900763358778627
969	0.0015267175572519084
215	0.004580152671755725
3122	0.01984732824427481
1519	0.0022900763358778627
335	0.003816793893129771
751	0.0015267175572519084
268	0.006870229007633588
341	0.0007633587786259542
2317	0.0015267175572519084
592	0.0015267175572519084
2312	0.0007633587786259542
1206	0.007633587786259542
278	0.008396946564885497
1123	0.0030534351145038168
169	0.004580152671755725
893	0.0022900763358778627
1933	0.004580152671755725
53	0.0022900763358778627
1224	0.0022900763358778627
62	0.0007633587786259542
1254	0.0022900763358778627
274	0.007633587786259542
1270	0.0030534351145038168
3123	0.012213740458015267
3124	0.017557251908396947
2097	0.0015267175572519084
1734	0.003816793893129771
566	0.004580152671755725
854	0.0007633587786259542
173	0.007633587786259542
722	0.0022900763358778627
2037	0.0022900763358778627
3103	0.0007633587786259542
818	0.0015267175572519084
2513	0.0015267175572519084
238	0.0022900763358778627
322	0.012977099236641221
1005	0.0022900763358778627
379	0.0007633587786259542
16	0.003816793893129771
1325	0.0030534351145038168
451	0.0022900763358778627
1484	0.0022900763358778627
3102	0.0015267175572519084
792	0.0022900763358778627
1274	0.0015267175572519084
2909	0.0015267175572519084
746	0.0015267175572519084
1978	0.0030534351145038168
2285	0.0015267175572519084
3125	0.01450381679389313
688	0.0007633587786259542
308	0.0015267175572519084
264	0.0007633587786259542
467	0.0007633587786259542
353	0.0022900763358778627
334	0.0007633587786259542
24	0.0015267175572519084
191	0.003816793893129771
2947	0.0007633587786259542
214	0.0007633587786259542
318	0.0015267175572519084
3126	0.011450381679389313
1237	0.0022900763358778627
889	0.0030534351145038168
426	0.0061068702290076335
759	0.003816793893129771
123	0.003816793893129771
2640	0.0015267175572519084
134	0.0053435114503816794
3127	0.0030534351145038168
519	0.004580152671755725
403	0.004580152671755725
848	0.0007633587786259542
2431	0.0007633587786259542
2205	0.0007633587786259542
3128	0.016793893129770993
1760	0.0015267175572519084
1820	0.0030534351145038168
2967	0.0007633587786259542
407	0.0007633587786259542
2660	0.0007633587786259542
1615	0.0022900763358778627
1475	0.0007633587786259542
1529	0.003816793893129771
475	0.0015267175572519084
1624	0.0015267175572519084
1932	0.0015267175572519084
1625	0.0007633587786259542
1302	0.0015267175572519084
374	0.0022900763358778627
3129	0.019083969465648856
2549	0.0007633587786259542
613	0.0015267175572519084
1148	0.004580152671755725
362	0.0022900763358778627
1248	0.0030534351145038168
67	0.0022900763358778627
2777	0.0015267175572519084
232	0.003816793893129771
1031	0.0053435114503816794
2387	0.0007633587786259542
2054	0.0015267175572519084
299	0.0053435114503816794
2292	0.0022900763358778627
1749	0.0053435114503816794
886	0.0030534351145038168
1582	0.0022900763358778627
3130	0.00916030534351145
1930	0.0022900763358778627
1723	0.0015267175572519084
762	0.0022900763358778627
1121	0.0007633587786259542
32	0.003816793893129771
50	0.0015267175572519084
307	0.0007633587786259542
3131	0.021374045801526718
81	0.0022900763358778627
211	0.0015267175572519084
61	0.00916030534351145
325	0.0022900763358778627
617	0.003816793893129771
327	0.0022900763358778627
2984	0.0022900763358778627
691	0.0053435114503816794
2972	0.0015267175572519084
788	0.0015267175572519084
43	0.0061068702290076335
23	0.0061068702290076335
1188	0.0007633587786259542
201	0.0053435114503816794
1844	0.004580152671755725
3132	0.0007633587786259542
796	0.004580152671755725
3133	0.011450381679389313
3134	0.010687022900763359
810	0.0007633587786259542
185	0.0022900763358778627
86	0.0007633587786259542
237	0.0030534351145038168
101	0.008396946564885497
2279	0.0053435114503816794
1644	0.003816793893129771
1567	0.0022900763358778627
3051	0.0022900763358778627
490	0.0007633587786259542
1399	0.0007633587786259542
3135	0.026717557251908396
2288	0.0007633587786259542
977	0.0007633587786259542
2022	0.0007633587786259542
1195	0.0007633587786259542
1256	0.0015267175572519084
845	0.0007633587786259542
2333	0.0007633587786259542
662	0.0007633587786259542
2576	0.0015267175572519084
438	0.0007633587786259542
177	0.0007633587786259542
2550	0.0007633587786259542
2400	0.0007633587786259542
3069	0.0015267175572519084
2735	0.0007633587786259542
3070	0.0007633587786259542
1358	0.0015267175572519084
1137	0.0007633587786259542
1871	0.0007633587786259542
462	0.003816793893129771
102	0.0007633587786259542
1310	0.0007633587786259542
2305	0.0015267175572519084
2990	0.0022900763358778627
1689	0.0015267175572519084
1096	0.0022900763358778627
2537	0.0015267175572519084
1100	0.0022900763358778627
2685	0.0007633587786259542
3136	0.013740458015267175
3137	0.0030534351145038168
231	0.0022900763358778627
366	0.009923664122137405
645	0.0007633587786259542
1696	0.0022900763358778627
1345	0.0015267175572519084
1383	0.0015267175572519084
1424	0.0022900763358778627
1037	0.0007633587786259542
90	0.0007633587786259542
384	0.006870229007633588
2742	0.0007633587786259542
3138	0.0007633587786259542
3139	0.0007633587786259542
3140	0.0030534351145038168
3141	0.013740458015267175
1343	0.0022900763358778627
109	0.0030534351145038168
737	0.004580152671755725
189	0.025190839694656488
1783	0.0015267175572519084
3142	0.0030534351145038168
1045	0.0022900763358778627
2740	0.0007633587786259542
734	0.0007633587786259542
3143	0.010687022900763359
331	0.0015267175572519084
2995	0.0007633587786259542
2891	0.0007633587786259542
95	0.003816793893129771
1352	0.0015267175572519084
1130	0.0007633587786259542
1564	0.0030534351145038168
3041	0.0015267175572519084
1743	0.0022900763358778627
1124	0.0022900763358778627
2636	0.0007633587786259542
1378	0.0015267175572519084
3144	0.003816793893129771
3145	0.0015267175572519084
2693	0.0007633587786259542
1521	0.0007633587786259542
2946	0.0007633587786259542
2722	0.0007633587786259542
516	0.0007633587786259542
3146	0.004580152671755725
3147	0.0183206106870229
2932	0.0053435114503816794
3084	0.0053435114503816794
391	0.0015267175572519084
1630	0.0007633587786259542
708	0.003816793893129771
1889	0.0022900763358778627
601	0.0053435114503816794
75	0.006870229007633588
1744	0.0007633587786259542
657	0.003816793893129771
3148	0.0183206106870229
48	0.009923664122137405
33	0.003816793893129771
1110	0.0007633587786259542
1707	0.0007633587786259542
3149	0.0053435114503816794
2716	0.0007633587786259542
859	0.0015267175572519084
1593	0.0015267175572519084
3150	0.03282442748091603
78	0.0007633587786259542
320	0.0007633587786259542
2962	0.0007633587786259542
1594	0.0015267175572519084
1423	0.0030534351145038168
1516	0.0015267175572519084
2428	0.0007633587786259542
1476	0.0007633587786259542
3019	0.0015267175572519084
1948	0.0015267175572519084
821	0.0007633587786259542
1781	0.0007633587786259542
677	0.0015267175572519084
2490	0.0015267175572519084
2253	0.0007633587786259542
1985	0.0022900763358778627
841	0.0015267175572519084
1276	0.0015267175572519084
602	0.0015267175572519084
921	0.0007633587786259542
2809	0.0007633587786259542
1489	0.0007633587786259542
340	0.0015267175572519084
2964	0.0022900763358778627
1490	0.0007633587786259542
951	0.0022900763358778627
1381	0.0007633587786259542
521	0.0007633587786259542
797	0.0007633587786259542
3024	0.0007633587786259542
2987	0.0007633587786259542
1694	0.0015267175572519084
1261	0.0015267175572519084
107	0.0007633587786259542
812	0.0015267175572519084
3151	0.00916030534351145
3152	0.010687022900763359
1684	0.0022900763358778627
82	0.0007633587786259542
1918	0.0007633587786259542
1642	0.0007633587786259542
98	0.0015267175572519084
961	0.0007633587786259542
1207	0.003816793893129771
849	0.0007633587786259542
1377	0.0007633587786259542
3072	0.0007633587786259542
3153	0.026717557251908396
3154	0.016793893129770993
989	0.0007633587786259542
65	0.0015267175572519084
1228	0.004580152671755725
819	0.0015267175572519084
1404	0.0007633587786259542
85	0.0015267175572519084
824	0.0015267175572519084
468	0.0022900763358778627
1825	0.0007633587786259542
2466	0.0007633587786259542
565	0.0015267175572519084
539	0.0015267175572519084
1183	0.0007633587786259542
1621	0.0030534351145038168
990	0.0030534351145038168
1579	0.0015267175572519084
30	0.0015267175572519084
1692	0.0007633587786259542
64	0.0007633587786259542
190	0.0007633587786259542
312	0.0007633587786259542
561	0.0007633587786259542
820	0.0007633587786259542
1296	0.0007633587786259542
582	0.0030534351145038168
1620	0.0015267175572519084
782	0.0007633587786259542
1549	0.0007633587786259542
3155	0.0053435114503816794
1354	0.0007633587786259542
3156	0.006870229007633588
1386	0.0007633587786259542
2182	0.0007633587786259542
1178	0.0015267175572519084
3090	0.0007633587786259542
3046	0.0007633587786259542
1333	0.003816793893129771
2455	0.0007633587786259542
184	0.0007633587786259542
140	0.0007633587786259542
3157	0.004580152671755725
1979	0.0022900763358778627
3158	0.006870229007633588
3159	0.012213740458015267
132	0.004580152671755725
1501	0.0015267175572519084
529	0.0007633587786259542
3053	0.0007633587786259542
2963	0.0007633587786259542
84	0.0007633587786259542
1636	0.0015267175572519084
676	0.0030534351145038168
6	0.0030534351145038168
1120	0.0015267175572519084
2601	0.0007633587786259542
2235	0.0007633587786259542
3160	0.0030534351145038168
3161	0.015267175572519083
2369	0.0007633587786259542
2582	0.0007633587786259542
2031	0.0030534351145038168
348	0.0015267175572519084
3162	0.0061068702290076335
3163	0.009923664122137405
2818	0.0007633587786259542
581	0.0007633587786259542
2426	0.0007633587786259542
1962	0.0007633587786259542
2485	0.0007633587786259542
2814	0.0007633587786259542
1627	0.0007633587786259542
2319	0.0007633587786259542
2623	0.0007633587786259542
12	0.0007633587786259542
1645	0.0007633587786259542
956	0.0007633587786259542
2163	0.0007633587786259542
501	0.0007633587786259542
846	0.0007633587786259542
2560	0.0007633587786259542
919	0.0007633587786259542
3164	0.017557251908396947
791	0.003816793893129771
19	0.0022900763358778627
342	0.0007633587786259542
2812	0.0007633587786259542
28	0.0015267175572519084
2029	0.0030534351145038168
3165	0.021374045801526718
3166	0.01450381679389313
111	0.0015267175572519084
716	0.0022900763358778627
717	0.0015267175572519084
1562	0.0007633587786259542
394	0.0015267175572519084
1425	0.0015267175572519084
503	0.0007633587786259542
460	0.0015267175572519084
402	0.0007633587786259542
1803	0.0015267175572519084
650	0.0007633587786259542
260	0.0007633587786259542
481	0.0030534351145038168
1859	0.0007633587786259542
1011	0.0007633587786259542
1212	0.0007633587786259542
1103	0.0015267175572519084
441	0.0007633587786259542
2678	0.0015267175572519084
45	0.0015267175572519084
502	0.0015267175572519084
217	0.0015267175572519084
3167	0.0015267175572519084
3168	0.004580152671755725
535	0.0022900763358778627
15	0.0007633587786259542
223	0.0015267175572519084
1740	0.0007633587786259542
3169	0.0030534351145038168
513	0.0053435114503816794
1379	0.0053435114503816794
4	0.0015267175572519084
3170	0.0030534351145038168
3171	0.009923664122137405
728	0.0015267175572519084
1259	0.0022900763358778627
1677	0.0007633587786259542
244	0.0015267175572519084
979	0.0015267175572519084
2050	0.0007633587786259542
713	0.0015267175572519084
1180	0.0007633587786259542
272	0.007633587786259542
3172	0.003816793893129771
3173	0.004580152671755725
3174	0.021374045801526718
1847	0.0022900763358778627
0	0.0022900763358778627
1348	0.0007633587786259542
3026	0.0007633587786259542
1042	0.0022900763358778627
594	0.0007633587786259542
2192	0.0015267175572519084
550	0.0007633587786259542
2214	0.0007633587786259542
1806	0.0007633587786259542
495	0.0022900763358778627
249	0.0030534351145038168
2002	0.0007633587786259542
1977	0.0015267175572519084
2095	0.0015267175572519084
2621	0.0015267175572519084
678	0.0022900763358778627
2979	0.0022900763358778627
508	0.0030534351145038168
3175	0.02748091603053435
128	0.0030534351145038168
1798	0.0007633587786259542
805	0.0022900763358778627
590	0.0007633587786259542
180	0.0007633587786259542
1418	0.0007633587786259542
777	0.0007633587786259542
1163	0.0007633587786259542
858	0.0061068702290076335
3176	0.031297709923664124
1091	0.0007633587786259542
587	0.0022900763358778627
277	0.003816793893129771
377	0.0030534351145038168
42	0.0022900763358778627
576	0.0015267175572519084
509	0.0061068702290076335
542	0.0015267175572519084
857	0.003816793893129771
279	0.003816793893129771
510	0.0053435114503816794
2067	0.0007633587786259542
1704	0.0022900763358778627
985	0.0030534351145038168
704	0.0030534351145038168
1196	0.0007633587786259542
1488	0.0007633587786259542
1126	0.0022900763358778627
1176	0.004580152671755725
1220	0.0015267175572519084
3021	0.0061068702290076335
929	0.0015267175572519084
909	0.0015267175572519084
532	0.0007633587786259542
706	0.0022900763358778627
784	0.0007633587786259542
1370	0.0007633587786259542
1670	0.004580152671755725
332	0.0007633587786259542
38	0.006870229007633588
3177	0.007633587786259542
3086	0.0007633587786259542
381	0.0007633587786259542
2033	0.0007633587786259542
3178	0.004580152671755725
2927	0.0007633587786259542
2935	0.0007633587786259542
3179	0.009923664122137405
1858	0.0007633587786259542
3180	0.024427480916030534
1320	0.0007633587786259542
596	0.0007633587786259542
1043	0.0015267175572519084
2989	0.003816793893129771
290	0.004580152671755725
883	0.0022900763358778627
726	0.0022900763358778627
159	0.0015267175572519084
1149	0.0015267175572519084
1590	0.0015267175572519084
3181	0.008396946564885497
1614	0.0007633587786259542
2388	0.0007633587786259542
1583	0.0007633587786259542
3182	0.003816793893129771
1522	0.0015267175572519084
2761	0.0007633587786259542
2395	0.0007633587786259542
3183	0.003816793893129771
1818	0.0007633587786259542
2718	0.0007633587786259542
3184	0.025954198473282442
3185	0.025954198473282442
1472	0.0007633587786259542
285	0.0061068702290076335
2027	0.0007633587786259542
141	0.0007633587786259542
346	0.0007633587786259542
1850	0.0007633587786259542
1852	0.0007633587786259542
1836	0.0007633587786259542
2237	0.0015267175572519084
1384	0.0007633587786259542
814	0.003816793893129771
779	0.0015267175572519084
2023	0.0007633587786259542
316	0.0030534351145038168
530	0.0007633587786259542
1717	0.0007633587786259542
194	0.0015267175572519084
1215	0.0015267175572519084
345	0.0007633587786259542
2119	0.0007633587786259542
998	0.0015267175572519084
2138	0.0007633587786259542
1109	0.0007633587786259542
931	0.0007633587786259542
2424	0.0007633587786259542
1394	0.0015267175572519084
142	0.0030534351145038168
2298	0.0007633587786259542
175	0.0015267175572519084
634	0.0007633587786259542
483	0.0007633587786259542
344	0.0030534351145038168
2643	0.0007633587786259542
1023	0.004580152671755725
567	0.0007633587786259542
1994	0.0007633587786259542
375	0.0007633587786259542
1193	0.0007633587786259542
2311	0.0015267175572519084
1695	0.0015267175572519084
2079	0.0015267175572519084
568	0.0022900763358778627
524	0.0007633587786259542
606	0.003816793893129771
1572	0.0007633587786259542
1283	0.0015267175572519084
89	0.0007633587786259542
2383	0.0007633587786259542
1993	0.0007633587786259542
1499	0.0007633587786259542
523	0.0007633587786259542
1535	0.0030534351145038168
445	0.0007633587786259542
3186	0.013740458015267175
275	0.0007633587786259542
99	0.0007633587786259542
46	0.0007633587786259542
447	0.0007633587786259542
1606	0.0007633587786259542
224	0.0007633587786259542
3187	0.007633587786259542
3188	0.004580152671755725
1770	0.0007633587786259542
807	0.0022900763358778627
306	0.004580152671755725
349	0.0015267175572519084
3073	0.0007633587786259542
364	0.0007633587786259542
1128	0.0007633587786259542
3189	0.009923664122137405
3190	0.008396946564885497
1808	0.0007633587786259542
902	0.0007633587786259542
2467	0.0007633587786259542
1714	0.0007633587786259542
2808	0.0007633587786259542
3191	0.00916030534351145
3192	0.011450381679389313
442	0.0015267175572519084
3100	0.0007633587786259542
294	0.0015267175572519084
2834	0.0007633587786259542
444	0.003816793893129771
2590	0.0007633587786259542
485	0.003816793893129771
3193	0.008396946564885497
952	0.0015267175572519084
1660	0.0007633587786259542
1445	0.0030534351145038168
3194	0.02366412213740458
815	0.0015267175572519084
873	0.0007633587786259542
897	0.0007633587786259542
2404	0.0007633587786259542
1305	0.0007633587786259542
904	0.0015267175572519084
1314	0.0015267175572519084
270	0.0015267175572519084
1189	0.0007633587786259542
2187	0.0015267175572519084
600	0.0007633587786259542
435	0.0015267175572519084
1545	0.0007633587786259542
948	0.0015267175572519084
3195	0.004580152671755725
3196	0.0061068702290076335
654	0.0007633587786259542
618	0.0007633587786259542
1578	0.0015267175572519084
1158	0.0007633587786259542
83	0.0007633587786259542
3197	0.0022900763358778627
2568	0.0007633587786259542
1347	0.0007633587786259542
3198	0.007633587786259542
610	0.0015267175572519084
583	0.0015267175572519084
3199	0.00916030534351145
3200	0.01450381679389313
770	0.0007633587786259542
769	0.0015267175572519084
3001	0.0015267175572519084
3065	0.0022900763358778627
1129	0.0007633587786259542
2156	0.0007633587786259542
3201	0.015267175572519083
2929	0.0007633587786259542
3202	0.012213740458015267
1506	0.0015267175572519084
255	0.0022900763358778627
3057	0.0015267175572519084
2928	0.0007633587786259542
1505	0.0007633587786259542
1809	0.0007633587786259542
3203	0.0053435114503816794
3204	0.006870229007633588
652	0.0007633587786259542
1316	0.0007633587786259542
2048	0.0007633587786259542
3205	0.008396946564885497
1810	0.0015267175572519084
1550	0.0015267175572519084
1680	0.0015267175572519084
3033	0.0007633587786259542
283	0.0030534351145038168
3206	0.02366412213740458
1356	0.0007633587786259542
1186	0.0007633587786259542
686	0.0022900763358778627
3207	0.015267175572519083
703	0.0015267175572519084
895	0.0007633587786259542
651	0.0007633587786259542
1142	0.0007633587786259542
629	0.004580152671755725
3208	0.02900763358778626
1718	0.0022900763358778627
514	0.0022900763358778627
1355	0.0007633587786259542
1964	0.0007633587786259542
687	0.0015267175572519084
701	0.0022900763358778627
705	0.0015267175572519084
506	0.0007633587786259542
1969	0.0007633587786259542
3209	0.0007633587786259542
412	0.0015267175572519084
3210	0.012213740458015267
79	0.0030534351145038168
3083	0.0007633587786259542
3211	0.004580152671755725
749	0.003816793893129771
3212	0.015267175572519083
865	0.0015267175572519084
3093	0.0007633587786259542
7	0.0030534351145038168
286	0.0030534351145038168
380	0.0007633587786259542
3213	0.007633587786259542
1007	0.0007633587786259542
3214	0.011450381679389313
3215	0.004580152671755725
459	0.0015267175572519084
2117	0.0007633587786259542
579	0.0022900763358778627
3216	0.012213740458015267
3217	0.022900763358778626
833	0.0007633587786259542
452	0.0015267175572519084
121	0.0007633587786259542
2108	0.0007633587786259542
1916	0.0007633587786259542
1893	0.0015267175572519084
2280	0.0007633587786259542
3218	0.00916030534351145
1959	0.0015267175572519084
376	0.0007633587786259542
1284	0.0007633587786259542
2378	0.0007633587786259542
2731	0.0007633587786259542
3219	0.006870229007633588
206	0.0007633587786259542
758	0.0030534351145038168
414	0.0015267175572519084
3220	0.00916030534351145
1773	0.0007633587786259542
1182	0.0007633587786259542
3221	0.025190839694656488
3222	0.0053435114503816794
1551	0.0007633587786259542
1003	0.0007633587786259542
863	0.0007633587786259542
1921	0.0007633587786259542
1617	0.0015267175572519084
605	0.0015267175572519084
317	0.0007633587786259542
768	0.0007633587786259542
3039	0.0007633587786259542
245	0.0007633587786259542
181	0.0007633587786259542
2669	0.0007633587786259542
1111	0.0007633587786259542
213	0.0007633587786259542
368	0.0007633587786259542
3223	0.009923664122137405
3224	0.007633587786259542
1787	0.0007633587786259542
1679	0.0007633587786259542
2131	0.0015267175572519084
968	0.0007633587786259542
1172	0.0007633587786259542
1791	0.0007633587786259542
2092	0.0022900763358778627
2229	0.0007633587786259542
3020	0.0022900763358778627
2376	0.0007633587786259542
3225	0.004580152671755725
3226	0.012977099236641221
2425	0.0015267175572519084
2438	0.0007633587786259542
1729	0.0007633587786259542
3227	0.01450381679389313
3228	0.006870229007633588
941	0.0007633587786259542
2885	0.0007633587786259542
2030	0.0022900763358778627
1227	0.0007633587786259542
1203	0.0015267175572519084
171	0.0007633587786259542
3229	0.011450381679389313
2635	0.0007633587786259542
2703	0.0015267175572519084
330	0.0015267175572519084
869	0.0007633587786259542
3230	0.003816793893129771
3231	0.010687022900763359
1504	0.0007633587786259542
3023	0.0030534351145038168
558	0.0007633587786259542
3232	0.010687022900763359
3233	0.012213740458015267
261	0.0007633587786259542
365	0.0007633587786259542
809	0.0015267175572519084
1449	0.0007633587786259542
950	0.0007633587786259542
3234	0.011450381679389313
742	0.0007633587786259542
2451	0.0007633587786259542
3235	0.009923664122137405
2701	0.0007633587786259542
689	0.0015267175572519084
20	0.003816793893129771
2759	0.0007633587786259542
1887	0.0007633587786259542
3236	0.004580152671755725
1308	0.0015267175572519084
1763	0.0007633587786259542
3237	0.006870229007633588
2330	0.0007633587786259542
1700	0.0015267175572519084
1902	0.0007633587786259542
3107	0.0007633587786259542
1062	0.0007633587786259542
3238	0.011450381679389313
71	0.0007633587786259542
3239	0.019083969465648856
2226	0.0007633587786259542
754	0.003816793893129771
2379	0.0007633587786259542
3240	0.015267175572519083
2357	0.0007633587786259542
1996	0.0007633587786259542
1788	0.0007633587786259542
1759	0.0007633587786259542
3241	0.0061068702290076335
1174	0.0007633587786259542
1699	0.0007633587786259542
3242	0.012977099236641221
544	0.0015267175572519084
1060	0.0007633587786259542
1073	0.0015267175572519084
1799	0.0007633587786259542
3243	0.01450381679389313
1115	0.0015267175572519084
959	0.0007633587786259542
1004	0.0015267175572519084
227	0.0015267175572519084
326	0.0007633587786259542
1634	0.0007633587786259542
3244	0.019083969465648856
793	0.0007633587786259542
1312	0.0022900763358778627
908	0.0015267175572519084
434	0.0022900763358778627
2009	0.0015267175572519084
2183	0.0007633587786259542
3245	0.019083969465648856
595	0.0022900763358778627
2846	0.0007633587786259542
2076	0.0007633587786259542
785	0.0007633587786259542
1536	0.0007633587786259542
1335	0.0015267175572519084
1640	0.0015267175572519084
588	0.0015267175572519084
801	0.0007633587786259542
3246	0.020610687022900764
1265	0.0007633587786259542
1279	0.0022900763358778627
487	0.0007633587786259542
1446	0.0015267175572519084
3247	0.004580152671755725
3248	0.015267175572519083
2077	0.0007633587786259542
199	0.0007633587786259542
3249	0.022900763358778626
1982	0.0007633587786259542
2483	0.0007633587786259542
2521	0.0007633587786259542
2058	0.0015267175572519084
1708	0.0007633587786259542
2294	0.0007633587786259542
3250	0.0015267175572519084
3251	0.006870229007633588
2166	0.0007633587786259542
1757	0.0022900763358778627
3252	0.013740458015267175
980	0.0053435114503816794
556	0.0022900763358778627
1431	0.0022900763358778627
1339	0.0007633587786259542
3253	0.003816793893129771
3254	0.0030534351145038168
2773	0.0007633587786259542
3255	0.013740458015267175
2133	0.0007633587786259542
891	0.0015267175572519084
3074	0.0015267175572519084
2807	0.0007633587786259542
1944	0.0007633587786259542
3256	0.017557251908396947
3257	0.003816793893129771
2427	0.0007633587786259542
1395	0.0007633587786259542
1879	0.0007633587786259542
972	0.0007633587786259542
221	0.0007633587786259542
3258	0.025190839694656488
3259	0.012213740458015267
499	0.0007633587786259542
324	0.0007633587786259542
624	0.0007633587786259542
2266	0.0007633587786259542
165	0.0007633587786259542
653	0.0022900763358778627
794	0.0022900763358778627
192	0.0015267175572519084
2644	0.0007633587786259542
2172	0.0007633587786259542
2026	0.0007633587786259542
3064	0.0007633587786259542
1721	0.0007633587786259542
415	0.0015267175572519084
905	0.0007633587786259542
29	0.0007633587786259542
3260	0.003816793893129771
953	0.0007633587786259542
1411	0.0007633587786259542
2194	0.0007633587786259542
1173	0.0007633587786259542
230	0.0007633587786259542
2367	0.0007633587786259542
3261	0.012977099236641221
2441	0.0007633587786259542
3007	0.0007633587786259542
2970	0.0007633587786259542
2969	0.0007633587786259542
477	0.0007633587786259542
625	0.0007633587786259542
424	0.0007633587786259542
3262	0.0022900763358778627
1068	0.0007633587786259542
3263	0.003816793893129771
3264	0.022900763358778626
1637	0.0007633587786259542
1292	0.0007633587786259542
913	0.0007633587786259542
1855	0.0015267175572519084
146	0.0007633587786259542
3265	0.008396946564885497
2763	0.0007633587786259542
2374	0.0007633587786259542
3266	0.004580152671755725
637	0.0007633587786259542
3267	0.006870229007633588
3268	0.008396946564885497
3269	0.007633587786259542
2702	0.0007633587786259542
234	0.0015267175572519084
1804	0.0007633587786259542
1878	0.0022900763358778627
1662	0.0007633587786259542
3270	0.006870229007633588
2191	0.0007633587786259542
2124	0.0007633587786259542
1782	0.0007633587786259542
3271	0.03358778625954199
1236	0.0007633587786259542
405	0.0007633587786259542
2044	0.0007633587786259542
1510	0.0007633587786259542
149	0.0015267175572519084
1805	0.0007633587786259542
1049	0.0007633587786259542
1013	0.0015267175572519084
2083	0.0007633587786259542
1577	0.0007633587786259542
1214	0.0007633587786259542
27	0.0007633587786259542
1595	0.0007633587786259542
1036	0.0007633587786259542
3080	0.0007633587786259542
1054	0.0007633587786259542
1291	0.0007633587786259542
92	0.0007633587786259542
823	0.0007633587786259542
110	0.0007633587786259542
218	0.0007633587786259542
3004	0.0007633587786259542
3272	0.0030534351145038168
3273	0.003816793893129771
1874	0.0007633587786259542
2276	0.0007633587786259542
518	0.0007633587786259542
3104	0.0007633587786259542
3274	0.0030534351145038168
2673	0.0007633587786259542
3275	0.0061068702290076335
1264	0.0015267175572519084
1218	0.0007633587786259542
3276	0.0633587786259542
3277	0.012213740458015267
2986	0.0007633587786259542
35	0.0007633587786259542
2564	0.0007633587786259542
1785	0.0007633587786259542
2081	0.0007633587786259542
2032	0.0015267175572519084
1767	0.0007633587786259542
2477	0.0007633587786259542
262	0.0007633587786259542
1134	0.0007633587786259542
2070	0.0007633587786259542
2608	0.0007633587786259542
1374	0.0007633587786259542
114	0.0007633587786259542
1928	0.0007633587786259542
727	0.0007633587786259542
2630	0.0007633587786259542
2189	0.0007633587786259542
387	0.0007633587786259542
1900	0.0007633587786259542
1814	0.0007633587786259542
1790	0.0007633587786259542
2503	0.0007633587786259542
2754	0.0007633587786259542
1733	0.0007633587786259542
1890	0.0007633587786259542
1986	0.0007633587786259542
738	0.0007633587786259542
1942	0.0007633587786259542
2544	0.0007633587786259542
2403	0.0007633587786259542
1742	0.0007633587786259542
1125	0.0007633587786259542
1442	0.0007633587786259542
2382	0.0007633587786259542
732	0.0007633587786259542
172	0.0007633587786259542
1828	0.0007633587786259542
2200	0.0007633587786259542
208	0.0007633587786259542
2302	0.0007633587786259542
2991	0.0007633587786259542
2154	0.0007633587786259542
3278	0.013740458015267175
3279	0.021374045801526718
36	0.0007633587786259542
947	0.0015267175572519084
1001	0.0007633587786259542
2008	0.0007633587786259542
1086	0.0015267175572519084
1517	0.0007633587786259542
3280	0.012213740458015267
3281	0.00916030534351145
3282	0.007633587786259542
2704	0.0007633587786259542
1713	0.0007633587786259542
3283	0.003816793893129771
3284	0.012213740458015267
1992	0.0007633587786259542
698	0.0007633587786259542
2656	0.0007633587786259542
2105	0.0007633587786259542
1833	0.0007633587786259542
2904	0.0007633587786259542
2951	0.0007633587786259542
2633	0.0007633587786259542
1987	0.0007633587786259542
1225	0.0007633587786259542
3285	0.011450381679389313
496	0.0015267175572519084
3286	0.016793893129770993
3287	0.009923664122137405
667	0.003816793893129771
463	0.0030534351145038168
764	0.0015267175572519084
1079	0.0030534351145038168
1112	0.003816793893129771
2572	0.0015267175572519084
497	0.0007633587786259542
766	0.0030534351145038168
3288	0.006870229007633588
3289	0.012977099236641221
1099	0.0007633587786259542
553	0.0007633587786259542
1230	0.0007633587786259542
161	0.0007633587786259542
1485	0.0007633587786259542
2815	0.0007633587786259542
3290	0.020610687022900764
3291	0.007633587786259542
2956	0.0007633587786259542
1303	0.0007633587786259542
1106	0.0007633587786259542
2570	0.0007633587786259542
1367	0.0007633587786259542
1796	0.0007633587786259542
2080	0.0007633587786259542
1877	0.0007633587786259542
2343	0.0007633587786259542
1055	0.0007633587786259542
137	0.0007633587786259542
1309	0.0007633587786259542
1765	0.0007633587786259542
2107	0.0007633587786259542
3292	0.021374045801526718
3293	0.01450381679389313
2339	0.0015267175572519084
1482	0.0015267175572519084
661	0.0022900763358778627
2296	0.0007633587786259542
2320	0.0015267175572519084
2920	0.0007633587786259542
1194	0.0007633587786259542
3294	0.0030534351145038168
3295	0.013740458015267175
882	0.0007633587786259542
2206	0.0007633587786259542
3296	0.006870229007633588
3297	0.028244274809160305
3298	0.013740458015267175
620	0.0007633587786259542
1319	0.0007633587786259542
1776	0.0007633587786259542
1326	0.0015267175572519084
1357	0.0007633587786259542
3098	0.0007633587786259542
1020	0.0007633587786259542
2890	0.0007633587786259542
1867	0.0007633587786259542
3299	0.008396946564885497
3300	0.004580152671755725
1140	0.0007633587786259542
3301	0.01450381679389313
1876	0.0007633587786259542
196	0.0007633587786259542
1457	0.0007633587786259542
3302	0.015267175572519083
1033	0.0007633587786259542
2923	0.0007633587786259542
1702	0.0007633587786259542
2954	0.0007633587786259542
1327	0.0007633587786259542
3303	0.0549618320610687
1949	0.0007633587786259542
2299	0.0007633587786259542
765	0.0007633587786259542
924	0.0007633587786259542
3018	0.0007633587786259542
479	0.0007633587786259542
1277	0.0007633587786259542
2408	0.0007633587786259542
1432	0.0007633587786259542
1961	0.0007633587786259542
2004	0.0007633587786259542
714	0.0007633587786259542
2554	0.0007633587786259542
1027	0.0007633587786259542
1154	0.0007633587786259542
2012	0.0007633587786259542
554	0.0007633587786259542
3304	0.015267175572519083
2566	0.0007633587786259542
874	0.0007633587786259542
2238	0.0007633587786259542
3305	0.021374045801526718
3306	0.006870229007633588
1903	0.0007633587786259542
2111	0.0007633587786259542
3002	0.0007633587786259542
1015	0.0007633587786259542
3097	0.0007633587786259542
2540	0.0007633587786259542
1925	0.0007633587786259542
413	0.0007633587786259542
3307	0.01603053435114504
2657	0.0007633587786259542
14	0.0007633587786259542
696	0.0007633587786259542
1650	0.0007633587786259542
443	0.0007633587786259542
2372	0.0007633587786259542
721	0.0007633587786259542
1084	0.0007633587786259542
3308	0.012213740458015267
