3109	983	0.0007298639687109367
3109	731	0.000511502823084084
3109	69	0.0034771164929702602
3109	1146	0.0007728407446391161
3109	386	0.0004812917319370948
3109	21	0.004177889332961582
3109	34	0.000522963926317473
3109	440	0.001156965288214951
3109	2	0.0003399126765676208
3109	282	0.0004099412731360475
3109	1153	0.00026579046230111277
3109	876	0.0003992755503431277
3109	392	0.0002645331807085722
3109	3276	0.005095974451873275
983	3248	0.000806885438254939
731	3124	0.000605536215652845
731	3210	0.000321680066832179
731	3217	0.000456483336910239
69	3115	0.0015901157633475141
69	3119	0.002386833338925731
69	3120	0.003110473492815894
69	3121	0.003622678842974179
69	3124	0.004705666927175876
69	3126	0.0013175056632108145
69	3128	0.0076989523165790965
69	3129	0.0028587427647792144
69	3136	0.003064416839018642
69	3141	0.0012679356006921245
69	3148	0.0018188675251808058
69	3154	0.005928005652206898
69	3156	0.012492663685678548
69	3159	0.0044656468892682105
69	3160	0.0010182365059059019
69	3165	0.0032906778530143736
69	3173	0.0022222163834459924
69	3175	0.003957121010940167
69	3187	0.00327589473795622
69	3190	0.0007562543689686067
69	3189	0.004134929407215409
69	3196	0.005157381345451881
69	3200	0.002429513170069788
69	3205	0.0014632373194618804
69	3206	0.002633574501789431
69	3210	0.001961977459881226
69	3216	0.0029276048863297625
69	3226	0.002102796091958368
69	3231	0.001525133964494588
69	3242	0.004321233877839424
69	3244	0.0031747318462720673
69	3249	0.003894177550691499
69	3272	0.003935800112539305
69	3298	0.0022405414518742064
69	3302	0.01530514404958699
69	3304	0.0032121546373696493
69	3306	0.002072510865231576
69	3307	0.004101928776334499
1146	3306	0.0007500024218478874
386	3174	0.0008858715753912523
386	3210	0.00038867470445084286
21	3110	0.004276202116003918
21	3111	0.003606089100996421
21	3115	0.0040263367011053935
21	3118	0.008597552180620497
21	3125	0.007089450802667461
21	3126	0.0025951536742774123
21	3128	0.016169398283492238
21	3129	0.005938740836671449
21	3130	0.0038170527157047962
21	3131	0.00608574100052522
21	3134	0.00398407222071597
21	3141	0.0025375894271252074
21	3147	0.005783765535576649
21	3148	0.0042208939784676046
21	3151	0.005518615148079639
21	3152	0.00716551618592671
21	3164	0.005035824420213461
21	3165	0.007237353173844089
21	3172	0.0011868149634173988
21	3174	0.009578289816204765
21	3175	0.006893547627267411
21	3177	0.003749651733137459
21	3180	0.02170353838726148
21	3181	0.0046377697278959734
21	3190	0.001872599505089005
21	3192	0.009714006373661413
21	3195	0.005189681814112514
21	3199	0.002399153651670147
21	3203	0.0035183550258508023
21	3205	0.0030775502954129967
21	3206	0.005769229960677165
21	3207	0.006354012424090441
21	3212	0.015192853953038443
21	3214	0.015623281538281594
21	3216	0.0039948572286489445
21	3224	0.0037754349934405323
21	3228	0.003839219130193666
21	3227	0.003944157224712629
21	3229	0.005762166005598383
21	3231	0.002970150646940015
21	3233	0.0065685521392706316
21	3232	0.002384880863470795
21	3235	0.004891774245210637
21	3238	0.0035490613164461267
21	3239	0.005904055501014046
21	3241	0.0038636497409484083
21	3242	0.005126779863393777
21	3243	0.006510251764895835
21	3247	0.00287987395831607
21	3248	0.004980748740420477
21	3251	0.0022575187378342143
21	3252	0.007396221887448463
21	3255	0.007465914265245426
21	3256	0.008595029771300085
21	3257	0.002766934052502779
21	3267	0.003299459385660388
21	3269	0.004392378906116255
21	3277	0.0038254769274604535
21	3281	0.004641736368173238
21	3282	0.0033166278615863313
21	3287	0.004433373885388796
21	3288	0.0026077744539295075
21	3291	0.015603345665925613
21	3292	0.012886273080049169
21	3296	0.0022477075767604235
21	3297	0.011039019317117206
21	3299	0.0036707546485351575
21	3300	0.002920939758491036
21	3306	0.0037729238563535524
21	3305	0.007230876939555726
21	3308	0.003786451120784512
34	3136	0.0010461390230016643
34	3147	0.0005786089492231883
34	3164	0.0005699501506526281
34	3190	0.00034860405903702757
34	3193	0.0005911335469565294
34	3200	0.0005838813726334213
34	3207	0.0007419443719491493
34	3217	0.0010413645405657616
34	3231	0.0003742683540649285
34	3232	0.0005131043392728748
34	3238	0.0005683469751706236
34	3239	0.0006576204976517533
34	3240	0.0009173874533402626
34	3244	0.0006013357755605881
34	3248	0.0006941784359884443
34	3269	0.0008573454388900439
34	3296	0.0003486791377430082
34	3298	0.0005654299436844571
34	3308	0.000405830282230934
440	3166	0.0007653288511580894
2	3147	0.0004522580876502409
2	3172	0.0002062675059867254
2	3174	0.0007206163828473163
2	3210	0.0003506585180630472
2	3295	0.0005465550608381896
282	3124	0.0008160350007528612
282	3204	0.0010559432305384266
282	3210	0.0003855710059018296
282	3227	0.0008038965863704548
282	3239	0.0006489285602668639
282	3240	0.0008517626290221798
282	3277	0.00044796518764258494
282	3288	0.000673923666263604
282	3308	0.0004368204602116301
1153	3147	0.0002907159211812893
1153	3244	0.00030633660333854025
1153	3248	0.0003658518351172195
1153	3305	0.0007475611193471482
876	3126	0.00025771881106992226
876	3148	0.0003650280495555101
876	3164	0.0004408948320752695
876	3206	0.00040222880751852576
876	3210	0.00023430262747924145
876	3229	0.00030579148700639704
876	3231	0.0002758337309696538
876	3240	0.0003286297539815374
392	3141	0.0003302629886347188
392	3147	0.0002746124453397883
392	3217	0.000503802929133648
392	3240	0.00044406413278790625
392	3244	0.00030119613133221593
392	3305	0.0010138606494805554
3110	400	0.00040488509221828564
3110	371	0.0007226131307001818
3110	63	0.002141383739282016
3110	557	0.0015080848486965837
3110	292	0.0004058267896534814
3110	1407	0.0015080848486965837
3110	252	0.0023413569813776967
3110	40	0.002068411882744507
3110	1697	0.0006786434102819569
400	3118	0.0009542945308668348
400	3122	0.0012435855461097516
400	3179	0.0008508155859020376
400	3180	0.0011784288388111842
400	3243	0.0007042250599396539
400	3252	0.0005358458526044095
400	3267	0.0014043649438152915
400	3278	0.003957881782709543
400	3280	0.0013706400751142883
400	3286	0.0006089695098498995
400	3289	0.0012984874509679727
400	3292	0.0006317618137089235
400	3297	0.004515379226300006
371	3163	0.0039035312499710413
371	3180	0.001701222033621375
371	3252	0.0007409741331514248
371	3255	0.0015107554973999694
371	3288	0.0009158028691520137
371	3289	0.0009757609716827501
63	3118	0.003482018677595474
63	3122	0.009916785199584012
63	3124	0.008686786697175947
63	3133	0.003192907899167717
63	3136	0.004244749547381643
63	3140	0.0008689318752409844
63	3142	0.004744191271865705
63	3149	0.0026779331690455046
63	3155	0.002224122692347431
63	3171	0.010606262330539785
63	3174	0.0074724102047222405
63	3175	0.006249720783789838
63	3179	0.002312519070901493
63	3212	0.00947011019560847
63	3213	0.00554385495290238
63	3214	0.008643615601456715
63	3220	0.0030504220639968687
63	3221	0.011621223432067044
63	3228	0.0023793260086127704
63	3230	0.0021889847618078774
63	3232	0.002014960102912516
63	3234	0.003250423715517509
63	3238	0.005243373938371408
63	3243	0.0029707629847106074
63	3249	0.007148354761748368
63	3256	0.004563744285069547
63	3258	0.010549535215781895
63	3264	0.007372264984127135
63	3265	0.004883064887477818
63	3268	0.0028579538209079244
63	3287	0.0029092038922723354
63	3289	0.00656323750309904
63	3301	0.006986461535233323
63	3307	0.006902693894357591
292	3118	0.0007721967211766395
292	3278	0.0029176273897970305
292	3280	0.001059749075342677
292	3289	0.0008486032114513652
292	3297	0.003628606149735062
292	3301	0.0008665631970705442
252	3118	0.00492028557404757
252	3122	0.0015013123428673847
252	3149	0.0011393087612967005
252	3171	0.001389890195913031
252	3176	0.003985651801794353
252	3180	0.0033187066034868016
252	3201	0.0004284246973336061
252	3208	0.0004259472725828829
252	3213	0.0009941853821707636
252	3246	0.0011258524613044182
252	3275	0.0019096032076774266
252	3278	0.0006964335362363618
252	3279	0.001945722007125055
252	3285	0.0010285733393369098
252	3286	0.001486763782408905
252	3292	0.0025718879987669226
252	3301	0.001332272449447805
252	3303	0.00453232825312321
40	3111	0.0023783246986571346
40	3120	0.0028828322739581336
40	3121	0.002783690939034496
40	3122	0.009246429415485822
40	3143	0.008617944857969639
40	3146	0.001883585860386178
40	3157	0.0014383269834144278
40	3158	0.0042418926212631925
40	3161	0.0037287635023850268
40	3163	0.02444041648375927
40	3177	0.002592429614840049
40	3179	0.0034750668994755684
40	3180	0.008291791112084184
40	3183	0.0036814060356558658
40	3194	0.00815795692319229
40	3198	0.0027318212496911603
40	3202	0.0035367441798562537
40	3204	0.0031257391616383245
40	3215	0.0020289535823775576
40	3216	0.004824258312739432
40	3218	0.004668357625083613
40	3219	0.0016961705714845785
40	3220	0.00263071727632427
40	3222	0.0034332864394841516
40	3225	0.0029299931071514315
40	3227	0.0034416955978825983
40	3251	0.0015208086713076802
40	3252	0.003512830639798642
40	3253	0.01406091937389649
40	3268	0.0021214204005112897
40	3280	0.00221797082287005
40	3288	0.0016075009337007094
40	3292	0.004571361495763596
40	3293	0.003211570324356794
40	3294	0.0011419365197430018
40	3297	0.0075403432438487785
40	3305	0.007157628760618767
1697	3180	0.000852411623673376
3111	511	0.001508084848696584
3111	138	0.0003280091124969673
3111	2978	0.0003670562874484491
3111	1649	0.00042908598188672796
3111	3123	0.0023713514582581934
138	3125	0.0005180337460379162
138	3189	0.0004692809002516001
138	3199	0.00041225605197425477
138	3202	0.0004692365818760343
138	3215	0.0002475435869655079
138	3220	0.0004080673164444527
138	3222	0.0004735837904947427
2978	3125	0.0005754744875330857
2978	3202	0.0003744313223772587
2978	3204	0.00030300812890102566
2978	3220	0.000551185534439811
1649	3305	0.0011681748708148273
3112	3113	0.002186687414488443
3112	1557	0.001508084848696584
3112	3092	0.001508084848696584
3112	1204	0.00033999201260500786
3112	397	0.001508084848696584
3112	338	0.0016427366054820821
3112	117	0.0005179989778859778
3112	649	0.0016418842366533693
3112	94	0.004326459513786157
3113	1204	0.00033167086235507933
3113	116	0.001508084848696584
3113	1201	0.0006162077591821434
3113	2434	0.0005655734636828908
3113	2805	0.001508084848696584
3113	1698	0.0005655734636828908
3113	112	0.0041927429061453724
1204	3133	0.0010426043249500987
1204	3219	0.000521078778056533
1201	3218	0.0012097105053728442
2434	3221	0.001319065055795285
1698	3221	0.001319065055795285
338	3149	0.0005944675204020897
338	3154	0.003272475098726067
338	3161	0.0018828765305246502
338	3171	0.0018007005031155687
338	3226	0.0024845668852312847
338	3245	0.004885741807217569
112	3115	0.0008004969834582961
112	3119	0.0011927896616847676
112	3133	0.0017699735797271905
112	3136	0.0012582484565500588
112	3141	0.0009196804132803589
112	3148	0.0009858012285625867
112	3151	0.0013039673057439534
112	3155	0.001092844424134124
112	3160	0.0006154832574611048
112	3164	0.0013046982758366577
112	3165	0.0015799309153235522
112	3175	0.0016723269926309117
112	3179	0.0034949553213902956
112	3187	0.0018569825774899967
112	3206	0.0013855162856504966
112	3222	0.002953528087373314
112	3226	0.000984729170105976
112	3235	0.0011590755884995912
112	3239	0.0019164538299606638
112	3244	0.0017562256795122372
112	3250	0.003013840608823752
112	3259	0.0009733032374459053
112	3264	0.0018646406201933109
112	3273	0.004921582069713802
112	3299	0.001981576894808745
112	3304	0.0011722949133089206
117	3159	0.000781795302699786
117	3194	0.0009070045829517307
649	3158	0.0010714046282418192
649	3179	0.0023830831981828857
649	3183	0.0008649943300617203
649	3194	0.001971480932389373
649	3195	0.0009516603503732778
649	3270	0.005097089739915349
649	3291	0.0019204943783828583
649	3297	0.0033990447875777326
94	3116	0.001265542430663859
94	3122	0.007463053159998254
94	3125	0.002686562258577405
94	3133	0.0017802832054783946
94	3140	0.0005990305990216774
94	3146	0.001422507575398099
94	3149	0.0020018448173827986
94	3159	0.0031761743564636736
94	3166	0.007582867432555864
94	3168	0.006195645244044477
94	3177	0.0014844929039886513
94	3178	0.0014673050841507065
94	3179	0.001690811940279292
94	3192	0.00413042572688784
94	3202	0.003057067193496158
94	3204	0.002579268680358848
94	3219	0.0013013276770909576
94	3220	0.0015351824880854307
94	3222	0.002391059921556824
94	3224	0.0016089454041744746
94	3233	0.0036483475022729434
94	3237	0.004860099594329671
94	3241	0.0015217600642691489
94	3242	0.002665423030232525
94	3257	0.0018937652633871217
94	3268	0.0013295603096212761
94	3287	0.0010930430287397898
94	3286	0.002533047094034131
94	3288	0.0012406697398738259
94	3292	0.003246612309404293
94	3294	0.0005797787681005649
94	3295	0.0019268033936563653
94	3301	0.0054878615841428445
94	3305	0.00455844247394932
3114	2145	0.0011914727232754092
3114	3008	0.0011914727232754092
3114	1021	0.001508084848696584
3114	775	0.001508084848696584
3114	2662	0.001508084848696584
3114	975	0.0011914727232754092
3114	2144	0.0011914727232754092
3114	3014	0.001508084848696584
3114	1372	0.0011914727232754092
3114	3015	0.001508084848696584
3114	1934	0.001508084848696584
3114	851	0.001508084848696584
3114	263	0.006002684879427992
3114	1050	0.0011914727232754092
3114	454	0.0011914727232754092
3114	76	0.001508084848696584
3114	126	0.01713268968907617
3114	3261	0.0016261065208433457
2145	3261	0.0003166121254211758
3008	3261	0.0003166121254211758
975	3261	0.0003166121254211758
2144	3261	0.0003166121254211758
1372	3261	0.0003166121254211758
263	3192	0.01611162021472657
263	3237	0.005358958497881893
263	3261	0.01390790679702311
1050	3261	0.0003166121254211758
454	3261	0.0003166121254211758
126	3203	0.0023701110728812343
126	3212	0.006362629626251771
126	3242	0.007844868584192262
126	3257	0.0024735786278794448
3115	2337	0.001508084848696584
3115	822	0.00035582659461061477
3115	309	0.00036859688311923275
3115	9	0.0005740252470405882
3115	548	0.0003135655303050531
3115	388	0.00032866046942055217
3115	3054	0.00038315718440418514
3115	730	0.00026645292778940393
3115	1222	0.00028572613331718025
3115	113	0.00021371950568573178
3115	157	0.00029895332293842976
3115	3082	0.001088505302772153
3115	314	0.0003428954832508601
3115	446	0.0004421166232953635
3115	569	0.0004361873772180554
3115	119	0.00022720968492228585
3115	179	0.00030654300970225354
3115	494	0.00036832306060485045
822	3131	0.0004510852826973419
822	3152	0.00060857020587018
822	3151	0.00046491423158077927
822	3164	0.0006271092809920195
822	3165	0.0007427926485227231
822	3175	0.0009384491748002628
822	3193	0.0006415780599963606
822	3206	0.0005411961752222588
822	3207	0.0005105530875732661
822	3232	0.00045429237881609706
822	3239	0.0010101296784811283
822	3249	0.0006922398437662975
822	3264	0.0009230057563325428
822	3265	0.001953843431378551
822	3277	0.0010771928093447874
822	3304	0.00047054792062973
309	3129	0.0004320747364871052
309	3164	0.0004703381127199583
309	3217	0.000556878272908697
309	3298	0.00035563649596601435
9	3119	0.0012766926929839372
9	3129	0.001041999971777718
9	3131	0.0011994112667316182
9	3134	0.0007996495659299643
9	3141	0.0004762337729754968
9	3147	0.0011114396535678772
9	3148	0.0006732502878405933
9	3181	0.0009819482643160006
9	3187	0.0012557458524920693
9	3190	0.0004634734356486058
9	3193	0.0009815368670785195
9	3205	0.0006498256767406221
9	3206	0.0008606260776196611
9	3210	0.0007006248618832345
9	3217	0.0019475013011280794
9	3226	0.0008744756281987368
9	3231	0.0005327160545633587
9	3232	0.0007130751607680066
9	3235	0.0008282877805567005
9	3238	0.0009415278600954421
9	3239	0.0010246996433463512
9	3240	0.0016238111313142641
9	3248	0.0011410695893622912
9	3259	0.0008035182533137229
9	3277	0.0007320925723710654
9	3296	0.00046845128224823806
9	3299	0.000697712068954793
9	3304	0.0012042826933637788
9	3307	0.0017951992534106054
9	3308	0.0006318985499433767
548	3148	0.0003517608301208338
548	3165	0.0004032940873642125
548	3175	0.0006663786051928449
548	3186	0.0011648447293559053
548	3206	0.0004445233114448357
548	3249	0.000525806359095318
548	3304	0.00028143954551528423
388	3126	0.00033200602398859256
388	3131	0.0002892277191633817
388	3165	0.00040725897652171925
388	3249	0.00039971697593468766
3054	3131	0.00032428240347182454
3054	3206	0.0005394405076121142
3054	3249	0.0004218878916359317
730	3131	0.00022757090649878214
730	3148	0.0003063546121818049
730	3152	0.0002307156107173995
730	3175	0.0006904575294246709
730	3304	0.00018236995529858214
1222	3129	0.0005646086353405898
1222	3131	0.0005028804133297255
1222	3148	0.0003505910415397095
1222	3164	0.00047544544982938334
1222	3181	0.0005221268030697626
1222	3200	0.0004976336265925922
1222	3229	0.0005882357568267802
1222	3249	0.0007401915774547614
1222	3264	0.0007398907422361729
1222	3277	0.0006862303889054312
1222	3282	0.00032342281622959305
1222	3304	0.0005036022592080471
1222	3307	0.0007852987790199407
1222	3308	0.0005250011632941738
113	3151	0.0002506984610799607
113	3164	0.00032079547610502934
113	3175	0.0005382760564144534
113	3206	0.0003161498114993607
113	3216	0.0008033764661476585
113	3259	0.0002669198680430433
157	3126	0.00028244004383971095
157	3148	0.0003438572894867935
157	3206	0.000431878125393199
157	3264	0.00043798784557128853
3082	3259	0.0004419824526064621
314	3126	0.00025118063844350004
314	3129	0.0003342025401647645
314	3141	0.000407293518110835
314	3181	0.00030245164655326256
314	3198	0.00043391903955462466
446	3131	0.00042616545796928673
446	3166	0.0005744956811432581
446	3165	0.000395719845188925
446	3304	0.00030112413001574735
569	3164	0.0005221897777379058
569	3235	0.00036176485845055553
569	3244	0.0004193644178589736
119	3131	0.00020222765372062795
119	3148	0.0002656377471658065
119	3165	0.00027757199646177903
119	3175	0.0005548052328030158
119	3207	0.0002852444402378097
119	3249	0.000295475573173954
179	3126	0.00029139151560087607
179	3136	0.000614532090689675
179	3147	0.0007111060880877333
179	3193	0.00036376954412372883
179	3206	0.00043460768188892574
179	3207	0.0004702940347334836
179	3226	0.000437354445995417
179	3264	0.0006850868646110996
179	3277	0.0005119491438627635
179	3282	0.0003030452609440306
179	3298	0.00046682752648500035
179	3307	0.0007712353374525003
179	3308	0.0004022853592529689
494	3131	0.0003207855689402728
494	3165	0.00044899018078578236
494	3249	0.0004029229192381353
494	3304	0.0002033784837829354
3116	862	0.000570311319669649
3116	106	0.001474982864773572
3116	976	0.001508084848696584
3116	416	0.000284373177468876
3116	562	0.0006771933768916594
3116	88	0.0004268742365528917
3116	357	0.0005463530868275917
3116	1006	0.0003092640827286666
3116	3165	0.0018141813546669165
862	3218	0.0005109348438400564
862	3237	0.0004530758028217317
862	3268	0.0008448658861209415
106	3118	0.004477907406853042
106	3121	0.002341339906120002
106	3125	0.002781369569419542
106	3130	0.0017402871003028896
106	3133	0.0017295698814969555
106	3154	0.006251517408688784
106	3157	0.0015748245448161586
106	3159	0.0031053915000579316
106	3161	0.0034552888973319214
106	3172	0.0006347501095107753
106	3174	0.004980137522504024
106	3177	0.0016546563218291018
106	3178	0.002285621857617474
106	3179	0.001936523816041962
106	3189	0.003974187166864188
106	3194	0.006385853056716236
106	3198	0.0022285779009085143
106	3199	0.0014908406295347026
106	3202	0.003475686073175583
106	3215	0.0014881517290865566
106	3216	0.002069274443418201
106	3218	0.005309755565323833
106	3219	0.0015642208659741158
106	3220	0.001702030233901913
106	3224	0.001608151034028276
106	3225	0.0021220574793655075
106	3227	0.0022833770715866976
106	3233	0.0030864693455173514
106	3237	0.007396205663855411
106	3241	0.001782045952250965
106	3242	0.002670978549707391
106	3243	0.003122919282514579
106	3247	0.0018540569691078792
106	3251	0.0009053503851043784
106	3267	0.0029065086829133005
106	3268	0.0015369314485782183
106	3280	0.002454379448981895
106	3286	0.003537934259299789
106	3292	0.004095796145403303
106	3293	0.003443310512458689
106	3295	0.0024253023751698143
106	3297	0.005091906291982568
106	3300	0.001484321638215332
106	3305	0.00378438444828602
416	3120	0.00040638278648964294
416	3157	0.0002432799477454222
416	3179	0.0006291273899474754
416	3194	0.0007993667517964187
416	3227	0.0005508497398427518
416	3242	0.0006421112159537065
562	3154	0.0016649123576841357
562	3161	0.0018247441754352934
562	3247	0.0006586754700075784
562	3290	0.002920269168318528
88	3118	0.0017449739881528212
88	3125	0.000946532024528824
88	3155	0.000754945389252398
88	3173	0.000815131705418187
88	3192	0.0016009368709020801
88	3194	0.0019791380127208882
88	3220	0.0005832136755481781
88	3230	0.0008710463727167027
88	3242	0.0008851467044684926
88	3288	0.0004618000125969884
88	3291	0.0022055708365123486
88	3294	0.00039747932194652386
88	3305	0.0015905523103195342
357	3126	0.0005250084181796393
357	3180	0.0021785816262461224
357	3190	0.0004113810875467416
357	3192	0.001284760857020686
357	3198	0.0006588259763059706
357	3232	0.00048746142969208233
357	3234	0.0008325992569735508
357	3239	0.001155569851160376
357	3267	0.00046683117993222745
1006	3159	0.0004446449169796994
1006	3194	0.0005856951219631283
1006	3227	0.0007655439149620455
1764	3117	6.617235989723543e-05
1764	3291	0.0014419124887993465
3117	619	0.001508084848696584
3117	2616	0.001508084848696584
3117	1821	0.00030531807220331115
3117	131	1.619434757590983e-05
3117	2225	0.001508084848696584
3117	2203	0.0016642673983289268
3117	2115	0.001508084848696584
3117	2688	0.001508084848696584
3117	26	0.001508084848696584
3117	3291	0.007623707714465549
3117	3290	0.0018347328941906856
1821	3290	0.0012027667764932786
131	3291	0.0012032551352596879
131	3290	0.00028863536586098656
2203	3220	0.002936475095225038
3118	3119	0.003722135435752528
3118	999	0.0008496316660010683
3118	787	0.0013112990267047805
3118	872	0.0032269372867676288
3118	269	0.0009038225086212656
3118	1853	0.001508084848696584
3118	683	0.001508084848696584
3118	409	0.0008585995886816065
3118	1797	0.001508084848696584
3118	564	0.0044125972657029075
3118	151	0.0027813185798780306
3118	644	0.001508084848696584
3118	928	0.004604282793591276
3118	3258	0.005472270863205032
3119	1170	0.0008003205740628178
3119	1586	0.00029492044400603615
3119	1359	0.0004490140333670096
3119	546	0.0008296773147882597
3119	2072	0.001508084848696584
3119	783	0.001508084848696584
3119	3005	0.00035981012249408406
3119	739	0.001508084848696584
1170	3125	0.001183834880728739
1170	3271	0.0010007183256716067
1586	3124	0.0006467725268914411
1586	3128	0.0010018849555342058
1586	3134	0.0004036697905972913
1586	3160	0.00021970626075857168
1586	3179	0.0009100147308244497
1586	3232	0.00037144044083522033
1586	3259	0.000583225555650491
999	3161	0.00048743204409208924
999	3202	0.0005542804471204205
999	3227	0.0005033937630876523
999	3297	0.0008291817463064951
1359	3134	0.00031944788427069176
1359	3187	0.00040145677615796907
1359	3206	0.00045280439134593093
1359	3226	0.0003446412474292034
1359	3238	0.0005428505447695256
1359	3259	0.00029507758668931034
1359	3282	0.0003084316206056755
1359	3298	0.0004483309192361378
1359	3299	0.00038882545153780186
1359	3307	0.0006236235931485366
546	3150	0.0009695193183198981
546	3233	0.0010751037577417862
787	3213	0.0002988064158459486
872	3180	0.0020656345539000177
872	3201	0.00020968343657533557
872	3208	0.00022300968983173216
872	3245	0.0007560799646910437
872	3246	0.0005540742330107315
872	3279	0.0009622737409244735
872	3301	0.0008767048874266075
872	3303	0.00229427385711237
269	3194	0.0006730637242473925
269	3199	0.0005233136435182648
409	3171	0.0004028218950886507
409	3243	0.000658166428648038
564	3184	0.004483379917838383
564	3189	0.0016388849626656503
3005	3124	0.0006699374465435492
3005	3128	0.0008513656622225598
3005	3134	0.0003897418559304808
3005	3175	0.0009169142141724818
3005	3232	0.0003658345384785095
151	3208	0.0003371701112584193
151	3213	0.00036667547683134487
151	3245	0.0005195611639954945
151	3303	0.0014297453483065067
928	3176	0.001211941980991322
928	3201	0.00013899643272381366
928	3208	0.00034220569522704325
928	3213	0.0005615367966709632
928	3246	0.0003372134362871769
928	3279	0.0005460482798838509
928	3285	0.0002823905479643615
928	3303	0.0014221960493694399
3120	406	0.0003456498458949248
3120	25	0.000649540078624138
3120	685	0.001508084848696584
3120	2728	0.001508084848696584
3120	2028	0.0005426358271807032
3120	186	0.0008538781405492662
3120	1868	0.0004499257975545964
406	3121	0.0003887241917747391
406	3242	0.0008457189683830023
406	3281	0.0003011038933441314
25	3161	0.0009765451185150214
25	3178	0.0005681706006342408
25	3219	0.00046983788313428155
25	3227	0.0008395000296699438
25	3255	0.000931345874338712
25	3302	0.002140837299260707
25	3305	0.001399126708051995
2028	3202	0.0008264245386712456
2028	3217	0.0010348893706778075
186	3258	0.0010703469283287177
1868	3154	0.0006925523365206192
1868	3161	0.0007818119309345079
3121	1643	0.0008287714282279501
3121	1774	0.0005649217434743281
3121	1775	0.0005649217434743281
3121	2175	0.0005649217434743281
3121	2919	0.0008764881781890011
3121	996	0.0005649217434743281
3121	1613	0.0005199731720801538
3121	1116	0.0005649217434743281
3121	969	0.0008764881781890011
3121	215	0.0011687309770474566
3121	3280	0.0004196727972030608
3121	3281	0.0003315184463937086
1643	3280	0.0006793134204686345
1774	3280	0.0004955835271264646
1774	3281	0.0004475795780957905
1775	3281	0.0004475795780957906
1775	3280	0.0004955835271264646
2175	3280	0.0004955835271264646
2175	3281	0.0004475795780957906
2919	3281	0.0006315966705075795
996	3280	0.0004955835271264646
996	3281	0.00044757957809579067
1613	3128	0.000806321420398193
1613	3280	0.0005180378748921732
1116	3280	0.0004955835271264646
1116	3281	0.00044757957809579067
969	3281	0.0006315966705075795
215	3147	0.001315223272469112
215	3186	0.002905322623260089
215	3217	0.0016665152741759358
215	3264	0.00125680992686232
215	3302	0.00319683402693484
3122	1519	0.0007683331471411211
3122	335	0.0010072730658015412
3122	751	0.0014490921591725902
3122	268	0.0013777111721266064
3122	341	0.001508084848696584
3122	2317	0.0014701861366694538
3122	592	0.0014911891098895473
3122	2312	0.001508084848696584
3122	1206	0.0020306198944172603
3122	278	0.0011297734204334358
3122	1123	0.0010722481383681633
3122	169	0.0012396793657651905
3122	893	0.0005937763167517662
3122	1933	0.0014292880809678474
3122	53	0.0005444548578188514
3122	1224	0.00047845198963929696
3122	62	0.001508084848696584
3122	1254	0.0016294052011350097
3122	274	0.0009762700302957327
3122	1270	0.00040278078041063736
3122	3245	0.0065895613013482665
1519	3155	0.0005475686932854647
1519	3161	0.0007140867929185659
335	3135	0.0008747657004052589
335	3255	0.0014962469516871617
335	3278	0.0005208486986213312
335	3289	0.00044960687669970515
751	3285	0.00019583879952234708
268	3176	0.0009548321104790443
268	3180	0.0028106021831355867
268	3201	0.00010977633625031652
268	3208	6.332750492588696e-05
268	3246	0.00027549499089527934
268	3278	0.0002582885709564887
268	3279	0.0004725197847419702
268	3303	0.00114353527474377
2317	3135	0.0006005953871990873
592	3221	0.0011105121007550579
1206	3176	0.00040032301200382904
1206	3201	5.50153822914231e-05
1206	3208	0.00027278005877913485
1206	3245	0.0002773634977334651
1206	3246	0.0001180899453598084
1206	3275	0.00017210101931625178
1206	3279	0.0002185372335013297
1206	3285	9.807463914855598e-05
1206	3303	0.0003855135104247522
278	3171	0.0007992585689298838
278	3176	0.0013972797208184457
278	3201	0.00018459339506649743
278	3208	0.000276687375901999
278	3245	0.00042290780487336537
278	3246	0.0004304366866974434
278	3278	0.0002498465177256539
278	3289	0.0016432872119738816
278	3292	0.0023426834541620638
278	3303	0.0016539841019794345
1123	3135	0.001012456578901966
1123	3245	0.0005838406042628404
1123	3289	0.0006170819468003652
169	3176	0.0009161612641627291
169	3246	0.000295860808076781
169	3252	0.002321065116297961
169	3278	0.0001993682171446957
169	3303	0.0011680702835990579
893	3245	0.00040311593578548486
893	3252	0.0010323007606412558
1933	3201	5.9296424271853906e-05
1933	3208	0.00026420087229502503
1933	3246	0.0001271765039502795
1933	3278	0.0001905544936649098
1933	3303	0.0004035059486783276
53	3180	0.001067083329366549
53	3245	0.0003366154765798581
1224	3180	0.0008302416781192946
1224	3301	0.00038490083438358873
1254	3246	0.00015759334770932594
1254	3303	0.00048693906413313357
274	3180	0.0020465843102500884
274	3201	0.00019763195013348085
274	3208	0.00012719951820632078
274	3243	0.0019626371538501892
274	3246	0.000503560797454634
274	3275	0.0008388312926339372
274	3285	0.00046580259670389725
274	3301	0.000813617534443943
274	3303	0.0021207285499938344
1270	3180	0.000685048988393799
1270	3289	0.000408106607935861
1270	3292	0.0006020410702550247
3123	3124	0.0025953562471250323
3123	2097	0.0014272964480050916
3123	173	0.001506939018204373
3123	722	0.0004837535993756678
3123	2037	0.0011215171719597898
3123	3103	0.001508084848696584
3123	379	0.001508084848696584
3123	1005	0.0003962953587599414
3123	1484	0.0004837535993756679
3123	3102	0.0014272964480050918
3123	1274	0.0012426720899468182
3123	2909	0.000418244903489332
3123	746	0.0014272964480050918
3123	1978	0.0008409051782079537
3123	3128	0.002962442913517397
3124	1734	0.00040033076013427997
3124	566	0.0008270087855285216
3124	854	0.001508084848696584
3124	818	0.0008753366697806902
3124	2513	0.0020192699890176345
3124	238	0.0016251320579761608
3124	322	0.0015239911603186313
3124	1005	0.0017240083105850978
3124	16	0.000610295096035127
3124	1325	0.0007688652692707119
3124	451	0.0005850329993576549
3124	792	0.0006756525270759295
3124	173	0.0005049422199461357
3124	2285	0.00100373196407238
3124	3159	0.00239789574888095
3124	3271	0.006386217821833437
2097	3270	0.00021709686183031318
1734	3141	0.00036121192013611716
1734	3217	0.0003244234259378249
1734	3232	0.00034847728642363305
1734	3238	0.0004370658518078251
566	3141	0.00043857614406596487
566	3147	0.0005477281748173811
566	3204	0.000801326823132773
566	3240	0.0003908204891804285
566	3244	0.00042795298367512985
173	3130	0.00044174554283499316
173	3161	0.0008849376375422951
173	3179	0.0011606302293145402
173	3217	0.0007866505765823092
173	3227	0.0006669361405715948
173	3239	0.0009014479541812175
173	3277	0.0005134333606850955
173	3298	0.0005507433294234571
722	3271	0.001102423164496188
722	3297	0.0018693969251923188
2037	3189	0.0009575329262878974
2037	3221	0.0012789880499241896
818	3296	0.0007390556500594771
2513	3270	0.0006868477721032061
238	3150	0.0012034493157919782
238	3153	0.0008164917523646487
322	3130	0.0005902196561423818
322	3133	0.0005114278054999891
322	3140	0.0003181620041773189
322	3141	0.0006804227001608514
322	3161	0.0012639905430221826
322	3180	0.0037810537093535294
322	3194	0.0019332510638375953
322	3199	0.0005947621307091372
322	3216	0.000539587930982085
322	3217	0.0016034878232894859
322	3227	0.0007921136389875751
322	3238	0.0007281399613584949
322	3242	0.00119526321557402
322	3251	0.00037465833250501657
322	3295	0.0012045252166320742
322	3305	0.0012948466274279478
1005	3270	0.0007221225529146242
16	3210	0.00028520130750693263
16	3239	0.0004808502713801656
16	3267	0.0006613392130969089
16	3308	0.0003184257674524425
1325	3129	0.000576984057746333
1325	3205	0.00043115012290345054
1325	3264	0.0005570039446650536
451	3141	0.0005368373954968325
451	3190	0.0004696830844061447
1484	3271	0.0011024231644961883
1484	3297	0.0018693969251923188
3102	3270	0.00021709686183031313
792	3264	0.000834913872628227
792	3305	0.0012266823907578204
1274	3276	0.001956733911825708
2909	3128	0.0010898399452072517
746	3270	0.00021709686183031313
1978	3154	0.0011016232821486282
1978	3153	0.0006790052287940433
1978	3271	0.0008181932038602591
2285	3271	0.0005043528846242024
3125	688	0.001508084848696584
3125	308	0.0012547522824909144
3125	264	0.001508084848696584
3125	467	0.001508084848696584
3125	353	0.001033103311080755
3125	334	0.001508084848696584
3125	24	0.0007635688201228273
3125	191	0.0009333313687065793
3125	2947	0.001508084848696584
3125	214	0.001508084848696584
3125	318	0.0011989986905557677
3125	3199	0.0007529840310574367
308	3153	0.0007575749277285976
353	3187	0.0005940780562623611
353	3258	0.0009722389972160758
24	3177	0.0008116498603744311
191	3154	0.0010183141880598465
191	3172	0.00026171491719883204
191	3192	0.001264220638114071
191	3302	0.001682556255681894
318	3223	0.0005416278173740075
3126	1237	0.0004651458782020566
3126	889	0.0004250507157046065
3126	426	0.00023016705116370376
3126	759	0.00032172292625322953
3126	123	0.0005147019664788259
3126	2640	0.0008266955724473424
3126	134	0.00031042519249905735
1237	3206	0.0006798463944788751
1237	3244	0.00045311207716407307
889	3147	0.0006257554972311742
889	3210	0.00026477397365044206
889	3244	0.0003256180656626203
426	3131	0.0002179537166989087
426	3165	0.0002885508474336013
426	3175	0.0006008520724738069
426	3206	0.00030575511047486635
426	3207	0.0002736430724609361
426	3239	0.0005264679032746711
426	3304	0.00021318168714298965
759	3147	0.0006127120937717678
759	3193	0.0001615389410294933
759	3206	0.0005198645748854703
759	3282	0.0002866337181734014
123	3194	0.001076324033143335
123	3240	0.0004412985882424983
123	3248	0.00047543335317857855
123	3299	0.0004561300838724117
2640	3257	0.0007125627820985908
134	3131	0.0002954414829815417
134	3148	0.00032044764137975976
134	3239	0.0005950067888076526
134	3249	0.00038930251257510964
134	3259	0.0001852978890716738
134	3264	0.0004429574464698707
3127	519	0.002437570213934978
3127	403	0.0020875587872682456
3127	848	0.001508084848696584
3127	2431	0.001508084848696584
519	3136	0.0009388506964009577
519	3151	0.00046884055517709916
519	3175	0.00182725655890737
519	3207	0.0007165881384420234
519	3304	0.0004558122817913154
403	3131	0.0006404938654402203
403	3151	0.0004913173384914525
403	3206	0.0010748790345341485
403	3239	0.0013268937973167126
403	3259	0.00045415720497010324
2205	3128	0.0015080848486965842
3128	1760	0.0009432064482574509
3128	1820	0.0008585234112888113
3128	2967	0.0015080848486965842
3128	407	0.0015080848486965842
3128	2660	0.0015080848486965842
3128	1615	0.0009824684783275245
3128	1475	0.0015080848486965842
3128	1529	0.0006805177623159589
3128	475	0.0018959176397867121
3128	1624	0.001335785980666518
3128	1932	0.001335785980666518
3128	1625	0.0015080848486965842
3128	1302	0.0009204121563406714
3128	3290	0.0096243366444297
1760	3194	0.001036488778120118
1820	3204	0.0008584564476407972
1820	3280	0.001246722419478626
1820	3290	0.0011599745782366598
1615	3194	0.0008576894315991613
1615	3225	0.0005164304613636008
1529	3148	0.0004804249080282688
1529	3196	0.00039023300030222084
1529	3206	0.0006467895802801925
1529	3239	0.0007349160747032915
475	3150	0.0015237926487841728
1624	3290	0.00017229886803006998
1932	3290	0.00017229886803006998
1302	3154	0.0008738458573803089
374	3129	0.0004871012602508029
374	3248	0.000514463426972666
374	3297	0.0009558897702940881
3129	2549	0.001508084848696584
3129	613	0.0018826445604898348
3129	1148	0.0003869962871497817
3129	362	0.0006246853181812806
3129	1248	0.0005611368957395584
3129	67	0.0007172207716291695
3129	2777	0.0015464132799960404
3129	232	0.0004138368311855732
3129	1031	0.0006890986691199979
3129	2387	0.001508084848696584
3129	2054	0.0009705118886641585
3129	299	0.0008650377934947633
3129	2292	0.0007085974920612386
3129	1749	0.0006762106873031905
3129	886	0.0006323898440778611
3129	1582	0.0006923548720972878
3129	3198	0.0020770369911918634
613	3276	0.0016837900327533936
1148	3141	0.00031042149377507114
1148	3164	0.00031811308885160936
1148	3226	0.00028849101130451195
1148	3232	0.000371557218498776
1148	3308	0.00028637396067543523
362	3190	0.0005466000502610056
362	3200	0.0004012300907686665
1248	3181	0.0003464863790623413
1248	3200	0.00038746617667658086
1248	3231	0.0004062591102341939
67	3249	0.0006173927983332369
67	3269	0.00041623379235611796
2777	3185	0.0010073176639689787
232	3164	0.00045652532497079186
232	3217	0.0005293245401818338
232	3226	0.00034967058753051074
232	3277	0.0004120104425427036
1031	3141	0.0005373912230016385
1031	3143	0.0015190935483650426
1031	3217	0.0010050023266799447
1031	3240	0.00047942463692692916
1031	3244	0.0005480062060480848
1031	3264	0.0009093489091335161
2054	3198	0.0005375729600324203
299	3164	0.0007597123755056924
299	3197	0.001706143319005644
299	3210	0.000644186741789082
299	3226	0.0005654948506229696
299	3264	0.0007033967972475717
299	3269	0.0005868918647455183
2292	3264	0.0005591461161291246
2292	3282	0.0004133054172320433
1749	3148	0.0007929255694671491
1749	3157	0.0004514242290029972
1749	3194	0.0011907168601242646
1749	3200	0.0005852989073661293
1749	3238	0.00048505582449614803
1749	3297	0.0010345221784482928
886	3229	0.0003525463674517504
886	3235	0.0003663170992473326
886	3264	0.0005434187060640748
1582	3235	0.00041148118599463994
1582	3307	0.0006011764068823297
3130	1930	0.0005612860812636167
3130	1723	0.0006787809142113518
3130	762	0.001105135004731105
3130	1121	0.001508084848696584
3130	32	0.00044140508393532393
3130	50	0.0010012965875802564
3130	307	0.001508084848696584
3130	3251	0.00030649727042956847
1930	3180	0.0008462065058159297
1930	3251	0.0004690484830948636
1723	3220	0.0008717938039599681
762	3153	0.0005398892172511945
762	3271	0.0006225848686760849
32	3192	0.0015442961277731407
32	3199	0.0005181697252626854
32	3251	0.0004769546405695215
32	3276	0.0019708354156570034
50	3276	0.0008610274365659361
3131	81	0.00033766837531660815
3131	211	0.0006222496145695626
3131	61	0.0003564147858836386
3131	325	0.00035856916619027626
3131	617	0.00022433119872553
3131	327	0.0003111877735132547
3131	2984	0.0009076132326690776
3131	691	0.00021835189997536624
3131	2972	0.00151606541976038
3131	788	0.0006631204484647153
3131	43	0.0002068696441364463
3131	23	0.0003739348982101701
3131	1188	0.001508084848696584
3131	201	0.0006350895653593229
3131	1844	0.0002569091463995573
81	3165	0.00041709232748898334
81	3175	0.0008180186962247981
211	3148	0.0008992567280936208
61	3148	0.00035051169444213825
61	3152	0.0004913122748633867
61	3165	0.0005188924432842904
61	3206	0.0004973726403709406
61	3239	0.0006862179379517288
61	3249	0.0005136953109399684
61	3259	0.00038829002051381386
61	3269	0.0005122147158638133
61	3295	0.0015340442075203549
61	3296	0.0003367480643787241
61	3304	0.0003942458431550307
325	3134	0.00038843922509176426
325	3175	0.0008807012558241612
617	3148	0.0002813244396623148
617	3165	0.0003022959121965932
617	3175	0.0006332029086837915
617	3239	0.0005113934326346407
327	3148	0.00044164896192341657
327	3175	0.0008181396855271904
2984	3264	0.000838381087222654
2984	3302	0.001172794556967161
691	3151	0.00023284716918552358
691	3165	0.0003065789401943272
691	3175	0.0005672842316426932
691	3206	0.00036108486485497335
691	3207	0.000288194087062782
691	3249	0.00033788658242444214
2972	3168	0.0007527256911174959
788	3243	0.001034743135959568
43	3148	0.00023395594039067895
43	3165	0.00028627128923808183
43	3175	0.0005428403356428841
43	3206	0.00030798890271761407
43	3207	0.00028137827579860107
43	3239	0.0005605062228939032
43	3249	0.0003625467175279734
23	3134	0.0005069847498517645
23	3148	0.0004043313552601288
23	3175	0.0007803321852054647
23	3186	0.0012335970705396502
23	3207	0.000464825609207095
23	3259	0.0003663583509423317
23	3264	0.0006242102168852733
201	3152	0.0005972220935175554
201	3197	0.0013172785867996096
201	3226	0.000691744440004265
201	3249	0.0006134834254016357
201	3259	0.00042716506025552325
201	3264	0.0006646233506948578
1844	3152	0.000247750948303399
1844	3175	0.0007148755825772138
1844	3207	0.0003312880465565516
1844	3249	0.00032650767177657883
1844	3304	0.00021206401239304455
3132	796	0.001508084848696584
796	3169	0.0004647971746110718
796	3211	0.00021825287649217026
796	3263	0.00205264631878038
796	3266	0.0022876860036758163
796	3274	0.0007955563923847308
3133	3134	0.0012248168386278689
3133	810	0.001508084848696584
3133	86	0.001508084848696584
3133	237	0.0007546265747586255
3133	101	0.0007542608645361468
3133	2279	0.000509187381769455
3133	1644	0.00044110490712644465
3133	3216	0.0008253920197853795
3133	3217	0.00197111564632454
3134	185	0.000493731584693621
3134	1567	0.00044992421483871093
3134	3051	0.0005042203452985558
3134	490	0.001508084848696584
3134	1399	0.001508084848696584
3134	3258	0.0014906349565135901
185	3298	0.0005994856056370114
185	3308	0.0005106664117689775
237	3153	0.0009198977579084999
237	3233	0.0009081974245202472
237	3276	0.0012723159396505657
101	3172	0.00021843388347131463
101	3174	0.001220753106438968
101	3192	0.0017348381120141682
101	3233	0.0012070850361628569
101	3243	0.0006582868930962672
101	3255	0.001192323079512065
101	3281	0.0007426089329288603
101	3295	0.0006968986174964811
101	3301	0.0014180638388281777
101	3302	0.00210148629719604
2279	3153	0.0010322432433814716
2279	3216	0.0006908938134458961
2279	3217	0.0006854422784864191
2279	3238	0.0003603220508318815
2279	3276	0.0017320451285910568
2279	3297	0.0007534170710289669
1644	3153	0.0004520081370753704
1644	3217	0.000270023369857568
1644	3216	0.0003567195229714714
1644	3297	0.0009022105136623848
1567	3136	0.0005806943668561606
1567	3174	0.0009789100722248669
3051	3164	0.0006027160764513709
3051	3296	0.0004439255724338323
3135	2288	0.001508084848696584
3135	977	0.001508084848696584
3135	2022	0.001508084848696584
3135	1195	0.001508084848696584
3135	1256	0.0006901404703896395
3135	845	0.001508084848696584
3135	2333	0.001508084848696584
3135	662	0.001508084848696584
3135	2576	0.0005774432732355596
3135	438	0.001508084848696584
3135	177	0.001508084848696584
3135	2550	0.001508084848696584
3135	2400	0.001508084848696584
3135	3069	0.0007881567489570546
3135	2735	0.001508084848696584
3135	3070	0.001508084848696584
3135	1358	0.00352358847210417
3135	1137	0.001508084848696584
3135	1871	0.001508084848696584
3135	462	0.0015064343815508457
3135	102	0.001508084848696584
3135	1310	0.001508084848696584
3135	2305	0.0011485809708126212
3135	2990	0.0017000621862333378
3135	1689	0.0010905105738885324
3135	1096	0.00467925675377335
3135	2537	0.0005774432732355596
3135	1100	0.0010259056776617311
3135	2685	0.001508084848696584
3135	3171	0.0054371990710349385
3135	3278	0.0030683765493780112
3135	3302	0.011249838213485935
1256	3293	0.0013175915347394677
2576	3286	0.001289988167209817
3069	3252	0.0016573786630513755
1358	3297	0.004419916089308126
462	3286	0.00035735663745860286
462	3287	0.000775369423192254
462	3292	0.0011136111558912836
462	3293	0.000416476255088851
2305	3295	0.001800132748889603
2990	3176	0.0007653854881369091
2990	3208	0.001215711839091085
1689	3268	0.0019021127960101678
1096	3185	0.004738905457970941
1096	3223	0.0022041382963528767
2537	3286	0.0012899881672098162
1100	3252	0.001168749553609201
1100	3255	0.0008875909829226913
3136	3137	0.0016583077882807338
3136	231	0.0005408351148846092
3136	366	0.0005477459295142639
3136	645	0.001508084848696584
3136	1345	0.0006718319609174693
3136	1383	0.0008839425732150325
3136	1424	0.0006758956283016572
3136	90	0.001508084848696584
3136	384	0.0006191115599147435
3136	2742	0.001508084848696584
3136	3177	0.0026633645943423285
3137	1696	0.0009745201899649927
3137	1037	0.0015080848486965837
3137	3232	0.0022673801084137075
231	3206	0.0005751872768822387
231	3239	0.0006255932257898073
366	3164	0.0003805777372642656
366	3190	0.0002715067387728854
366	3193	0.00034665814930268926
366	3200	0.00034977059313245906
366	3205	0.00028939345090806066
366	3207	0.0005024590567204031
366	3226	0.00041898381420070685
366	3231	0.00027427442313712134
366	3235	0.00037918170417899504
366	3238	0.0005683644772084083
366	3277	0.00045409855616284473
366	3307	0.000589325566250497
1696	3262	0.0017289581641958675
1696	3265	0.00227454335020027
1345	3242	0.0010349661414451193
1383	3264	0.0006978317420122214
1424	3249	0.0005140269805467357
1424	3264	0.0005310128734849702
384	3148	0.0006026982525967821
384	3152	0.000601096997007378
384	3175	0.0007650061964387542
384	3178	0.0007764396670722716
384	3232	0.00044147466019199186
384	3249	0.0007199013354002058
384	3301	0.0022382964001836747
384	3304	0.000764551759834841
3138	3139	1.1645442847077868e-06
3140	3141	0.0006405954102464593
3141	1343	0.0006679240811954325
3141	109	0.0006256383822398352
3141	737	0.00037422890900050507
3141	189	0.0012767162097253213
3141	1783	0.0006813827712897406
1343	3217	0.0004734922016431302
1343	3298	0.0004409620791374349
109	3147	0.0005808305386236935
109	3240	0.0001855208352684697
109	3244	0.0003032706268926976
737	3147	0.00035505934447480737
737	3146	0.00042782629646312317
737	3217	0.00041471306778486505
737	3244	0.00031439156962054227
737	3298	0.0002969408544940772
189	3164	0.002079061771984504
189	3166	0.005052001018114896
189	3175	0.0032415650491014318
189	3181	0.0017407734587091177
189	3185	0.010811216341593075
189	3186	0.006141493519441196
189	3190	0.0007784742498942474
189	3191	0.0038668166561447257
189	3200	0.0018177500509695336
189	3199	0.0015440297984744167
189	3203	0.0012991926477773567
189	3205	0.0012502017626895951
189	3206	0.002723804404427268
189	3210	0.0018134095558849188
189	3212	0.0046036527047251825
189	3214	0.0035514554779008866
189	3215	0.0012627654972407654
189	3220	0.0025311376339485258
189	3227	0.002515280233166756
189	3231	0.0011525265847373296
189	3234	0.00206582204565352
189	3244	0.002656717093887649
189	3248	0.002664439994064466
189	3256	0.0025034198689315086
189	3277	0.0024046718704593263
189	3282	0.0011821539446274577
189	3296	0.0010864382605769384
189	3298	0.0020013194373057664
189	3299	0.0022155879358478152
189	3305	0.005160582522189416
189	3307	0.00381700404147568
189	3308	0.00208649771415694
1783	3297	0.0009335666706440388
3142	1045	0.0004191169887379216
3142	2740	0.001508084848696584
3142	734	0.001508084848696584
1045	3228	0.0015917279965600324
1045	3236	0.000552436505378975
3143	331	0.0008949947496895964
3143	2995	0.001508084848696584
3143	2891	0.001508084848696584
3143	95	0.0010401430744432086
3143	1352	0.0008150759381274145
3143	1130	0.001508084848696584
3143	1564	0.0011193354504804875
3143	3041	0.0009471128036929736
3143	1743	0.000819108309612919
3143	1124	0.0011568753984762211
3143	2636	0.001508084848696584
3143	1378	0.0028408687671353937
331	3150	0.0011533502696974734
95	3147	0.0006338577749352504
95	3206	0.0009871410789684832
95	3229	0.000443476146629834
95	3240	0.0003258143723408586
1352	3307	0.0012609547951751947
1564	3150	0.001661694388414487
1564	3276	0.0013115103602917768
1564	3305	0.0016939857947523887
3041	3276	0.0014723252247172511
1743	3226	0.000662170112652121
1743	3264	0.00083834227015065
1124	3153	0.001541649292317958
1124	3186	0.0012884218815672262
1378	3262	0.0013899231512263593
3144	3145	1.1645442847077867e-05
3144	2693	6.987265708246721e-06
3144	2946	6.987265708246721e-06
3144	2722	6.987265708246721e-06
3144	516	6.987265708246721e-06
3145	1521	6.987265708246721e-06
3146	3147	0.0017940591822358737
3146	1744	0.001508084848696584
3146	657	0.00029036813576222334
3147	2932	0.000657196198038703
3147	3084	0.0004015090242759651
3147	391	0.0009017193933742093
3147	1630	0.0015080848486965842
3147	708	0.0004998913717650376
3147	1889	0.0006801758548574368
3147	601	0.0004673297436099825
3147	75	0.0008891100857956178
3147	3276	0.004916360372625074
2932	3161	0.0007845009182169984
2932	3202	0.0008981153415279871
2932	3227	0.00045180503678730373
2932	3248	0.0007213898497182319
2932	3298	0.0004003375025103498
2932	3297	0.0007859597191589002
3084	3210	0.0002635935966254421
3084	3217	0.0005899412254261149
3084	3239	0.0004666482221810837
3084	3240	0.0002590063793107293
3084	3244	0.0002972229395819414
3084	3248	0.00043274355090486727
391	3217	0.0006523422206431912
708	3229	0.0003005999159631785
708	3231	0.0003561683732334458
708	3244	0.0003120970746548392
708	3248	0.00047700906020594155
1889	3206	0.0006686005311800566
1889	3210	0.0002828764800533443
601	3164	0.0004361344055705366
601	3200	0.00036910466999560406
601	3239	0.00043306254780665427
601	3240	0.0002479026493902636
601	3244	0.0002706996408567372
601	3248	0.00039338265977252325
75	3189	0.001110985083920625
75	3192	0.001423675793777902
75	3194	0.0016094239344990732
75	3217	0.0011894037810796872
75	3233	0.0006518516368387455
75	3243	0.0013082514459446678
75	3295	0.0006977560387896373
75	3298	0.0007737800541311969
657	3159	0.0006116540217873282
657	3174	0.0009847996881754788
657	3218	0.0006656079778733861
657	3305	0.0009117549153291854
3148	48	0.00038776731584006115
3148	33	0.0004359749280068845
3148	1110	0.001508084848696584
3148	1707	0.001508084848696584
48	3193	0.00033810185211577133
48	3200	0.0003937951419793844
48	3217	0.0008989822835449661
48	3226	0.00042484977787762216
48	3231	0.0003144207824020547
48	3244	0.000420136948495911
48	3249	0.0008748527259707186
48	3259	0.0004370574915257993
48	3277	0.0004812458005304444
48	3282	0.0003452071914658034
48	3298	0.0004393864390862703
48	3308	0.00032392766813400955
33	3193	0.00015732208435291465
33	3206	0.0005319023557872989
33	3207	0.0003550676730953251
33	3264	0.0004915591955037987
3149	2716	0.001508084848696584
3149	859	0.0010835837664018061
3149	1593	0.0004645967192889333
859	3278	0.0005018397893779513
1593	3180	0.0011379188613159978
3150	78	0.001508084848696584
3150	320	0.001508084848696584
3150	2962	0.001508084848696584
3150	1594	0.0014731193600162583
3150	1423	0.004526313075575767
3150	1516	0.0011219633321347725
3150	2428	0.001508084848696584
3150	1476	0.001508084848696584
3150	3019	0.0009918763774009332
3150	1948	0.0009877232560708
3150	821	0.001508084848696584
3150	1781	0.001508084848696584
3150	677	0.0011219633321347727
3150	2490	0.0011219633321347727
3150	2253	0.001508084848696584
3150	1985	0.0012147682334100033
3150	841	0.0008714460504112708
3150	1276	0.00076891807389998
3150	602	0.0011548572281599825
3150	921	0.001508084848696584
3150	2809	0.001508084848696584
3150	1489	0.001508084848696584
3150	340	0.001121963332134773
3150	2964	0.0016784891508070613
3150	1490	0.001508084848696584
3150	951	0.0012147682334100033
3150	1381	0.001508084848696584
3150	521	0.001508084848696584
3150	797	0.001508084848696584
3150	3024	0.001508084848696584
3150	2987	0.001508084848696584
3150	1694	0.0009771609146296707
3150	1261	0.0013202353703394916
3150	107	0.001508084848696584
3150	812	0.0043134444154454415
3150	3194	0.008831694891216152
3150	3239	0.007387759847493179
3150	3248	0.005682885142157001
1594	3161	0.0017843424265347157
1423	3153	0.00214967148563803
1423	3180	0.009028461851601464
1423	3271	0.003783001748987537
1516	3276	0.0014550975231553218
3019	3153	0.001041706232950266
1948	3228	0.0014491858082932903
677	3276	0.0014550975231553223
2490	3276	0.0014550975231553223
1985	3153	0.0008332625590769352
1985	3271	0.0009626080603203306
841	3195	0.0010043796681355513
1276	3224	0.0012099830723890576
602	3271	0.0011578362729078087
340	3276	0.0014550975231553223
2964	3159	0.0015995333685472014
2964	3186	0.0014875076597137059
951	3153	0.0008332625590769351
951	3271	0.0009626080603203306
1694	3235	0.0012634358493089693
1261	3259	0.0010234679753199048
812	3185	0.00426913993801689
3151	3152	0.00039884309978485005
3151	1918	0.001508084848696584
3151	98	0.0004892625413525137
3151	849	0.001508084848696584
3151	1377	0.001508084848696584
3152	1684	0.0009953231581811036
3152	82	0.0015080848486965837
3152	1642	0.0015080848486965837
3152	961	0.0015080848486965837
3152	1207	0.000279607557218727
3152	3072	0.0015080848486965837
1684	3188	0.0009161123397138573
1684	3249	0.001377232761533749
98	3206	0.0010468572381621057
1207	3165	0.000388611568229217
1207	3175	0.0007077632436030101
1207	3249	0.00032622164917170854
1207	3304	0.00021485884457158705
3153	3154	0.0034298046847258236
3153	65	0.0008810290114461399
3153	1228	0.0014446444826639875
3153	819	0.00101258735739022
3153	1404	0.0015080848486965837
3153	85	0.0009660755515056788
3153	824	0.0008810290114461399
3153	468	0.0013819688907045328
3153	539	0.0005916033895877304
3153	1183	0.0015080848486965837
3153	1621	0.0010178914422731137
3153	1579	0.0005916033895877304
3153	30	0.00099412682943272
3153	64	0.0015080848486965837
3153	190	0.0015080848486965837
3153	820	0.0015080848486965837
3153	1296	0.0015080848486965837
3153	990	0.0005782013919122583
3153	782	0.0015080848486965837
3153	1549	0.0015080848486965837
3153	3216	0.004391971605357818
3153	3217	0.001988324592618585
3153	3308	0.0035233474564761048
3154	989	0.001508084848696584
3154	1825	0.001508084848696584
3154	2466	0.001508084848696584
3154	565	0.001358622337238194
3154	539	0.0009164814591088618
3154	990	0.000890843434067636
3154	1692	0.001508084848696584
3154	312	0.001508084848696584
3154	561	0.001508084848696584
3154	582	0.0007567373038689064
3154	1620	0.0006397348932347432
3154	1621	0.000980026043913465
3154	1579	0.0009164814591088618
65	3271	0.0007995034273353088
1228	3217	0.0011107114615437807
1228	3236	0.003255598657846769
1228	3238	0.0011036534000899332
1228	3252	0.002051882113060646
1228	3297	0.0016881545806613871
819	3165	0.0014885091852507696
85	3161	0.0013469429968190456
824	3271	0.0007995034273353088
468	3192	0.001779822936068372
468	3223	0.0008828480411103381
565	3276	0.0013144733852812434
1621	3242	0.001829413442681391
1621	3276	0.002288556116453333
990	3187	0.0007920127437869956
990	3271	0.0008510686006878991
30	3207	0.0011522692659275179
582	3155	0.00040238124209179024
582	3161	0.0005803394725617455
582	3267	0.0007173373944942155
1620	3242	0.0010195393503978373
3155	1354	0.001508084848696584
3155	3200	0.001212090333092641
3156	1386	0.001508084848696584
3156	2182	0.001508084848696584
3156	1178	0.0005928257775424875
3156	3090	0.001508084848696584
3156	3046	0.001508084848696584
3156	1333	0.004225217565255892
3156	2455	0.001508084848696584
3156	184	0.001508084848696584
1178	3203	0.0012643756099257406
1333	3182	0.006422744298071874
1333	3185	0.0050738295318054315
1333	3214	0.00844813336661306
1333	3266	0.007948091130326781
140	3157	0.001508084848696584
3157	1979	0.00034160890112759016
1979	3232	0.0006601585722133739
1979	3233	0.0006704532371821084
3158	3159	0.0027278862364698672
3158	529	0.001508084848696584
3158	84	0.001508084848696584
3158	676	0.0006447811728552965
3158	6	0.0013632200162117844
3158	1120	0.0004692523771199769
3158	2235	0.001508084848696584
3159	132	0.0005375307861351618
3159	1501	0.0012788747063115266
3159	3053	0.001508084848696584
3159	2963	0.001508084848696584
3159	1636	0.0007963489165247037
3159	2601	0.001508084848696584
3159	676	0.0012422698196202088
132	3177	0.000355297651000698
132	3198	0.0002708331710052106
132	3268	0.00037547950488569425
132	3297	0.0009330206583103804
132	3300	0.00027110553761561696
1501	3196	0.0004112163074848371
1636	3295	0.0008067552574521614
676	3290	0.000900476770592245
676	3291	0.0005864662030281839
6	3184	0.0030894477704415516
6	3280	0.0014451381287263632
6	3288	0.001475440168844707
1120	3280	0.001076447060695617
3160	3161	0.001151271382077325
3161	2369	0.001508084848696584
3161	2582	0.001508084848696584
3161	2031	0.0005141217109599975
3161	348	0.0017488607145393967
3161	3221	0.00717464033299456
2031	3238	0.0003693001769583371
2031	3277	0.0004450008944143421
2031	3297	0.0006623679869282726
348	3276	0.0017043247141243284
3162	3163	0.011999464309629036
3162	2818	0.001508084848696584
3162	1962	0.001508084848696584
3162	2485	0.001508084848696584
3162	2814	0.001508084848696584
3162	956	0.001508084848696584
3162	501	0.001508084848696584
3162	2560	0.001508084848696584
3163	581	0.001508084848696584
3163	2426	0.001508084848696584
3163	1627	0.001508084848696584
3163	2319	0.001508084848696584
3163	2623	0.001508084848696584
3163	12	0.001508084848696584
3163	1645	0.001508084848696584
3163	2163	0.001508084848696584
3163	846	0.001508084848696584
3163	919	0.001508084848696584
3164	791	0.00048240502693030476
3164	19	0.0011638694620990722
3164	342	0.001508084848696584
3164	2812	0.001508084848696584
3164	28	0.0008498817770825697
3164	2029	0.0005555168023800448
3164	3258	0.0027394914835233253
791	3200	0.00041052004602334886
791	3240	0.0002453372570278079
791	3248	0.00047993330457024705
791	3299	0.0004044755220026314
19	3221	0.0008042608877238647
19	3234	0.00039818585865279395
28	3296	0.0006654761416637621
2029	3229	0.0003120505296012066
2029	3244	0.0004055833848188437
2029	3299	0.00046499504219838715
3165	3166	0.00241178883047333
3165	717	0.000884763455090011
3165	1562	0.001508084848696584
3165	1425	0.0009298977269846195
3165	503	0.001508084848696584
3165	460	0.0005385788451298272
3165	481	0.0007059263535153256
3165	2678	0.0007011075979660385
3165	45	0.0005385788451298272
3165	502	0.0007011075979660385
3166	111	0.0010383782931188458
3166	716	0.0005166021013488668
3166	394	0.0010383782931188456
3166	402	0.001508084848696584
3166	1803	0.0010383782931188456
3166	650	0.001508084848696584
3166	260	0.001508084848696584
3166	1859	0.001508084848696584
3166	1011	0.001508084848696584
3166	1212	0.001508084848696584
3166	1103	0.0010383782931188451
3166	441	0.001508084848696584
3166	217	0.0010383782931188451
3166	3175	0.003612958365473587
111	3186	0.0005730489090578117
716	3190	0.0005061028527088448
716	3216	0.0009678377093778802
717	3249	0.0006648787549211556
394	3186	0.0005730489090578117
1425	3181	0.0006573241713980991
460	3175	0.0009889905302707112
1803	3186	0.0005730489090578117
481	3175	0.0010459221630924368
481	3183	0.0007335777129714975
481	3230	0.0003882681809730222
1103	3186	0.0005730489090578117
2678	3206	0.0008331249891641251
45	3175	0.0009889905302707112
502	3206	0.0008331249891641251
217	3186	0.0005730489090578117
3167	3168	0.003013840608823752
3167	15	0.001508084848696584
3168	535	0.0005916733259777843
3168	223	0.000887689681881745
3168	1740	0.001508084848696584
535	3218	0.0004813909600272808
535	3305	0.001785849829611869
223	3253	0.0009337223570826786
3169	513	0.0006671239638115059
3169	1379	0.0006671239638115059
3169	4	0.0003062897229868301
513	3211	0.000268990128110511
513	3254	0.001163818061007277
513	3263	0.001157092654804009
513	3266	0.0015564618216593322
513	3274	0.0011108639701261833
513	3283	0.00038208298148586313
1379	3211	0.000268990128110511
1379	3254	0.001163818061007277
1379	3263	0.001157092654804009
1379	3266	0.0015564618216593327
1379	3274	0.0011108639701261833
1379	3283	0.00038208298148586313
4	3283	0.0012185303664741956
3170	3171	0.0034346795674570193
3170	728	0.0005318371471957818
3170	979	0.0001019612609595028
3170	1180	0.001508084848696584
3171	1259	0.0005650507828062328
3171	1677	0.0015080848486965837
3171	244	0.0004433847532615778
3171	2050	0.0015080848486965837
3171	713	0.0008915322128564769
3171	272	0.0009170487704326951
728	3279	0.0011450838620133315
1259	3174	0.002417315319077074
1259	3278	0.0012783055280385137
244	3243	0.0012220379884797432
979	3213	0.0014386014338994878
713	3213	0.000664088593744939
272	3176	0.0012847497447963045
272	3201	0.00017441584186431204
272	3208	0.0002364264413719385
272	3246	0.00040433574454292007
272	3252	0.0026668344467930157
272	3279	0.0006721769993053692
272	3278	0.00021405240133238882
272	3292	0.002329547483895081
272	3303	0.0015575581353146606
3173	3174	0.0016021603488851285
3173	2192	0.0006304497453964631
3173	550	0.001508084848696584
3173	2621	0.0006428409721363827
3174	1847	0.0009401294565135302
3174	0	0.0008918874036304949
3174	1348	0.001508084848696584
3174	3026	0.001508084848696584
3174	1042	0.0019855124850952552
3174	594	0.001508084848696584
3174	2214	0.001508084848696584
3174	1806	0.001508084848696584
3174	495	0.0024093827983765197
3174	249	0.0008294939379994375
3174	2002	0.001508084848696584
3174	1977	0.0008897410014734736
3174	2095	0.0007306137609208348
3174	678	0.0010158188652119981
3174	2979	0.001010583705705171
3174	508	0.0013325832161319195
3174	3223	0.0034435805518177346
3174	3271	0.010087693831355016
1847	3252	0.0006315398584182317
1847	3301	0.0005438181222800627
0	3243	0.000694649447583907
0	3302	0.0006293913716785924
1042	3210	0.0007312581091013053
1042	3276	0.0018675352265511884
2192	3180	0.001289903218572354
495	3245	0.0017220102138579322
495	3302	0.000748666094911
249	3243	0.0004677164640433977
249	3286	0.0003231917152701235
249	3292	0.0005965898865908761
1977	3287	0.0006948497154929498
2095	3305	0.0009329501744764877
2621	3258	0.0010730136786493447
678	3180	0.0009816446691856588
678	3302	0.0007304088329374892
2979	3243	0.0006642002174631575
2979	3289	0.0006108350720758401
508	3194	0.000970390069563062
508	3200	0.0007580632595642531
508	3291	0.000920604513178694
3175	128	0.0009467075534620286
3175	1798	0.001508084848696584
3175	805	0.0009727410965843574
3175	590	0.001508084848696584
3175	180	0.001508084848696584
3175	1418	0.001508084848696584
3175	777	0.001508084848696584
3175	1163	0.001508084848696584
3175	3179	0.005092184894387565
128	3229	0.0003548666961902554
128	3235	0.000351086896248099
128	3269	0.0003300130186383141
805	3200	0.00039849944831007355
805	3229	0.00040755296210964536
858	3176	0.0006738002699178699
858	3180	0.003215503027023578
858	3201	8.334662537313274e-05
858	3208	0.00013125641521293346
858	3246	0.00019717461742546359
858	3279	0.0003366135162231523
858	3285	0.00018752344012240674
858	3303	0.0008676129674404642
3176	1091	0.001508084848696584
3176	587	0.00012169948586010187
3176	277	0.0002636182958694128
3176	377	0.0002464704709533675
3176	42	0.00012169948586010187
3176	576	0.0004940828322434449
3176	509	0.001320606365597699
3176	542	0.0004940828322434449
3176	857	9.372136583141465e-05
3176	279	0.0001088329635988268
3176	510	0.0005750641601803514
3176	2067	0.001508084848696584
3176	1704	0.00012169948586010183
3176	985	0.00011524275454191302
3176	704	0.00010577995604135331
3176	1196	0.001508084848696584
3176	1488	0.001508084848696584
3176	1126	0.0007217207030241692
3176	1176	0.0002569795654962169
3176	1220	0.000494082832243445
3176	3021	0.0016801672444701496
3176	929	0.000494082832243445
3176	909	0.000494082832243445
3176	532	0.001508084848696584
3176	706	0.0005465182023282859
3176	784	0.001508084848696584
3176	1370	0.001508084848696584
3176	1670	9.158135815691298e-05
3176	332	0.001508084848696584
3176	38	0.001548972164735633
3176	3246	0.00023380123409334194
3176	3279	0.0002037915302300505
587	3208	0.0011460109988812427
587	3303	0.000264220559414726
277	3201	0.0002716530955682172
277	3279	0.0002742151432274469
277	3285	0.00013625065032872818
277	3303	0.0005926537023902808
377	3278	0.0006569497397943901
377	3279	0.00018579049703727646
377	3303	0.00047094636353485356
42	3208	0.0011460109988812427
42	3303	0.000264220559414726
576	3303	0.0010309355098247577
509	3201	0.00022614809239412484
509	3208	0.0007518039740041512
509	3213	0.0007526290881058482
509	3245	0.00045496443369097753
509	3246	0.0004519432177141116
509	3302	0.005113861517420442
509	3303	0.002184476802466371
542	3303	0.0010309355098247577
857	3208	0.0009176593285040394
857	3279	4.357230927075338e-05
857	3278	0.00034750527579349634
857	3303	0.0001709938373841647
279	3208	0.0011056794043145448
279	3275	2.7670487838516634e-05
279	3279	8.606386310144381e-05
279	3303	0.00022726275617505022
510	3201	7.579150877006352e-05
510	3208	0.00014507787237782766
510	3246	0.00017323836189537446
510	3279	0.00030585190594451244
510	3292	0.0027718838753518597
510	3303	0.0006614336198967716
1704	3208	0.001146010998881243
1704	3303	0.00026422055941472604
985	3208	0.001131984452403321
985	3285	4.317284697902588e-05
985	3303	0.0002487368557682611
704	3201	7.229844123016368e-05
704	3208	0.0011181498308683545
704	3303	0.00024273522139271555
1126	3180	0.002210555688812191
1126	3279	0.00041605018325642696
1176	3201	0.0002559569349056719
1176	3275	8.555288668362908e-05
1176	3279	0.000264753459804898
1176	3285	0.00012873568024719873
1176	3303	0.0005672876227589298
1220	3303	0.001030935509824758
3021	3179	0.007771269844203074
3021	3201	0.00021450396479779987
3021	3208	0.0004821680305453802
3021	3246	0.0005357016264655253
3021	3279	0.0008942318225631273
3021	3285	0.00039485462904227816
3021	3303	0.0027351456039012146
929	3303	0.001030935509824758
909	3303	0.001030935509824758
706	3246	0.0006663900721278601
706	3285	0.00030081253046766894
1670	3201	5.885530386083457e-05
1670	3208	0.0010796318844605221
1670	3279	7.461648579838587e-05
1670	3285	3.4393018899170485e-05
1670	3303	0.00021024059340021733
38	3180	0.0023172659227992773
38	3201	0.000173076095427726
38	3208	0.00010817888576987113
38	3243	0.002255158167813376
38	3246	0.00042940843990864477
38	3278	0.00035217974133554025
38	3301	0.0009847495529868976
38	3303	0.0018207147053703563
3177	3086	0.001508084848696584
3177	381	0.001508084848696584
3177	2033	0.001508084848696584
3178	2927	0.001508084848696584
3178	2935	0.001508084848696584
3179	1858	0.001508084848696584
3180	1320	0.001508084848696584
3180	596	0.001508084848696584
3180	1043	0.001223869465841151
3180	2989	0.0006680613597025348
3180	290	0.001035455866633272
3180	883	0.0007710880301966122
3180	726	0.0006836092895698125
3180	159	0.001249834741132879
3180	1149	0.0013101525755354075
3180	3208	0.015067563653229747
1043	3194	0.0009844875662070396
2989	3255	0.0006154535503122759
2989	3286	0.0002622578273367042
2989	3292	0.00046123970136865446
2989	3293	0.000252828588891705
290	3201	0.00014372096359143203
290	3208	0.00013241369857408154
290	3245	0.00045437600189369927
290	3246	0.0003781452110546946
290	3292	0.0010020479656945977
883	3252	0.0004350406897020528
883	3255	0.0005327174414895554
726	3252	0.0005476639766285726
726	3301	0.00047190133667324527
159	3195	0.0006803665205251072
1149	3213	0.0004140421469187802
1590	3181	0.0012071540464945955
1590	3271	0.0010191957660124964
3181	1614	0.001508084848696584
3181	2388	0.001508084848696584
3181	1583	0.001508084848696584
3182	1522	0.0014175177840441665
3182	2761	0.001508084848696584
3182	2395	0.001508084848696584
3182	3284	0.001006592093490062
1522	3211	0.0001519717125362323
3183	1818	0.0015080848486965837
3183	2718	0.0015080848486965837
3184	3185	0.007821411090297227
3184	2027	0.001508084848696584
3184	141	0.001508084848696584
3184	1850	0.001508084848696584
3184	1852	0.001508084848696584
3184	2237	0.0005730325063704871
3184	779	0.0007249656892022464
3184	530	0.001508084848696584
3184	1717	0.001508084848696584
3184	1215	0.0033838082324886593
3184	345	0.001508084848696584
3184	2119	0.001508084848696584
3184	2138	0.001508084848696584
3184	931	0.001508084848696584
3184	2424	0.001508084848696584
3184	1394	0.0014050507181391709
3184	634	0.001508084848696584
3184	483	0.001508084848696584
3184	2643	0.001508084848696584
3184	567	0.001508084848696584
3184	1994	0.001508084848696584
3184	2311	0.0016169445374796306
3184	3184	0.0
3184	524	0.001508084848696584
3184	89	0.001508084848696584
3184	1993	0.001508084848696584
3184	1499	0.001508084848696584
3184	523	0.001508084848696584
3184	445	0.001508084848696584
3184	3191	0.003830815047478036
3184	3214	0.01670920182268675
3185	1472	0.001508084848696584
3185	285	0.0010032934588314305
3185	346	0.001508084848696584
3185	1836	0.001508084848696584
3185	1384	0.001508084848696584
3185	814	0.0022001257407706465
3185	2023	0.001508084848696584
3185	316	0.0004189805833316842
3185	194	0.0005485133685166869
3185	998	0.0005431679924738547
3185	1109	0.001508084848696584
3185	142	0.0006317821128966663
3185	2298	0.001508084848696584
3185	175	0.0008003791217599235
3185	344	0.0008293507585536424
3185	1023	0.0008948612493783905
3185	375	0.001508084848696584
3185	1193	0.001508084848696584
3185	1695	0.0009699104992065876
3185	2079	0.0005431679924738543
3185	568	0.0006574011144860132
3185	606	0.000610369301492331
3185	1572	0.001508084848696584
3185	1283	0.0005431679924738543
3185	2383	0.001508084848696584
3185	1535	0.0006350836958630207
3185	3255	0.006223363552471284
3185	3267	0.004924913134087944
285	3189	0.0009103505950727145
285	3191	0.00039946161077267906
285	3214	0.0006260199062095752
285	3221	0.000987389272317186
285	3234	0.0003372736993789686
285	3241	0.000842585396457786
285	3256	0.000510736207487832
2237	3212	0.0016605521453401035
814	3192	0.0014027936183952947
814	3234	0.00043668608854626265
814	3289	0.0015300330624262754
814	3295	0.001345214453661918
779	3230	0.001139445174021715
316	3212	0.0005612813952186277
316	3214	0.0005730374880644877
316	3234	0.000302272142786642
194	3212	0.0010672237754089974
1215	3284	0.0019774535861569733
998	3256	0.0010546049983702545
1394	3227	0.0024901584905642
142	3191	0.00034765840472089654
142	3221	0.0007576290766193418
142	3256	0.0007719729748660694
175	3234	0.0007825105723887986
344	3212	0.0009799406758426177
344	3221	0.0008065946479956595
344	3265	0.0005483283357272452
1023	3186	0.0012583879516838666
1023	3191	0.0003521704207053594
1023	3203	0.00048576219179383785
1023	3212	0.0008323794240006862
1023	3234	0.00040487319712513076
2311	3202	0.0021849833029090947
1695	3221	0.0009822756895621304
2079	3256	0.0010546049983702545
568	3221	0.0006594553997375111
568	3256	0.0008281698919042725
606	3212	0.0005471796364750449
606	3214	0.0005669977477615781
606	3256	0.00047085432208335146
606	3265	0.0005862876235054923
1283	3256	0.0010546049983702545
1535	3212	0.0007325273865647907
1535	3221	0.0007735843919862359
1535	3256	0.0005416834299818181
3186	275	0.001508084848696584
3186	99	0.001508084848696584
3186	46	0.001508084848696584
3186	447	0.001508084848696584
3186	1606	0.001508084848696584
3186	224	0.001508084848696584
3187	3188	0.003858119041718547
3187	807	0.0007346415974093963
3187	306	0.001393157871782277
3187	1128	0.001508084848696584
3188	1770	0.001508084848696584
3188	349	0.0015341531594805235
3188	3073	0.001508084848696584
3188	364	0.001508084848696584
807	3271	0.001324023816772057
807	3272	0.0005235042757810936
306	3223	0.0015914943198191355
306	3248	0.0012255416515672252
306	3258	0.001762820237362014
306	3276	0.0017005570827600186
306	3297	0.0015506709501009912
349	3227	0.002868248677870395
3189	3190	0.0011454789988515782
3189	1808	0.001508084848696584
3189	902	0.001508084848696584
3189	2467	0.001508084848696584
3189	1714	0.001508084848696584
3189	2808	0.001508084848696584
3191	3192	0.003869401473730816
3191	3191	0.0
3191	2834	0.001508084848696584
3191	444	0.0002840763332024645
3191	2590	0.001508084848696584
3191	485	0.00031131382198924855
3192	442	0.0019307410859139222
3192	3100	0.001508084848696584
3192	294	0.0010717974197227826
442	3276	0.00166624273725816
294	3207	0.0007304195133215402
444	3212	0.0006715071330696462
444	3214	0.000641064719827907
444	3221	0.0007708983109455927
444	3234	0.0002950629607638096
485	3212	0.0007054832154762234
485	3221	0.0007122819869194036
485	3234	0.00029150012134686624
485	3256	0.0005171812305824507
3193	952	0.0002890750603191873
3193	1660	0.001508084848696584
3193	1445	0.00016890970695961435
952	3217	0.0013105231941942226
1445	3217	0.0006068728977694144
1445	3277	0.0005614858132413002
1445	3308	0.0004213945997725608
3194	815	0.001116152213939186
3194	873	0.001508084848696584
3194	897	0.001508084848696584
3194	2404	0.001508084848696584
3194	1305	0.001508084848696584
3194	904	0.0005822608974420761
3194	1314	0.0017084043742365503
3194	270	0.0011161522139391863
3194	1189	0.001508084848696584
3194	2187	0.0013028932366755514
3194	600	0.001508084848696584
3194	435	0.0007341557446606703
3194	1545	0.001508084848696584
3194	948	0.0013028932366755514
815	3258	0.0011016065754472415
904	3297	0.0011814321548414492
1314	3271	0.001360487022814246
270	3258	0.001101606575447242
2187	3276	0.0012686859611368507
435	3199	0.0008465783285343206
948	3276	0.0012686859611368507
3195	3196	0.002158813773406719
3195	1158	0.001508084848696584
3196	654	0.001508084848696584
3196	618	0.001508084848696584
3196	1578	0.0010744379633027491
3196	83	0.001508084848696584
1578	3290	0.0007714488597881185
3197	2568	0.001508084848696584
1347	3198	0.001508084848696584
3198	610	0.0005993003742849911
3198	583	0.0009599629757040816
610	3241	0.0009392470223696238
583	3230	0.0006286860738198235
3199	3200	0.0010806647363746265
3199	770	0.001508084848696584
3199	769	0.0010614473037039852
3200	3001	0.0005581553242550045
3200	3065	0.0004488905738520023
3200	1129	0.001508084848696584
3200	2156	0.001508084848696584
769	3276	0.0008064984736283326
3001	3242	0.0010617464495736295
3065	3226	0.0005054672921672227
3065	3308	0.0006489902426010369
3201	3279	7.411904760523979e-05
2929	3202	0.0015080848486965842
3202	1506	0.0018207980261496172
3202	255	0.0004226395420764825
3202	3057	0.0007733536883343975
3202	2928	0.0015080848486965842
3202	1505	0.0015080848486965842
3202	1809	0.0015080848486965842
1506	3290	0.0011328672449660983
255	3216	0.000845472707979985
255	3224	0.00047932862781925215
3057	3300	0.000787575207585336
3203	3203	0.0
3204	652	0.001508084848696584
3204	1316	0.001508084848696584
3204	2048	0.001508084848696584
3205	1810	0.0009203926283581814
3205	1550	0.0008666299962713443
3205	1680	0.0009462414123688979
3205	3033	0.001508084848696584
3205	283	0.0004423199978571945
1810	3258	0.0008094903657189034
1550	3249	0.0006994441660383113
1680	3229	0.0005976141926908556
283	3219	0.0006682034054818018
283	3264	0.0005841724098805945
283	3298	0.0004412331907385368
3206	1356	0.001508084848696584
3206	1186	0.001508084848696584
3206	686	0.0008090869219829664
686	3240	0.0002815740726882696
686	3306	0.0006521520323009263
3207	703	0.0014679423025934979
3207	895	0.001508084848696584
3207	651	0.001508084848696584
3207	1142	0.001508084848696584
3207	629	0.0004150731456453845
703	3271	0.0012951422150128994
629	3239	0.0006909341191167266
629	3249	0.0004321904263640255
629	3259	0.00019650649456383579
629	3264	0.000476398631962411
629	3304	0.0002728949811588201
3208	1718	0.001145293335485709
3208	514	0.001145293335485709
3208	1355	0.0015080848486965837
3208	1964	0.0015080848486965837
3208	687	0.0009472760901613058
3208	701	0.001136640181546222
3208	705	0.0011954366599007955
3208	506	0.0015080848486965837
3208	1969	0.0015080848486965837
3208	3279	0.000572993898467856
3208	3301	0.006664323136310532
3208	3303	0.0013452472934625424
1718	3246	0.00010872182038999168
1718	3303	0.0002565838255033355
514	3246	0.00010872182038999168
514	3303	0.0002565838255033355
687	3245	0.0005865949239695126
701	3279	0.00011033604909607923
701	3303	0.00026110861805428583
705	3303	0.00031264818879579335
3209	412	0.001508084848696584
412	3297	0.003013840608823752
3210	79	0.00038203705983336683
3210	3083	0.001508084848696584
79	3240	0.00027929715249083394
79	3244	0.0004890333288189867
79	3300	0.0007103166219470877
3211	749	0.0002416861319481304
3211	3284	0.001255802891099604
749	3254	0.0006669470464484916
749	3263	0.0006617483450052838
749	3266	0.0008373061940885965
749	3283	0.00035593489150497956
3212	865	0.0173272814454363
3212	3093	0.001508084848696584
3212	7	0.0006607253870123549
3212	3212	0.0
3212	286	0.0008629144791124385
3212	380	0.001508084848696584
865	3284	0.015941723414684045
7	3214	0.0007823527536357706
7	3229	0.0005393508345463006
7	3238	0.0009077610391921935
286	3221	0.0006439680802527156
286	3256	0.0005805455333483711
286	3265	0.0003638074677008384
3213	1007	0.001508084848696584
3214	3215	0.001649471569645884
3214	459	0.002157528510873258
3214	3214	0.0
3214	579	0.0007781758685781674
3215	2117	0.001508084848696584
459	3236	0.000832608610743344
579	3221	0.0005296654375689044
579	3256	0.0006183987417749516
3216	3217	0.0019568167741589215
3216	833	0.001508084848696584
3216	452	0.0009723960309119827
3216	1916	0.001508084848696584
3217	121	0.001508084848696584
3217	2108	0.001508084848696584
3217	1893	0.0007832224059881148
3217	3271	0.004934615914763155
452	3267	0.0005971798914964146
1893	3308	0.000747274208608227
2280	3218	0.001508084848696584
3218	1959	0.0005033057996061474
3218	376	0.001508084848696584
3218	1284	0.001508084848696584
3218	2378	0.001508084848696584
3218	2731	0.001508084848696584
1959	3295	0.001145760665721654
3219	206	0.001508084848696584
3219	758	0.0006167763270091823
3219	414	0.0007891750314272082
758	3258	0.0008945723036906255
758	3277	0.0005684741362341708
758	3276	0.0008483639143275915
414	3276	0.000978368564709155
3220	1773	0.001508084848696584
3220	1182	0.001508084848696584
3221	3222	0.0041177336333371
3221	1551	0.001508084848696584
3221	863	0.001508084848696584
3221	1921	0.001508084848696584
3221	1617	0.0005681533280246537
3221	605	0.0010319229617785626
3221	317	0.001508084848696584
3221	768	0.001508084848696584
3221	245	0.001508084848696584
3221	181	0.001508084848696584
3221	3221	0.0
3221	2669	0.001508084848696584
3221	1111	0.001508084848696584
3221	213	0.001508084848696584
3221	368	0.001508084848696584
3222	1003	0.001508084848696584
3222	3039	0.001508084848696584
1617	3256	0.001043083595883488
605	3265	0.000594598209196443
3223	3224	0.00159543946891665
3223	1787	0.001508084848696584
3223	1679	0.001508084848696584
3223	1172	0.001508084848696584
3223	1791	0.001508084848696584
3223	2229	0.001508084848696584
3223	2376	0.001508084848696584
3223	3305	0.003997281372594805
3224	2131	0.0009576701734505183
3224	968	0.001508084848696584
3224	2092	0.0003543666587996758
3224	3020	0.0005611401628812414
2131	3276	0.000760386575277495
2092	3231	0.0005036666414927431
2092	3305	0.0008357111413895183
3020	3233	0.0008739759711606529
3020	3276	0.0008736953465458829
3225	3226	0.0017158109229557035
3225	2438	0.001508084848696584
3225	3258	0.002555794787369686
3226	2425	0.0006593789436944808
3226	1729	0.001508084848696584
2425	3308	0.0008723626704548841
3227	3228	0.0018670719422458641
3227	941	0.001508084848696584
3227	2885	0.001508084848696584
3227	1203	0.0015032069324885367
3227	171	0.001508084848696584
3228	2030	0.0027194642904240364
3228	1227	0.001508084848696584
3228	3228	0.0
2030	3246	0.000355127571519882
2030	3303	0.0014580560988853588
1203	3276	0.0010392277604936205
3229	2635	0.001508084848696584
3229	2703	0.0012066440679005144
3229	330	0.0007423945845198795
3229	869	0.001508084848696584
2703	3276	0.0013397181958850037
330	3264	0.0008566786048878623
3231	1504	0.001508084848696584
3231	3023	0.0004925102832312941
3231	558	0.001508084848696584
3023	3239	0.0005603731250747078
3023	3240	0.00023899136852154607
3023	3248	0.000522917763891468
3232	3233	0.0011425215657610186
3233	261	0.001508084848696584
3233	365	0.001508084848696584
3233	809	0.0011770530478124725
3233	1449	0.001508084848696584
3233	950	0.001508084848696584
3233	3271	0.006316196807899538
809	3304	0.0005771844172454749
3234	3234	0.0
3234	742	0.001508084848696584
3234	2451	0.001508084848696584
3235	2701	0.001508084848696584
3235	689	0.0006919517307550562
3235	20	0.000612552645301264
3235	2759	0.001508084848696584
689	3307	0.0008638305485116729
20	3248	0.0016431971660472583
20	3264	0.0017176503787127
20	3290	0.0032918466898358687
20	3307	0.0013167426169958909
1887	3236	0.001508084848696584
3236	1308	0.0004854560969297172
3236	1763	0.001508084848696584
1308	3247	0.001756918247854572
3237	2330	0.001508084848696584
3237	1700	0.0004529001589840401
3237	1902	0.001508084848696584
3237	3107	0.001508084848696584
3237	1062	0.001508084848696584
1700	3305	0.0015147323683682506
3238	71	0.001508084848696584
3238	3276	0.007007171990897162
3239	2226	0.001508084848696584
3239	754	0.0017087108123175888
3239	2379	0.001508084848696584
754	3240	0.0011876559564159806
754	3258	0.001439905330595115
754	3276	0.0026739221247132354
754	3295	0.0015883021033474517
3240	2357	0.001508084848696584
3240	1996	0.001508084848696584
3240	1788	0.001508084848696584
1759	3241	0.001508084848696584
3241	1174	0.001508084848696584
3241	1699	0.001508084848696584
3242	544	0.001262363758134125
3242	1060	0.001508084848696584
3242	1073	0.0018961853887639532
3242	1799	0.001508084848696584
544	3258	0.0009543650908908275
1073	3271	0.0011736166924592177
3243	1115	0.0010132467806703582
3243	959	0.001508084848696584
3243	1004	0.0013818453835376173
3243	227	0.001104884391711618
3243	326	0.001508084848696584
1115	3301	0.0005386290531750965
1004	3245	0.0004921678234380418
227	3258	0.0006630372742254869
1634	3244	0.001508084848696584
3244	793	0.001508084848696584
3244	1312	0.0004011388107631266
3244	908	0.0008998152020317189
3244	434	0.0004309319799687859
3244	2009	0.0008998152020317189
1312	3249	0.0007465219779776539
1312	3305	0.0012517225942325022
908	3276	0.0010447079221707189
434	3248	0.0006166197159904336
434	3299	0.0005292864698771577
2009	3276	0.0010447079221707189
2183	3245	0.001508084848696584
3245	595	0.0009528662668433801
3245	2846	0.001508084848696584
3245	2076	0.001508084848696584
3245	785	0.001508084848696584
3245	1536	0.001508084848696584
3245	1335	0.0010386928891093629
3245	1640	0.000699649590820041
3245	588	0.0004375239719615938
3245	801	0.001508084848696584
3245	3303	0.00441931396923235
595	3286	0.0005916196553329719
595	3295	0.0014448412151928005
1335	3303	0.0004693919595872169
1640	3302	0.0011866561421712146
588	3293	0.001201793373374181
3246	1265	0.001508084848696584
3246	1279	0.00046187464361918765
3246	487	0.001508084848696584
3246	1446	0.0005484674990892896
3246	3303	0.00019967806835899257
1279	3285	0.00019918840218367579
1279	3303	0.0008482797598215851
1446	3303	0.000959617349607293
3247	3248	0.0008095922828583478
3247	2077	0.001508084848696584
3248	199	0.001508084848696584
3249	1982	0.001508084848696584
3249	2483	0.001508084848696584
3249	2521	0.001508084848696584
3249	2058	0.0007798853548824858
3249	1708	0.001508084848696584
2058	3295	0.0009577513398580733
2294	3250	0.001508084848696584
3251	2166	0.001508084848696584
3251	1757	0.0003569730472530388
1757	3268	0.0004809011866203666
1757	3297	0.0008397512800625952
3252	980	0.0004670518245204872
3252	556	0.0004813877431142084
3252	1431	0.0004813877431142083
3252	1339	0.001508084848696584
3252	3255	0.0015297209339999404
980	3255	0.0005928557490605442
980	3286	0.00034315678124489913
980	3289	0.00059556941348751
980	3292	0.0005987092044051166
980	3293	0.00033419055704840404
980	3302	0.0008744415956109825
556	3255	0.00047428578111384767
556	3297	0.0009556341540892444
1431	3255	0.0004742857811138476
1431	3297	0.0009556341540892444
3253	3254	0.004296772554271714
3253	2773	0.001508084848696584
3253	3263	0.006318900484329447
3255	2133	0.001508084848696584
3255	891	0.0009859497890929634
3255	3074	0.0006600508803863564
3255	2807	0.001508084848696584
3255	1944	0.001508084848696584
891	3302	0.0007565343837741338
3074	3297	0.0011003935407142614
3256	3257	0.001037380190305884
3256	2427	0.001508084848696584
3256	1395	0.001508084848696584
3256	1879	0.001508084848696584
3256	3256	0.0
3256	972	0.001508084848696584
3256	221	0.001508084848696584
3258	3259	0.002461085400764293
3258	499	0.001508084848696584
3258	324	0.001508084848696584
3258	624	0.001508084848696584
3258	2266	0.001508084848696584
3258	165	0.001508084848696584
3258	653	0.0009978356830441402
3258	794	0.0007569999160718244
3258	192	0.0011132634454799938
3258	2644	0.001508084848696584
3258	2172	0.001508084848696584
3258	2026	0.001508084848696584
3258	3064	0.001508084848696584
3258	415	0.0011132634454799938
3258	905	0.001508084848696584
3258	29	0.001508084848696584
3258	3296	0.0014007838602431576
3259	1721	0.001508084848696584
653	3276	0.0009783869307048306
653	3306	0.0008392878328563678
794	3295	0.0005040227592766292
794	3305	0.0011325519480100792
192	3276	0.0010975820869623277
415	3276	0.0010975820869623277
3260	953	5.822721423538934e-06
3260	1411	5.822721423538934e-06
3260	2194	5.822721423538934e-06
3260	1173	5.822721423538934e-06
3260	230	5.822721423538934e-06
2367	3261	0.001508084848696584
3261	2441	0.001508084848696584
3261	3007	0.001508084848696584
3261	2970	0.001508084848696584
3261	2969	0.001508084848696584
3261	477	0.001508084848696584
3261	625	0.001508084848696584
3261	424	0.001508084848696584
3262	1068	0.001508084848696584
3264	1637	0.001508084848696584
3264	1292	0.001508084848696584
3264	913	0.001508084848696584
3264	1855	0.0008684843436988546
3264	146	0.001508084848696584
1855	3297	0.0013829356276671896
3265	3265	0.0
3265	2763	0.001508084848696584
3265	2374	0.001508084848696584
3266	3284	0.0011370046856356225
637	3267	0.001508084848696584
3268	3269	0.0018219108365831254
3268	234	0.0007177200067604123
3268	1878	0.0014199100059056767
3269	2702	0.001508084848696584
3269	1804	0.001508084848696584
3269	1662	0.001508084848696584
234	3288	0.0007972222768599253
1878	3288	0.0011393632320606227
1878	3290	0.0013598162050980033
3270	2191	0.0015080848486965837
3270	2124	0.0015080848486965837
3270	1782	0.0015080848486965837
3271	1236	0.001508084848696584
3271	405	0.001508084848696584
3271	2044	0.001508084848696584
3271	1510	0.001508084848696584
3271	149	0.002624571299646077
3271	1805	0.001508084848696584
3271	1049	0.001508084848696584
3271	1013	0.000727951663062376
3271	2083	0.001508084848696584
3271	1577	0.001508084848696584
3271	1214	0.001508084848696584
3271	27	0.001508084848696584
3271	1595	0.001508084848696584
3271	1036	0.001508084848696584
3271	3080	0.001508084848696584
3271	1054	0.001508084848696584
3271	1291	0.001508084848696584
3271	92	0.001508084848696584
3271	823	0.001508084848696584
3271	110	0.001508084848696584
3271	218	0.001508084848696584
3271	3004	0.001508084848696584
149	3276	0.002997854265404887
1013	3306	0.001222640654702002
3272	3273	0.0013431478386119267
3272	2276	0.001508084848696584
3273	1874	0.001508084848696584
3273	518	0.001508084848696584
3273	3104	0.001508084848696584
3274	2673	0.0015080848486965842
3275	1264	0.0002040350354456048
3275	1218	0.001508084848696584
3275	3303	0.0003596881285738904
1264	3303	0.001304049813250983
3276	3277	0.005925909467029889
3276	35	0.001508084848696584
3276	2564	0.001508084848696584
3276	1785	0.001508084848696584
3276	2081	0.001508084848696584
3276	2032	0.0007071264747369741
3276	1767	0.001508084848696584
3276	2477	0.001508084848696584
3276	262	0.001508084848696584
3276	1134	0.001508084848696584
3276	2070	0.001508084848696584
3276	2608	0.001508084848696584
3276	1374	0.001508084848696584
3276	114	0.001508084848696584
3276	1928	0.001508084848696584
3276	727	0.001508084848696584
3276	2630	0.001508084848696584
3276	2189	0.001508084848696584
3276	387	0.001508084848696584
3276	1900	0.001508084848696584
3276	1814	0.001508084848696584
3276	1790	0.001508084848696584
3276	2503	0.001508084848696584
3276	2754	0.001508084848696584
3276	1733	0.001508084848696584
3276	1890	0.001508084848696584
3276	1986	0.001508084848696584
3276	738	0.001508084848696584
3276	1942	0.001508084848696584
3276	2544	0.001508084848696584
3276	2403	0.001508084848696584
3276	1742	0.001508084848696584
3276	1125	0.001508084848696584
3276	1442	0.001508084848696584
3276	2382	0.001508084848696584
3276	732	0.001508084848696584
3276	172	0.001508084848696584
3276	1828	0.001508084848696584
3276	2200	0.001508084848696584
3276	208	0.001508084848696584
3276	2302	0.001508084848696584
3276	2991	0.001508084848696584
3276	2154	0.001508084848696584
3276	3297	0.015323670741585589
3276	3299	0.0053132815183556895
3276	3305	0.012016806418550309
3277	2986	0.001508084848696584
2032	3299	0.0008009583739596102
3278	3279	0.0014710806839138776
3278	2008	0.001508084848696584
3278	3303	0.0053491333492068005
3279	36	0.001508084848696584
3279	947	0.0004999970375206712
3279	1001	0.001508084848696584
3279	1086	0.0004999970375206712
3279	1517	0.001508084848696584
3279	3303	0.0003770577615841545
947	3303	0.0010080878111759133
1086	3303	0.0010080878111759133
3280	3281	0.0005428029530769496
3282	2704	0.001508084848696584
3282	1713	0.001508084848696584
3283	3284	0.002025924954695641
3284	1992	0.001508084848696584
3284	698	0.001508084848696584
3284	2656	0.001508084848696584
3284	2105	0.001508084848696584
3284	1833	0.001508084848696584
3284	2904	0.001508084848696584
3284	2951	0.001508084848696584
3284	2633	0.001508084848696584
3284	1987	0.001508084848696584
3284	1225	0.001508084848696584
3285	496	0.00031151219362480294
3285	3303	0.000215508150360312
496	3303	0.001196572655071779
3286	3287	0.0009114819774440573
3286	667	0.0004354544763194106
3286	463	0.00021797640765425368
3286	764	0.0005818586929544129
3286	1112	0.0004354544763194106
3286	2572	0.0008138931077120733
3286	1079	0.00021797640765425368
3286	497	0.001508084848696584
3286	766	0.00021797640765425368
3286	3292	0.0007091837957915431
3286	3293	0.00024413795281583758
3287	667	0.0009948356401737672
3287	1079	0.0004979013314683011
3287	1112	0.000994835640173767
3287	766	0.000497901331468301
3287	463	0.000497901331468301
3287	3293	0.0010356458695736283
3287	3292	0.00038411444143343794
667	3292	0.0010659487076970819
667	3293	0.00048060566068024033
667	3303	0.0017926284794391634
463	3292	0.0005971605020756799
463	3293	0.00019504660749834895
764	3297	0.0012410430167638278
1079	3292	0.0005971605020756801
1079	3293	0.00019504660749834895
1112	3293	0.0004806056606802404
1112	3292	0.0010659487076970816
1112	3303	0.0017926284794391634
2572	3293	0.00069419174098451
766	3293	0.00019504660749834895
766	3292	0.0005971605020756799
3289	1099	0.001508084848696584
3289	553	0.001508084848696584
3289	1230	0.001508084848696584
3289	161	0.001508084848696584
3289	1485	0.001508084848696584
3289	2815	0.001508084848696584
3290	3291	0.006261634642660671
3290	2956	0.001508084848696584
3290	1303	0.001508084848696584
3290	1106	0.001508084848696584
3290	2570	0.001508084848696584
3290	1367	0.001508084848696584
3290	1796	0.001508084848696584
3290	2080	0.001508084848696584
3290	1877	0.001508084848696584
3290	2343	0.001508084848696584
3290	1055	0.001508084848696584
3290	137	0.001508084848696584
3290	1309	0.001508084848696584
3290	2107	0.001508084848696584
3291	1765	0.001508084848696584
3292	3293	0.0006971354048115273
3292	2339	0.0018693730316383696
3292	661	0.0008258169190999556
3292	2296	0.001508084848696584
3292	2320	0.001039628240807387
3292	2920	0.001508084848696584
3293	1482	0.0008192983186926619
3293	661	0.0002996021000965107
3293	1194	0.001508084848696584
2339	3303	0.0007605229484664756
1482	3302	0.0008292021452805499
661	3301	0.0005190630873331566
2320	3301	0.0005156425312265365
3294	3295	0.0007583458519958847
3295	882	0.001508084848696584
3295	2206	0.001508084848696584
3297	3298	0.003371943524520718
3297	1319	0.001508084848696584
3297	1326	0.0010214670692528002
3297	1357	0.001508084848696584
3297	3098	0.001508084848696584
3297	1020	0.001508084848696584
3297	2890	0.001508084848696584
3297	1867	0.001508084848696584
3298	620	0.001508084848696584
3298	1776	0.001508084848696584
3298	1326	0.0004866177794437831
3300	1140	0.001508084848696584
3301	1876	0.001508084848696584
3301	196	0.001508084848696584
3301	1457	0.001508084848696584
3302	1033	0.001508084848696584
3302	2923	0.001508084848696584
3302	1702	0.001508084848696584
3302	2954	0.001508084848696584
3302	1327	0.001508084848696584
3303	1949	0.0015080848486965837
3303	2299	0.0015080848486965837
3303	765	0.0015080848486965837
3303	924	0.0015080848486965837
3303	3018	0.0015080848486965837
3303	479	0.0015080848486965837
3303	1277	0.0015080848486965837
3303	2408	0.0015080848486965837
3303	1432	0.0015080848486965837
3303	1961	0.0015080848486965837
3303	2004	0.0015080848486965837
3303	714	0.0015080848486965837
3303	2554	0.0015080848486965837
3303	1027	0.0015080848486965837
3303	1154	0.0015080848486965837
3303	2012	0.0015080848486965837
3303	554	0.0015080848486965837
3304	2566	0.001508084848696584
3304	874	0.001508084848696584
3304	2238	0.001508084848696584
3305	3306	0.001713880568379054
3305	1903	0.001508084848696584
3305	2111	0.001508084848696584
3305	1015	0.001508084848696584
3305	3097	0.001508084848696584
3305	1925	0.001508084848696584
3306	3002	0.001508084848696584
3306	2540	0.001508084848696584
413	3307	0.001508084848696584
3307	2657	0.001508084848696584
3307	14	0.001508084848696584
3307	696	0.001508084848696584
3307	1650	0.001508084848696584
3307	443	0.001508084848696584
3307	2372	0.001508084848696584
3307	721	0.001508084848696584
3307	1084	0.001508084848696584
