3109	0.008561950236514484
983	1.4354177192910764e-05
731	0.00019385453225714253
69	0.06981265747032252
1146	7.390433393139901e-06
386	0.0001240658505734516
21	0.2062736016206915
34	0.005518434527038687
440	0.00020742107718748623
2	0.0005549382793924151
282	0.002515188428990979
1153	0.0002344432018272819
876	0.0007519565502321269
392	0.0008133646352303282
3110	0.007284817370567902
400	0.009089606907314874
371	0.004488134405455941
63	0.09235399634136958
557	0.0
292	0.0045024125117380095
1407	0.0
252	0.017810381581083647
40	0.08618809127519549
1697	1.1502640517273206e-05
3111	0.004747200425784667
511	0.0
138	0.0009103519090201132
2978	0.00033204200368067084
1649	4.465612729201836e-05
3112	0.006846408788702724
3113	0.004990884217572185
1204	0.00036418614991335073
1557	0.0
3092	0.0
116	0.0
1201	0.00015915951420563816
397	0.0
2434	0.0001885645005327229
2805	0.0
1698	0.0001885645005327229
338	0.007539241563684307
112	0.023343413833366192
117	0.000349890784360747
649	0.008910118725007726
94	0.047483932717002644
3114	0.02186254451723517
2145	0.0
3008	0.0
1021	0.0
775	0.0
2662	0.0
975	0.0
2144	0.0
3014	0.0
1372	0.0
3015	0.0
1934	0.0
851	0.0
263	0.019967003492519442
1050	0.0
454	0.0
76	0.0
126	0.01736438666819217
3115	0.006518651442502589
2337	0.0
822	0.005485990024570298
309	0.0003382358229309754
9	0.01377036615801645
548	0.0013237835768730684
388	0.00012458271570347956
3054	8.046432180229355e-05
730	0.000198220742858532
1222	0.0032964292463173897
113	0.0006018435423687232
157	0.00014373516488026954
3082	1.121856786101794e-05
314	0.00028235976347854735
446	0.00031625090197435747
569	0.00011588758393729301
119	0.0003005021718880759
179	0.0026349913463545004
494	0.00011833821354591954
3116	0.0036901675112870386
862	0.0004362169739968888
106	0.06319493147206096
976	0.0
416	0.0010252671797089518
562	0.003123620097871978
88	0.006888136523897907
357	0.003525021567867833
1006	0.0002989877155788215
1764	0.0
3117	0.009539962233200791
619	0.0
2616	0.0
1821	0.0
131	0.0
2225	0.0
2203	0.0015486914333109319
2115	0.0
2688	0.0
26	0.0
3118	0.028852204888252374
3119	0.007175127695403292
1170	0.000739522646885407
1586	0.001464008350550748
999	0.0008592282071357912
1359	0.001535552166164261
546	0.0006841514804289745
787	5.108823473750499e-05
2072	0.0
783	0.0
872	0.004837673528198374
269	0.00029650985534836926
1853	0.0
683	0.0
409	0.0002060658963098431
1797	0.0
564	0.00452028458251952
3005	0.0010243221533197827
151	0.001966192446597593
644	0.0
739	0.0
928	0.0039754283086404175
3120	0.005382913465738156
406	0.00018684106129410964
25	0.003238349645825466
685	0.0
2728	0.0
2028	0.00044861683267734574
186	0.0002083880170579906
1868	0.00020842056477712753
3121	0.0077491221596128375
1643	0.0
1774	0.0
1775	0.0
2175	0.0
2919	0.0
996	0.0
1613	0.0001683806829952378
1116	0.0
969	0.0
215	0.005008316077708845
3122	0.029078074909584965
1519	0.00026135059651423794
335	0.001422498318855474
751	6.8527597481982e-05
268	0.002983553108212762
341	0.0
2317	0.00028177820517587027
592	0.00054764364037962
2312	0.0
1206	0.001262092060485127
278	0.0045182194882863475
1123	0.0008901291490235951
169	0.0023195987740735726
893	0.0002609521786232995
1933	0.0004837066577148965
53	0.00022037059455883582
1224	9.289654532741938e-05
62	0.0
1254	0.00038351144918725896
274	0.0042789171575967335
1270	0.0002953969428455479
3123	0.010122044581074033
3124	0.02035795836528742
2097	6.825836231970844e-05
1734	0.0001819898330096258
566	0.0009641351150815254
854	0.0
173	0.0032100576934808007
722	0.0009752321885874394
2037	0.0009263899066509211
3103	0.0
818	5.323494830757644e-05
2513	0.0005999316837999249
238	0.001070126673689409
322	0.008724218593602147
1005	0.0006681900461196339
379	0.0
16	0.0004246612466317851
1325	0.0004135902267610463
451	4.1798080469617286e-05
1484	0.0009752321885874394
3102	6.825836231970844e-05
792	0.0006155209807694536
1274	0.0008469526477015157
2909	0.0
746	6.825836231970844e-05
1978	0.0009672966845286697
2285	0.0
3125	0.014651561993038196
688	0.0
308	0.000252506392649565
264	0.0
467	0.0
353	0.0005465014749029318
334	0.0
24	3.361820225007083e-05
191	0.0018288162156202175
2947	0.0
214	0.0
318	0.0001164484779429745
3126	0.003724796996612225
1237	4.507852024659151e-05
889	6.665839268793542e-05
426	0.0005751206833046861
759	0.00019749499178815693
123	0.0007290137372128313
2640	1.5610567673220854e-05
134	0.0005161845193928474
3127	0.0030212159500453205
519	0.002672493828991527
403	0.0022870966768885146
848	0.0
2431	0.0
2205	0.0
3128	0.02839210578377998
1760	0.00023616547178753662
1820	0.0013097941644080347
2967	0.0
407	0.0
2660	0.0
1615	0.0004248999687243479
1475	0.0
1529	0.0007134867002519508
475	0.000957273090785032
1624	0.0
1932	0.0
1625	0.0
1302	0.0001433052021951819
374	0.00022502809670141023
3129	0.013614124986540212
2549	0.0
613	0.0010307473319712199
1148	0.00022728083474153203
362	3.2264526502799435e-05
1248	9.677949876397428e-05
67	0.00012156671327668584
2777	0.0005236218605412191
232	0.00032714050904665245
1031	0.002092833063074304
2387	0.0
2054	0.0
299	0.002164691798953371
2292	8.661422295169921e-05
1749	0.0018568674534941588
886	0.00019358891422358908
1582	9.861424940413465e-05
3130	0.006105209223241731
1930	0.0001845095898997042
1723	2.127739453070234e-05
762	0.00038034235340409466
1121	0.0
32	0.0017244187644923272
50	0.0001773902058878678
307	0.0
3131	0.009099703033050488
81	3.239669804721882e-05
211	6.721000225444411e-06
61	0.002539812163333771
325	5.990378560542551e-05
617	0.00022257106556281166
327	3.149383164339331e-05
2984	0.0007064297100537807
691	0.00040268578182951114
2972	0.0003809342665086581
788	9.503434779946804e-05
43	0.0006381097100155174
23	0.0016257249232575748
1188	0.0
201	0.001721887667587373
1844	0.00029109936717154383
3132	0.0
796	0.002913914714344091
3133	0.00902144057482296
3134	0.006241230368321437
810	0.0
185	4.7972561387074266e-05
86	0.0
237	0.0011752693597835413
101	0.005226450133240274
2279	0.0021309839884634607
1644	0.0004576890298768566
1567	0.0002511049765651437
3051	2.142125199911067e-05
490	0.0
1399	0.0
3135	0.03264389835253143
2288	0.0
977	0.0
2022	0.0
1195	0.0
1256	0.00025020527963446395
845	0.0
2333	0.0
662	0.0
2576	0.00017994781580697546
438	0.0
177	0.0
2550	0.0
2400	0.0
3069	0.0004694414394583064
2735	0.0
3070	0.0
1358	0.0032226261433805606
1137	0.0
1871	0.0
462	0.001332614476272033
102	0.0
1310	0.0
2305	0.0007214149923179483
2990	0.0010881974352584304
1689	0.0007434033618395635
1096	0.005064834503236889
2537	0.00017994781580697546
1100	0.0007882832506366037
2685	0.0
3136	0.011530007571121074
3137	0.0024538475178038656
231	0.00011694378837874406
366	0.0019350797407573553
645	0.0
1696	0.0017376192581269
1345	9.950843222159629e-05
1383	3.690102773938277e-05
1424	0.0001065879223444604
1037	0.0
90	0.0
384	0.003014845296297429
2742	0.0
3138	0.0
3139	0.0
3140	0.0004600193038299078
3141	0.0057899616496675955
1343	3.7203512570398495e-05
109	9.373075840494632e-05
737	0.0003380533148236403
189	0.04476323594302841
1783	5.351393496331368e-05
3142	0.003340793111647271
1045	0.0005284044299603638
2740	0.0
734	0.0
3143	0.012165963544382057
331	0.00027054281274836825
2995	0.0
2891	0.0
95	0.0009626423612651663
1352	0.0002844068199841518
1130	0.0
1564	0.0021424890532517147
3041	0.00045637281077332736
1743	0.0004063878881267172
1124	0.001241324568267598
2636	0.0
1378	0.0013634335249545545
3144	1.6328530024084582e-05
3145	5.831617865744493e-06
2693	0.0
1521	0.0
2946	0.0
2722	0.0
516	0.0
3146	0.002913618404458314
3147	0.012559672748367057
2932	0.0015980477652140317
3084	0.0006022087461719369
391	2.3023506239721824e-05
1630	0.0
708	0.00021917483639495756
1889	6.187840748810682e-05
601	0.0005556133517757018
75	0.0040792996909746445
1744	0.0
657	0.0009795442918612927
3148	0.008423548156214492
48	0.0022893157576878947
33	0.0002322249655206555
1110	0.0
1707	0.0
3149	0.003986949680005813
2716	0.0
859	3.872843582354639e-05
1593	4.72875055507418e-05
3150	0.04007742088910553
78	0.0
320	0.0
2962	0.0
1594	0.0008760248913396172
1423	0.009003416846249931
1516	0.0005353046389014925
2428	0.0
1476	0.0
3019	0.0002631503306070295
1948	0.0004651216756073725
821	0.0
1781	0.0
677	0.0005353046389014925
2490	0.0005353046389014925
2253	0.0
1985	0.00075242486607682
841	0.00018415136759880035
1276	0.0002357678251121861
602	0.0004029190004807671
921	0.0
2809	0.0
1489	0.0
340	0.0005353046389014925
2964	0.0016312111642921637
1490	0.0
951	0.00075242486607682
1381	0.0
521	0.0
797	0.0
3024	0.0
2987	0.0
1694	0.0003668155541949318
1261	0.00041844761249742215
107	0.0
812	0.0035426542592619905
3151	0.006327390543642528
3152	0.008082436524131736
1684	0.000891651967711923
82	0.0
1918	0.0
1642	0.0
98	1.4038882468462354e-05
961	0.0
1207	0.00020480144250651
849	0.0
1377	0.0
3072	0.0
3153	0.022948742233642665
3154	0.01914540835548355
989	0.0
65	8.635553498902243e-05
1228	0.004580267364262706
819	0.0004972644502525268
1404	0.0
85	0.0004030817724264697
824	8.635553498902243e-05
468	0.0012702152903566499
1825	0.0
2466	0.0
565	0.0005833954375789738
539	0.0
1183	0.0
1621	0.0023074211916634876
990	0.000803246055318949
1579	0.0
30	0.00031964325606419
1692	0.0
64	0.0
190	0.0
312	0.0
561	0.0
820	0.0
1296	0.0
582	0.0004750800419494341
1620	7.571019738773614e-05
782	0.0
1549	0.0
3155	0.0031217387650806917
1354	0.0
3156	0.01244455045742527
1386	0.0
2182	0.0
1178	0.0001748249741518765
3090	0.0
3046	0.0
1333	0.015328349731805352
2455	0.0
184	0.0
140	0.0
3157	0.0020278258589021166
1979	8.219332118201876e-05
3158	0.006777643028520536
3159	0.013110909521092349
132	0.0006185348378135388
1501	9.114212469282608e-05
529	0.0
3053	0.0
2963	0.0
84	0.0
1636	4.7582251887870905e-05
676	0.0009343800049314567
6	0.002937061260419012
1120	1.8836029921699647e-05
2601	0.0
2235	0.0
3160	0.0007494496038543818
3161	0.016321690592310832
2369	0.0
2582	0.0
2031	0.00024172171957978364
348	0.0009740362338949273
3162	0.010540066130546597
3163	0.026999276668684184
2818	0.0
581	0.0
2426	0.0
1962	0.0
2485	0.0
2814	0.0
1627	0.0
2319	0.0
2623	0.0
12	0.0
1645	0.0
956	0.0
2163	0.0
501	0.0
846	0.0
2560	0.0
919	0.0
3164	0.01106655058832969
791	0.00025768626799141083
19	0.0004297713188198855
342	0.0
2812	0.0
28	3.6420912281191464e-06
2029	0.00011520620832917326
3165	0.0147797511168279
3166	0.017404773323404375
111	5.175012429808016e-05
716	0.00024159747712866213
717	2.0810428068533242e-05
1562	0.0
394	5.175012429808016e-05
1425	3.9628980954363096e-05
503	0.0
460	9.757148399115951e-06
402	0.0
1803	5.175012429808016e-05
650	0.0
260	0.0
481	0.0006838480273463778
1859	0.0
1011	0.0
1212	0.0
1103	5.175012429808016e-05
441	0.0
2678	1.3093844570825673e-05
45	9.757148399115951e-06
502	1.3093844570825673e-05
217	5.175012429808016e-05
3167	0.0015092227036546748
3168	0.005729527974587123
535	0.0006764465885915098
15	0.0
223	0.00015690295891563803
1740	0.0
3169	0.0002990812525681393
513	0.002402840025995391
1379	0.002402840025995391
4	8.380405134526624e-06
3170	0.002037347068765373
3171	0.014119496790937137
728	8.454706128033746e-05
1259	0.0013783962070994232
1677	0.0
244	7.878914353767976e-05
979	1.6263734270020756e-05
2050	0.0
713	2.3804293664337047e-05
1180	0.0
272	0.004481367143624219
3172	0.0005007121283402469
3173	0.002960916612901027
3174	0.032023207748157756
1847	0.00030416531456970065
0	0.0003544624383389993
1348	0.0
3026	0.0
1042	0.0015404605402441144
594	0.0
2192	0.00020644900654006495
550	0.0
2214	0.0
1806	0.0
495	0.0016885631217824558
249	0.00035499514151134375
2002	0.0
1977	3.8311380176377283e-05
2095	7.785832034555629e-05
2621	0.00010404362511033832
678	0.0006108256061631616
2979	0.0003893610642184428
508	0.0012386677582012645
3175	0.028626047856713566
128	0.00023765721660389937
1798	0.0
805	0.00013556113485146048
590	0.0
180	0.0
1418	0.0
777	0.0
1163	0.0
858	0.002095569918023536
3176	0.016572832879093866
1091	0.0
587	1.1941314838573076e-05
277	1.517617139774908e-05
377	2.607589146644202e-05
42	1.1941314838573076e-05
576	8.479682891590838e-06
509	0.004881621493726475
542	8.479682891590838e-06
857	3.273357084126408e-05
279	2.374854282696263e-05
510	0.0016025730379866884
2067	0.0
1704	1.1941314838573076e-05
985	1.554975246969884e-05
704	1.5462889876239393e-05
1196	0.0
1488	0.0
1126	0.0009215267010333882
1176	2.5629750142533585e-05
1220	8.479682891590838e-06
3021	0.006610062960110674
929	8.479682891590838e-06
909	8.479682891590838e-06
532	0.0
706	2.82228365694958e-06
784	0.0
1370	0.0
1670	2.06483981657631e-05
332	0.0
38	0.004247288878070253
3177	0.008176329612728643
3086	0.0
381	0.0
2033	0.0
3178	0.0033078573408183974
2927	0.0
2935	0.0
3179	0.01587772376976142
1858	0.0
3180	0.04860219950858104
1320	0.0
596	0.0
1043	0.00035067105896636916
2989	0.00037645238753168214
290	0.0008202888234587196
883	0.00011555694459080826
726	9.769391433287952e-05
159	0.00021138067891229674
1149	0.00010822003227510009
1590	0.00035968119463543715
3181	0.006716348242744008
1614	0.0
2388	0.0
1583	0.0
3182	0.005185380084362419
1522	3.074923352776192e-05
2761	0.0
2395	0.0
3183	0.0033992171496572427
1818	0.0
2718	0.0
3184	0.03771145039429755
3185	0.035945086224434264
1472	0.0
285	0.002057651705675028
2027	0.0
141	0.0
346	0.0
1850	0.0
1852	0.0
1836	0.0
2237	0.00036330414123428593
1384	0.0
814	0.0027075145144771187
779	0.00017843521965064713
2023	0.0
316	0.00017400884006266677
530	0.0
1717	0.0
194	5.3908387717854085e-05
1215	0.0019295320884656993
345	0.0
2119	0.0
998	4.4912587607105944e-05
2138	0.0
1109	0.0
931	0.0
2424	0.0
1394	0.0011953858044189815
142	0.0005012435337863936
2298	0.0
175	3.745956928485695e-05
634	0.0
483	0.0
344	0.000829329971548128
2643	0.0
1023	0.0013622529821366658
567	0.0
1994	0.0
375	0.0
1193	0.0
2311	0.0011486738587121459
1695	0.00022238993767554187
2079	4.4912587607105944e-05
568	0.0003189573650849203
524	0.0
606	0.0006377748506556173
1572	0.0
1283	4.4912587607105944e-05
89	0.0
2383	0.0
1993	0.0
1499	0.0
523	0.0
1535	0.0005882945023001337
445	0.0
3186	0.01296239693586765
275	0.0
99	0.0
46	0.0
447	0.0
1606	0.0
224	0.0
3187	0.007091863641473739
3188	0.004669400537211337
1770	0.0
807	0.0005378629590907837
306	0.003863973328500849
349	0.0014493695844636479
3073	0.0
364	0.0
1128	0.0
3189	0.010202549247702822
3190	0.0030356678634995762
1808	0.0
902	0.0
2467	0.0
1714	0.0
2808	0.0
3191	0.007396182577335711
3192	0.024468997377027426
442	0.0010460452847736302
3100	0.0
294	0.00014729074200912413
2834	0.0
444	0.0005781442943265535
2590	0.0
485	0.0005156243761293651
3193	0.0020228979441710556
952	4.582661383722715e-05
1660	0.0
1445	0.00012548051169583945
3194	0.028474162215978087
815	0.00035537912003223276
873	0.0
897	0.0
2404	0.0
1305	0.0
904	0.00012799937162050217
1314	0.0007815956397602629
270	0.00035537912003223276
1189	0.0
2187	0.0005325596224945904
600	0.0
435	3.638011203873622e-05
1545	0.0
948	0.0005325596224945904
3195	0.005000078948781957
3196	0.006113452439459452
654	0.0
618	0.0
1578	0.0001691590482929364
1158	0.0
83	0.0
3197	0.0015140206717000363
2568	0.0
1347	0.0
3198	0.005256945067726515
610	1.5254545597011362e-05
583	4.0343646785567815e-05
3199	0.005620674652558096
3200	0.007106046836337791
770	0.0
769	0.00018020537717397043
3001	5.599388420478066e-05
3065	4.7704405561473445e-05
1129	0.0
2156	0.0
3201	0.0008509076654219731
2929	0.0
3202	0.011476515424514345
1506	0.0007238945507224927
255	0.00011986086869894891
3057	2.646239339554967e-05
2928	0.0
1505	0.0
1809	0.0
3203	0.0037205317181386467
3204	0.005878924696084801
652	0.0
1316	0.0
2048	0.0
3205	0.0051763681555219605
1810	0.00011106851359581212
1550	2.9038957275300277e-05
1680	1.791270496260732e-05
3033	0.0
283	0.00031440171411301684
3206	0.014583383411840348
1356	0.0
1186	0.0
686	0.00011754340783777096
3207	0.009192707083392895
703	0.0006284585813371921
895	0.0
651	0.0
1142	0.0
629	0.0004887020158900945
3208	0.024072236113977734
1718	1.258986992625771e-06
514	1.258986992625771e-06
1355	0.0
1964	0.0
687	1.291278185037355e-05
701	0.0
705	0.0
506	0.0
1969	0.0
3209	0.0
412	0.0015092227036546748
3210	0.00451229678242005
79	0.00017656902260127272
3083	0.0
3211	0.0004494902309764522
749	0.0006287280381023138
3212	0.03192186220670817
865	0.015904723504574694
3093	0.0
7	0.0006921084309471509
286	0.00047229586824370454
380	0.0
3213	0.005525639799990667
1007	0.0
3214	0.02966638340200234
3215	0.0033435437358783977
459	0.0007421583383491784
2117	0.0
579	0.00020939704590700595
3216	0.013858413895549305
3217	0.016425533964176085
833	0.0
452	3.079251246607489e-05
121	0.0
2108	0.0
1916	0.0
1893	1.1223004237808471e-05
2280	0.0
3218	0.00970550760232178
1959	7.059851008538184e-05
376	0.0
1284	0.0
2378	0.0
2731	0.0
3219	0.0038192216949933114
206	0.0
758	0.0007111357916320449
414	0.0001299275851388677
3220	0.00916814147113012
1773	0.0
1182	0.0
3221	0.026565605048355857
3222	0.007450003736117622
1551	0.0
1003	0.0
863	0.0
1921	0.0
1617	5.165483980227279e-05
605	5.930863961306906e-05
317	0.0
768	0.0
3039	0.0
245	0.0
181	0.0
2669	0.0
1111	0.0
213	0.0
368	0.0
3223	0.01091506857148019
3224	0.006084512043630482
1787	0.0
1679	0.0
2131	0.00010514635635645986
968	0.0
1172	0.0
1791	0.0
2092	9.297162964239778e-05
2229	0.0
3020	0.0004009750246025045
2376	0.0
3225	0.004927560634074871
3226	0.0067656339442127966
2425	1.1846455121694333e-05
2438	0.0
1729	0.0
3227	0.014674088458956165
3228	0.006933575124586802
941	0.0
2885	0.0
2030	0.0015145921466791308
1227	0.0
1203	0.0005179651053698951
171	0.0
3229	0.006720940348664653
2635	0.0
2703	0.0005199318912076374
330	4.556368016513794e-05
869	0.0
3230	0.001857005818142246
3231	0.005351170393214889
1504	0.0
3023	0.00015358815288059766
558	0.0
3232	0.005522692068050107
3233	0.015949362607295518
261	0.0
365	0.0
809	0.0001232643544880617
1449	0.0
950	0.0
3234	0.005460978265762281
742	0.0
2451	0.0
3235	0.006422294767356721
2701	0.0
689	2.388515335273558e-05
20	0.003542356376541434
2759	0.0
1887	0.0
3236	0.00332216049174545
1308	0.0003677057025863154
1763	0.0
3237	0.011540352551587066
2330	0.0
1700	0.00023012490707320117
1902	0.0
3107	0.0
1062	0.0
3238	0.01142342474388318
71	0.0
3239	0.01603562554361366
2226	0.0
754	0.003550622402049766
2379	0.0
3240	0.005881206369919465
2357	0.0
1996	0.0
1788	0.0
1759	0.0
3241	0.005991869851950489
1174	0.0
1699	0.0
3242	0.017932268320684546
544	0.0003548633630368555
1060	0.0
1073	0.0007820516775562848
1799	0.0
3243	0.014643373161826604
1115	2.1928946344601967e-05
959	0.0
1004	0.00018324372715961237
227	0.00013011690886261353
326	0.0
1634	0.0
3244	0.008975101211467145
793	0.0
1312	0.0004463301674701109
908	0.00021855255125598918
434	3.442918211240252e-05
2009	0.00021855255125598918
2183	0.0
3245	0.016812334049257433
595	0.0007417527274445173
2846	0.0
2076	0.0
785	0.0
1536	0.0
1335	0.0
1640	0.00018939938094358774
588	6.571650232772214e-05
801	0.0
3246	0.005351247615942517
1265	0.0
1279	6.299394699895121e-07
487	0.0
1446	0.0
3247	0.003985638767302273
3248	0.012342971337634394
2077	0.0
199	0.0
3249	0.014692914395132001
1982	0.0
2483	0.0
2521	0.0
2058	0.00011495128730467974
1708	0.0
2294	0.0
3250	0.0015092227036546748
3251	0.003338998603428881
2166	0.0
1757	8.489985184449047e-05
3252	0.013850066979387187
980	0.001150700593097504
556	0.00020191945364123748
1431	0.00020191945364123748
1339	0.0
3253	0.012824722178349856
3254	0.0028960535201925323
2773	0.0
3255	0.014316355262675613
2133	0.0
891	0.00011737872955979551
3074	0.0001263725742634405
2807	0.0
1944	0.0
3256	0.0159134540344574
3257	0.00369370297343875
2427	0.0
1395	0.0
1879	0.0
972	0.0
221	0.0
3258	0.028831389263766452
3259	0.004658813688096832
499	0.0
324	0.0
624	0.0
2266	0.0
165	0.0
653	0.0006547115962025887
794	0.0004434213501076444
192	0.0003519172102332532
2644	0.0
2172	0.0
2026	0.0
3064	0.0
1721	0.0
415	0.0003519172102332532
905	0.0
29	0.0
3260	1.1663235731488986e-05
953	0.0
1411	0.0
2194	0.0
1173	0.0
230	0.0
2367	0.0
3261	0.014175070890451306
2441	0.0
3007	0.0
2970	0.0
2969	0.0
477	0.0
625	0.0
424	0.0
3262	0.0015618233019551325
1068	0.0
3263	0.004927214531487328
3264	0.01579583347307615
1637	0.0
1292	0.0
913	0.0
1855	0.0003722354262107183
146	0.0
3265	0.006365990733285307
2763	0.0
2374	0.0
3266	0.006918017206167067
637	0.0
3267	0.007500409184578395
3268	0.00696095999039074
3269	0.005975695375377667
2702	0.0
234	3.433956144018266e-06
1804	0.0
1878	0.0012073441647120235
1662	0.0
3270	0.005094532152783995
2191	0.0
2124	0.0
1782	0.0
3271	0.040246473221777046
1236	0.0
405	0.0
2044	0.0
1510	0.0
149	0.002060313475607558
1805	0.0
1049	0.0
1013	0.00022159178454846456
2083	0.0
1577	0.0
1214	0.0
27	0.0
1595	0.0
1036	0.0
3080	0.0
1054	0.0
1291	0.0
92	0.0
823	0.0
110	0.0
218	0.0
3004	0.0
3272	0.00290565885007955
3273	0.004647539871313014
1874	0.0
2276	0.0
518	0.0
3104	0.0
3274	0.0015109471963664026
2673	0.0
3275	0.001801489296508744
1264	0.0
1218	0.0
3276	0.08281169977853081
3277	0.009538169668920175
2986	0.0
35	0.0
2564	0.0
1785	0.0
2081	0.0
2032	0.0
1767	0.0
2477	0.0
262	0.0
1134	0.0
2070	0.0
2608	0.0
1374	0.0
114	0.0
1928	0.0
727	0.0
2630	0.0
2189	0.0
387	0.0
1900	0.0
1814	0.0
1790	0.0
2503	0.0
2754	0.0
1733	0.0
1890	0.0
1986	0.0
738	0.0
1942	0.0
2544	0.0
2403	0.0
1742	0.0
1125	0.0
1442	0.0
2382	0.0
732	0.0
172	0.0
1828	0.0
2200	0.0
208	0.0
2302	0.0
2991	0.0
2154	0.0
3278	0.011132118769843527
3279	0.007846802631924556
36	0.0
947	0.0
1001	0.0
2008	0.0
1086	0.0
1517	0.0
3280	0.007011049159061697
3281	0.004282922313396708
3282	0.003999557877350792
2704	0.0
1713	0.0
3283	0.0014304178417232157
3284	0.01848683527927614
1992	0.0
698	0.0
2656	0.0
2105	0.0
1833	0.0
2904	0.0
2951	0.0
2633	0.0
1987	0.0
1225	0.0
3285	0.0012591942757386432
496	0.0
3286	0.008718133624505839
3287	0.0071170437573439774
667	0.0016331855689720183
463	0.0
764	0.00015764893231451187
1079	0.0
1112	0.0016331855689720183
2572	0.0
497	0.0
766	0.0
3288	0.004712896025023432
3289	0.01155814935561545
1099	0.0
553	0.0
1230	0.0
161	0.0
1485	0.0
2815	0.0
3290	0.024632789506694737
3291	0.018912347577936337
2956	0.0
1303	0.0
1106	0.0
2570	0.0
1367	0.0
1796	0.0
2080	0.0
1877	0.0
2343	0.0
1055	0.0
137	0.0
1309	0.0
1765	0.0
2107	0.0
3292	0.025428173148466283
3293	0.007768913728139603
2339	0.0005617625642766336
1482	7.031507701591213e-05
661	6.830282850233511e-05
2296	0.0
2320	2.362900897450539e-05
2920	0.0
1194	0.0
3294	0.0006857739911230654
3295	0.010461507661631219
882	0.0
2206	0.0
3296	0.0031193490810946345
3297	0.046235605325857
3298	0.0077055557249382485
620	0.0
1319	0.0
1776	0.0
1326	0.0
1357	0.0
3098	0.0
1020	0.0
2890	0.0
1867	0.0
3299	0.007719526126968457
3300	0.0030918461571478643
1140	0.0
3301	0.016855232940666515
1876	0.0
196	0.0
1457	0.0
3302	0.02691655872610544
1033	0.0
2923	0.0
1702	0.0
2954	0.0
1327	0.0
3303	0.04287830822216318
1949	0.0
2299	0.0
765	0.0
924	0.0
3018	0.0
479	0.0
1277	0.0
2408	0.0
1432	0.0
1961	0.0
2004	0.0
714	0.0
2554	0.0
1027	0.0
1154	0.0
2012	0.0
554	0.0
3304	0.006836508487711083
2566	0.0
874	0.0
2238	0.0
3305	0.03512973544439187
3306	0.006275314865684624
1903	0.0
2111	0.0
3002	0.0
1015	0.0
3097	0.0
2540	0.0
1925	0.0
413	0.0
3307	0.017773961319537204
2657	0.0
14	0.0
696	0.0
1650	0.0
443	0.0
2372	0.0
721	0.0
1084	0.0
3308	0.0072207470259421005
