3109	18	983
3109	62	731
3109	52	69
3109	126	1146
386	16	3109
3109	46	21
34	30	3109
731	16	3109
440	112	3109
2	16	3109
282	16	3109
1153	16	3109
3109	18	876
392	16	3109
1146	14	3109
3110	70	400
371	140	3110
3110	50	63
557	26	3110
3110	70	292
3110	12	1407
252	160	3110
3110	34	40
3110	20	21
1697	0	3110
1407	28	3110
3111	42	511
3111	34	40
3111	78	138
3111	78	2978
138	54	3111
1649	26	3111
511	42	3111
3111	20	21
3112	136	3113
1204	140	3113
1557	136	3112
3092	136	3112
1204	140	3112
116	136	3113
3113	70	1201
397	250	3112
2434	136	3113
2805	136	3113
1698	136	3113
3112	74	338
3113	20	112
3112	70	117
3112	70	649
3112	24	94
3114	452	2145
3114	452	3008
3114	202	1021
3114	202	775
2662	416	3114
3114	452	975
2144	416	3114
975	452	3114
3014	416	3114
3114	202	1372
3015	452	3114
3114	202	1934
3114	202	851
3114	202	263
3114	202	1050
454	428	3114
3114	202	76
3114	202	126
3115	138	2337
3115	46	822
3115	130	309
3115	96	9
3115	46	548
3115	46	388
3115	46	3054
3115	46	730
3115	40	1222
3115	46	21
3115	46	113
3115	46	157
3115	46	3082
3115	46	112
3115	52	69
314	100	3115
3115	46	446
3115	48	822
569	100	3115
3115	46	119
3115	18	179
3115	46	494
3116	70	862
3116	70	106
3116	74	976
3116	70	416
3116	24	94
3116	78	562
3116	70	88
3116	74	357
3116	70	1006
1764	62	3117
619	62	3117
3117	16	1764
3117	16	2616
3117	384	1821
3117	54	131
3117	54	2225
2225	78	3117
3117	16	2203
131	78	3117
2115	78	3117
2688	78	3117
3117	2	26
3118	144	3119
1170	144	3119
1586	30	3119
3118	70	88
3118	70	400
3118	78	999
3118	70	292
1359	100	3119
546	144	3119
787	0	3118
3119	132	2072
3119	18	783
3119	96	9
3118	246	872
3119	48	112
269	140	3118
1853	126	3118
3118	14	683
409	0	3118
3118	50	63
3118	28	1797
564	166	3118
3119	18	3005
3119	52	69
3118	20	21
252	160	3118
3118	70	106
3118	246	151
3118	254	644
739	144	3119
928	160	3118
3120	70	416
3120	34	40
3120	148	69
3120	78	406
3120	24	25
3120	14	685
3120	78	2728
2028	26	3120
3120	144	186
1868	26	3120
406	54	3120
3121	12	1643
1774	244	3121
3121	34	40
1774	126	3121
3121	12	1775
2175	28	3121
3121	144	2919
3121	28	996
1613	26	3121
3121	28	1643
1116	28	3121
3121	70	106
996	12	3121
3121	28	1116
969	12	3121
969	28	3121
3121	12	969
3121	12	996
3121	148	215
406	54	3121
1775	28	3121
3121	148	69
3121	28	969
3122	68	1519
335	54	3122
3122	32	751
3122	32	268
341	0	3122
2317	12	3122
3122	20	592
3122	136	2312
3122	50	63
3122	24	94
3122	32	1206
3122	32	278
3122	12	2317
2317	28	3122
1123	54	3122
3122	32	169
3122	28	2317
893	26	3122
3122	32	1933
53	26	3122
3122	70	1224
3122	34	40
3122	370	62
3122	32	1254
274	160	3122
3122	32	252
3122	70	1270
3122	70	400
3123	268	3124
3123	26	2097
3124	18	1734
566	16	3124
3124	292	854
3124	62	282
173	2	3123
3123	26	722
3123	26	2037
3124	52	69
3123	26	3103
3124	18	818
2513	268	3124
3124	292	238
322	16	3124
3124	126	1005
379	2	3123
3124	62	731
3123	26	3111
3123	26	1005
16	16	3124
1325	16	3124
451	100	3124
3124	18	3005
3124	62	566
3123	268	1484
3124	62	322
238	292	3124
3123	26	3102
792	14	3124
1586	30	3124
3123	26	1274
173	16	3124
2909	2	3123
3124	50	63
3123	268	746
3123	26	1978
2285	144	3124
3125	24	94
688	28	3125
3125	14	308
264	28	3125
3125	28	467
3125	28	264
3125	28	1170
353	28	3125
334	28	3125
3125	28	24
1170	28	3125
3125	70	106
3125	68	191
2947	28	3125
3125	70	88
3125	20	21
3125	78	2978
3125	28	2947
3125	144	214
3125	28	318
138	54	3125
3125	28	353
3125	28	334
3126	46	388
3126	48	21
1237	16	3126
3126	46	357
3126	46	157
3126	52	69
889	16	3126
3126	18	876
3126	62	889
3126	90	357
179	30	3126
3126	46	426
3126	18	759
123	16	3126
2640	14	3126
314	100	3126
3126	46	134
3127	230	519
403	240	3127
848	308	3127
3127	230	403
2431	52	3127
2205	268	3128
3123	268	3128
1760	268	3128
3128	62	1820
1613	268	3128
3128	244	2967
3128	244	407
407	14	3128
3128	344	21
3128	306	3005
2660	268	3128
3128	252	69
1615	14	3128
3128	62	1475
1529	30	3128
3128	126	2967
3128	306	1586
3128	244	475
1624	14	3128
2909	16	3128
1932	226	3128
1625	16	3128
1302	268	3128
374	14	3129
2549	144	3129
3129	126	613
3129	46	21
3129	40	1148
3129	40	362
3129	40	1248
3129	18	67
3129	132	314
2777	144	3129
3129	48	21
3129	40	232
3129	40	1222
613	144	3129
3129	52	69
1325	16	3129
1031	16	3129
2387	268	3129
3129	322	2054
3129	18	299
3129	90	2292
3129	96	9
1749	16	3129
886	16	3129
3129	130	309
1582	30	3129
3129	62	1749
2054	168	3129
3130	28	1930
3130	144	1723
322	54	3130
3130	70	106
762	28	3130
3130	78	173
3130	12	1121
3130	12	762
762	12	3130
3130	28	32
3130	28	50
3130	376	307
3130	20	21
32	28	3130
3131	46	81
211	100	3131
3131	46	61
3131	46	388
3131	46	134
3131	46	403
3131	46	325
3131	46	617
3131	48	21
3131	46	327
3131	46	730
3131	46	2984
3131	46	691
3131	46	446
3131	46	2972
3131	40	1222
788	144	3131
3131	46	822
3131	96	9
3131	46	43
3131	46	23
3131	46	3054
1188	144	3131
3131	46	21
3131	46	426
3131	46	201
3131	46	1844
3131	46	494
3131	46	119
3132	290	796
3132	214	796
796	278	3132
3133	144	3134
3133	144	810
3134	108	21
185	14	3134
3134	48	21
3133	50	63
3133	68	86
3133	318	237
1204	140	3133
3134	96	9
3133	34	101
3133	28	2279
3133	24	94
3134	108	23
3133	12	1644
1586	30	3134
1567	16	3134
1644	12	3133
322	54	3133
3051	16	3134
237	174	3133
490	16	3134
237	318	3133
1359	100	3134
3133	70	106
3134	108	325
3134	132	185
1399	16	3134
3133	12	2279
3133	20	112
3134	18	3005
3135	26	2288
3135	26	2317
3135	26	977
3135	26	2022
1195	2	3135
3135	26	1256
1123	2	3135
3135	294	845
2333	2	3135
662	2	3135
2576	2	3135
438	2	3135
177	2	3135
3135	26	2550
2400	2	3135
3069	2	3135
2735	2	3135
3070	2	3135
1358	2	3135
1137	2	3135
1871	2	3135
3135	26	462
102	2	3135
335	2	3135
3135	26	1310
2305	2	3135
3135	26	2990
1689	2	3135
3135	26	1096
2537	2	3135
1100	2	3135
2685	2	3135
3136	324	3137
3136	52	69
3136	48	519
3136	130	231
3136	48	112
3136	40	366
3136	50	63
3136	18	179
3136	292	645
3136	62	1567
3137	198	1696
3136	46	112
3136	22	112
1345	144	3136
1383	100	3136
3136	18	34
3136	380	645
3136	8	1424
645	292	3136
1037	324	3137
3136	90	90
3136	48	384
179	30	3136
2742	112	3136
3138	466	3139
3140	14	3141
3140	24	94
322	54	3140
3141	46	21
3141	132	314
1031	16	3141
1343	16	3141
314	100	3141
3141	40	1148
3141	52	69
109	16	3141
3141	18	1734
566	16	3141
392	16	3141
3141	96	9
451	100	3141
3141	62	322
737	16	3141
112	30	3141
3140	78	322
3141	118	189
3141	132	451
3140	50	63
3141	48	112
3141	62	1783
3142	320	1045
2740	94	3142
734	60	3142
2740	74	3142
3142	50	63
3143	14	331
2995	358	3143
3143	12	2891
3143	78	95
2891	12	3143
3143	28	1352
1130	358	3143
3143	14	1564
3041	26	3143
2891	28	3143
3143	28	1743
3143	78	1031
1124	126	3143
3143	34	40
3143	14	1124
3143	70	2636
1378	358	3143
1352	28	3143
1743	28	3143
3144	216	3145
2693	450	3144
3145	278	1521
2946	442	3144
2722	278	3144
3144	216	2722
3144	216	516
3145	278	3144
3146	14	3147
3147	18	179
95	16	3147
392	16	3147
3147	328	3146
3147	52	215
2932	16	3147
3147	62	3084
759	30	3147
3147	62	391
3146	24	94
737	16	3147
1630	144	3147
708	16	3147
3147	62	2932
2	16	3147
1630	168	3147
737	54	3146
3146	34	40
3147	322	1630
3147	46	21
3147	126	1630
3147	234	1889
601	30	3147
3147	18	34
179	30	3147
109	16	3147
889	16	3147
3147	48	21
1153	16	3147
3147	90	75
1744	250	3146
3147	96	9
3146	70	657
566	16	3147
3148	96	9
3148	46	157
3148	46	384
3148	46	119
3148	40	48
3148	96	1529
3148	46	33
3148	46	43
3148	48	21
3148	52	69
3148	48	112
3148	46	1110
3148	46	61
3148	46	730
1749	16	3148
3148	46	327
3148	48	134
1707	144	3148
3148	46	21
3148	46	23
3148	46	548
211	100	3148
3148	40	1222
3148	18	876
3148	46	112
3148	46	617
3149	70	2716
3149	208	338
3149	24	94
859	0	3149
252	160	3149
3149	70	1593
3149	50	63
3150	16	78
3150	16	331
546	78	3150
320	62	3150
2962	78	3150
3150	16	1594
3150	16	1423
3150	16	1516
2428	78	3150
1476	78	3150
3150	16	238
3150	16	320
3150	16	3019
3150	54	1948
3150	16	821
1781	78	3150
3150	16	677
2490	62	3150
3150	16	2253
1985	62	3150
3150	16	841
1276	78	3150
602	62	3150
238	62	3150
3150	16	921
3150	54	2809
3150	16	1489
340	62	3150
475	78	3150
2964	62	3150
1490	62	3150
3150	16	340
3150	16	951
3150	16	1381
3150	16	521
3150	16	797
1948	78	3150
797	62	3150
3150	16	3024
2987	62	3150
3150	16	1564
1694	78	3150
3150	16	2490
1261	78	3150
3150	16	107
3150	16	2964
3150	54	1476
3150	54	812
3150	54	1694
3151	316	3152
3152	80	1684
3152	80	730
3152	4	82
3151	338	1918
691	76	3151
3152	80	384
113	76	3151
1642	338	3152
3152	80	1844
3152	4	1642
3152	80	61
98	76	3151
3152	4	961
519	76	3151
3151	316	1918
82	316	3152
112	38	3151
3152	80	1207
21	76	3151
849	76	3151
3152	80	201
961	338	3152
3152	80	822
3151	66	112
3152	80	21
3151	360	1377
3072	338	3152
822	38	3151
403	76	3151
3153	54	3154
3154	12	989
3154	68	191
3153	54	65
3153	54	1228
3153	16	951
3154	78	3153
3153	54	762
819	78	3153
3153	54	1404
3153	54	85
3153	16	824
468	78	3153
1825	140	3154
1404	78	3153
3154	28	1978
3154	12	2466
3154	12	1978
565	28	3154
539	78	3153
3153	16	1124
3154	28	539
3153	16	308
1183	78	3153
1621	78	3153
1868	26	3154
990	12	3154
3153	16	3019
3153	2	1579
3153	54	1978
3153	16	1985
1978	28	3154
3153	16	1423
30	78	3153
1692	166	3154
989	28	3154
64	78	3153
3153	54	30
3153	54	237
3153	54	2279
3153	54	190
3153	54	1644
3154	144	312
3154	78	562
561	28	3154
3153	16	238
3154	70	106
820	62	3153
1302	26	3154
3154	28	989
1296	78	3153
3154	12	990
3154	78	582
539	28	3154
989	12	3154
237	78	3153
3154	28	1620
951	62	3153
3153	54	990
3154	28	1621
1579	26	3154
3154	148	69
561	12	3154
990	28	3154
782	62	3153
3153	54	1549
3154	74	338
3155	50	63
3155	20	112
3155	144	1354
3155	68	1519
3155	70	88
3155	78	582
3156	362	1386
3156	456	2182
3156	354	1178
3156	456	3090
3156	308	69
3156	434	3090
3156	456	3046
3156	354	1333
3156	98	2182
3156	98	2455
3156	98	184
3156	434	2182
3156	434	2455
3156	434	3046
140	28	3157
3157	70	106
1749	54	3157
3157	70	416
3157	34	40
3157	12	1979
3158	28	3159
2964	126	3159
3159	70	132
3159	28	1501
3159	70	117
3159	70	657
3159	70	106
3158	226	529
3159	70	1006
3159	144	3053
3158	70	649
3159	12	2963
84	126	3158
3159	436	69
2963	12	3159
3159	24	94
3158	14	84
1636	26	3159
1501	28	3159
3158	14	529
84	422	3158
3158	34	40
3159	144	3124
3158	78	676
6	166	3158
1120	166	3158
2601	26	3159
2235	26	3158
3159	78	676
3160	244	3161
3161	78	582
85	28	3161
2369	28	3161
1868	26	3161
3161	144	2582
999	54	3161
3160	252	69
173	54	3161
582	54	3161
2031	54	3161
322	54	3161
3161	12	348
3161	24	25
3161	144	1594
3161	78	562
3161	78	2031
348	28	3161
3161	34	40
3161	70	106
3161	68	1519
3160	306	1586
3160	344	112
3161	78	322
3161	28	85
3161	28	2369
3161	74	338
3161	78	2932
3162	206	3163
3162	206	2818
3163	250	581
3163	188	40
3163	250	2426
3162	206	1962
3162	206	2485
3162	206	2814
1627	206	3163
2319	206	3163
3163	250	2623
3163	250	12
3163	250	1645
3162	206	956
3163	188	371
3163	438	2163
3162	206	501
846	206	3163
3162	206	2560
3163	250	2163
3163	188	919
3164	48	112
3164	18	791
3164	130	309
3164	40	1148
3051	16	3164
3164	18	19
569	14	3164
3164	40	366
3164	304	342
601	30	3164
3164	40	232
569	100	3164
2812	100	3164
3164	18	299
3164	48	21
3164	132	569
3164	18	876
3164	48	822
28	16	3164
3164	118	189
3164	18	2029
3164	18	34
3164	40	1222
3164	48	113
3165	46	3166
440	198	3166
3165	46	822
111	80	3166
3165	46	494
716	230	3166
3166	334	189
3165	46	112
3165	46	717
3165	46	426
3165	46	81
3165	46	388
3165	304	1562
819	144	3165
3166	186	394
3165	46	43
1425	16	3165
3165	108	21
446	88	3166
3165	46	61
3165	46	548
3165	46	119
3165	52	69
503	144	3165
3166	88	446
3165	46	460
3166	106	189
402	60	3166
1803	46	3166
94	190	3166
650	80	3166
3165	46	617
3166	142	260
3165	46	446
3165	46	481
3166	164	1859
3116	144	3165
3165	46	21
3166	142	1011
1212	46	3166
3165	46	691
3165	46	1207
3166	332	1103
441	88	3166
3165	96	2678
3165	46	45
3165	46	502
3166	116	217
3167	64	3168
3168	20	2972
3168	70	535
3167	112	15
3168	68	223
3168	24	94
3168	68	1740
3169	214	513
3169	290	796
3169	214	796
3169	214	1379
3169	362	4
3169	290	513
3170	0	3171
409	0	3171
3135	26	3171
3170	0	728
3171	50	63
1259	0	3171
3171	78	1677
244	0	3171
979	134	3170
2050	0	3171
252	92	3171
713	0	3171
278	92	3171
3170	0	1180
3171	58	338
272	92	3171
3172	78	2
3172	68	191
3172	20	21
3172	34	101
3172	70	106
3173	174	3174
3174	78	1567
3174	78	1847
3174	70	106
0	0	3174
1348	174	3174
3026	0	3174
3174	174	1042
3174	20	21
3174	78	594
3173	412	2192
3173	144	550
2214	0	3174
1806	26	3174
3174	78	495
1042	162	3174
3174	174	1348
1259	0	3174
249	0	3174
2002	228	3174
1977	228	3174
3173	148	69
2095	54	3174
3173	144	2621
3174	70	657
678	0	3174
2979	0	3174
2	54	3174
3174	50	63
3174	78	2
3174	34	101
3173	70	88
3174	78	386
3174	210	508
3175	18	128
3175	52	69
1798	16	3175
3175	46	119
805	100	3175
3175	46	519
3175	46	81
3175	46	426
3175	46	113
3175	46	548
3175	358	590
3175	46	43
3175	46	112
3175	46	23
3175	46	3166
3175	46	691
3175	46	460
3175	46	617
3175	46	730
3175	46	180
3175	46	45
3175	46	327
3175	18	3005
3175	260	1418
3175	46	1844
3175	46	481
3175	48	21
3175	46	384
777	14	3175
3175	132	777
3175	304	1163
3175	118	189
3175	46	1207
3175	132	805
3175	50	63
3175	46	822
3175	46	325
858	152	3176
278	152	3176
3176	152	1091
272	152	3176
587	152	3176
277	270	3176
3176	152	268
3176	152	377
3176	152	278
3176	152	858
3176	152	928
42	152	3176
3176	152	576
509	152	3176
542	152	3176
252	152	3176
3176	270	857
3176	154	279
272	154	3176
928	152	3176
510	152	3176
2067	154	3176
1704	152	3176
3176	152	985
3176	154	252
704	270	3176
1196	264	3176
1488	32	3176
1126	152	3176
3176	152	277
3176	270	858
252	154	3176
1176	152	3176
1220	32	3176
3176	152	3021
3176	152	929
3176	152	1126
1206	152	3176
169	152	3176
3176	154	272
3176	152	909
3176	152	509
3021	152	3176
532	32	3176
3176	152	706
784	264	3176
1370	32	3176
3176	152	1670
909	152	3176
332	32	3176
3176	152	510
3176	270	909
3176	154	2067
3176	152	272
3176	152	38
909	270	3176
3176	270	704
38	152	3176
3176	152	2067
1704	154	3176
985	152	3176
2067	152	3176
2990	32	3176
3177	28	3086
3086	28	3177
3177	28	24
3177	34	40
3177	28	381
381	12	3177
3177	70	106
3177	20	21
2033	126	3177
3177	70	132
3177	144	3136
3177	144	2033
24	12	3177
3177	12	3086
3177	24	94
3178	20	384
2927	54	3178
3178	70	106
3178	78	2935
3178	24	94
3178	24	25
3179	24	94
3179	34	40
3179	70	416
3179	208	1858
1586	0	3179
3179	144	3175
3179	78	173
3179	70	106
3179	70	400
3021	160	3179
3179	50	63
3179	70	649
3179	20	112
252	160	3180
3180	94	357
371	140	3180
3180	70	1270
3180	78	1320
596	0	3180
3180	412	2192
3180	32	268
3180	14	1423
3180	32	38
3180	20	21
678	0	3180
3180	174	1043
3180	32	872
1697	0	3180
858	160	3180
2989	26	3180
3180	58	21
3180	42	1930
3180	70	1593
3180	70	1224
3180	34	40
290	160	3180
3180	70	400
3180	78	322
274	160	3180
883	0	3180
3180	70	726
3180	74	159
3180	32	1126
1149	228	3180
53	26	3180
1590	144	3181
3181	40	1222
3181	138	1614
314	100	3181
3181	358	2388
3181	40	1248
314	14	3181
3181	118	189
3181	132	314
3181	96	9
1425	16	3181
3181	322	1583
3181	46	21
3182	354	1522
3182	354	1333
2761	278	3182
3182	432	2395
3182	432	2761
3183	20	481
3183	148	1818
2718	140	3183
3183	34	40
3183	70	649
3184	170	3185
3185	6	1472
3185	166	812
285	170	3185
3184	156	2027
3184	170	141
3185	166	346
3184	170	1850
3184	170	1852
1836	280	3185
3184	156	2237
3185	166	1384
3185	72	814
3184	170	779
3185	166	2023
3185	410	189
316	170	3185
3184	170	530
3184	170	1717
194	170	3185
3184	170	1215
3184	170	345
3184	170	564
3185	166	1096
3184	170	2119
3185	164	998
3184	170	2138
3185	166	1109
3184	170	931
3184	170	2424
3185	166	2777
3184	170	1394
3185	266	1333
3185	6	142
3185	6	2298
3185	6	175
3184	170	634
3184	170	483
344	170	3185
3184	170	2643
1023	194	3185
3184	170	567
3184	170	1994
3185	166	375
3185	166	1193
3184	170	2311
3185	6	1695
3185	6	2079
3184	56	3184
3185	234	568
3185	150	189
3184	170	524
3184	170	6
606	170	3185
1572	280	3185
1283	170	3185
3185	36	998
3184	170	89
3185	166	2383
3184	170	1993
3184	170	1499
1023	236	3185
3184	170	523
1535	170	3185
3184	170	445
23	88	3186
3186	38	275
215	230	3186
1803	46	3186
3186	38	99
3186	186	394
1124	46	3186
3186	102	189
2964	46	3186
3186	38	46
3186	314	189
548	88	3186
275	66	3186
3186	164	447
1606	46	3186
3186	164	224
1023	222	3186
3186	88	548
111	80	3186
3186	332	1103
3186	116	217
3187	52	3188
1359	100	3187
1770	240	3188
807	144	3187
3187	52	69
1359	14	3187
3187	96	9
3187	126	306
3187	22	112
349	172	3188
3187	138	306
3188	230	3073
353	144	3187
3188	230	364
990	144	3187
1684	240	3188
306	144	3187
3187	304	1128
3189	144	3190
285	104	3189
3190	132	451
3190	52	716
3189	70	106
3190	52	69
564	166	3189
1808	166	3189
902	184	3189
2467	140	3189
3189	28	2037
1714	28	3189
2037	28	3189
3190	40	366
3189	78	138
3190	90	357
3190	96	9
3189	148	69
3189	74	75
3190	40	362
34	30	3190
3190	48	21
3190	118	189
2808	140	3189
3191	166	3192
3192	74	357
3192	174	32
3192	28	442
3192	20	21
3100	28	3192
442	28	3192
3192	78	294
285	170	3191
3100	42	3192
263	146	3192
3191	6	142
3191	218	3191
3192	70	88
1023	236	3191
3192	74	75
3184	170	3191
3192	24	94
3192	68	191
2834	232	3191
3192	74	814
444	170	3191
3192	34	101
3191	150	189
3192	42	3100
3191	364	2590
3192	174	468
3191	346	189
32	174	3192
3191	204	485
3193	96	9
3193	132	952
179	30	3193
3193	18	1660
3193	48	33
3193	40	48
3193	18	1445
3193	48	822
3193	18	759
3193	40	366
34	30	3193
3194	78	123
815	12	3194
3194	70	1006
873	138	3194
897	166	3194
3194	42	1615
3194	12	2404
3194	144	1305
3194	78	904
1760	26	3194
3194	28	2404
3194	78	1749
3194	70	88
3194	70	649
873	322	3194
3194	12	1314
1749	54	3194
3194	42	1043
2404	28	3194
1043	42	3194
269	140	3194
270	42	3194
3194	70	117
3194	42	1189
3194	136	2187
3194	78	3150
3194	34	40
3194	28	600
3194	78	322
3194	70	106
3194	74	75
3194	68	435
3194	70	416
1314	12	3194
3194	208	1545
3194	144	873
1615	42	3194
3194	210	508
2404	12	3194
3194	12	948
3195	14	3196
654	14	3196
618	14	3196
3196	244	1501
3195	74	159
1578	16	3196
3196	252	69
1529	30	3196
3195	20	21
3195	144	1158
3195	144	841
83	16	3196
3196	126	654
3195	70	649
3197	306	299
3197	344	201
3197	244	2568
1347	28	3198
3129	138	3198
3198	94	357
3198	14	3129
3198	34	40
610	166	3198
3198	28	314
3198	70	106
3198	144	3129
3198	70	583
3198	28	1347
314	28	3198
2054	12	3198
3198	70	132
3129	322	3198
3199	144	3200
3200	40	1248
3200	18	601
3199	144	770
769	28	3199
3200	40	362
3200	40	508
3200	40	366
3199	70	106
3125	28	3199
1749	16	3200
3200	18	791
138	54	3199
3200	118	189
3199	14	770
3199	298	189
3155	144	3200
3001	144	3200
3200	52	69
3199	78	322
3200	40	1222
3200	40	48
269	140	3199
3200	40	3065
3199	68	435
3200	132	1129
3200	90	2156
3200	18	34
32	28	3199
3199	20	21
805	100	3200
268	154	3201
274	154	3201
509	154	3201
3201	154	1670
928	154	3201
3201	154	704
510	152	3201
3021	154	3201
858	152	3201
278	152	3201
3201	152	252
1176	152	3201
272	154	3201
3201	212	1933
3201	152	3021
704	154	3201
3201	152	268
38	152	3201
3201	152	277
3201	152	1206
3201	152	278
3201	154	268
3201	154	509
278	154	3201
3201	154	272
3201	154	858
3201	152	290
3201	152	872
3201	154	252
268	152	3201
2929	12	3202
1506	244	3202
255	140	3202
3202	34	40
2028	26	3202
2978	54	3202
1506	126	3202
3202	78	2932
3202	78	999
2311	166	3202
3202	24	94
3202	144	3057
2928	28	3202
3202	12	1505
3202	70	106
3202	144	1809
3202	12	2929
3202	78	138
1023	236	3203
3203	346	189
3203	218	3203
126	60	3203
3203	300	3203
3203	266	1178
21	60	3203
3204	78	1820
3204	78	566
652	250	3204
3204	24	94
3204	78	2978
3204	34	40
3204	70	1316
3204	78	282
2048	250	3204
3205	62	1325
3205	52	69
1810	144	3205
3205	62	1550
1680	16	3205
3205	48	21
1810	14	3205
3033	144	3205
3205	118	189
1550	16	3205
3205	62	283
3205	40	366
3205	96	9
3205	108	21
3206	46	33
3206	18	876
3206	96	1529
179	30	3206
3206	440	1356
3206	96	9
3206	52	69
1186	144	3206
3206	46	426
3206	46	3054
3206	96	2678
3206	108	21
3206	46	403
3206	118	189
686	100	3206
3206	234	1889
3206	46	691
3206	46	157
3206	46	112
3206	48	21
95	16	3206
1186	14	3206
3206	46	113
759	30	3206
3206	46	502
3206	46	61
1237	16	3206
3206	46	822
3206	46	21
1359	100	3206
3206	130	231
3206	46	548
3206	46	98
3206	46	43
3207	46	21
30	144	3207
3207	126	703
895	16	3207
294	16	3207
3207	46	822
3207	46	691
3207	46	33
3207	46	1844
3207	46	119
3207	18	179
3207	46	651
34	30	3207
3207	46	519
1142	16	3207
3207	46	23
703	144	3207
3207	46	629
3207	46	43
3207	46	426
3207	40	366
38	152	3208
3208	152	272
272	154	3208
3208	152	3021
3208	154	704
1206	152	3208
3208	152	509
3208	152	587
1704	270	3208
510	154	3208
3208	270	274
268	154	3208
3208	154	42
1718	152	3208
514	152	3208
857	154	3208
3208	154	252
290	154	3208
3208	152	252
1355	32	3208
872	152	3208
985	152	3208
1964	32	3208
3208	152	290
3208	152	42
252	152	3208
3208	152	1670
3208	154	687
3208	152	701
274	152	3208
3208	154	268
3208	152	1206
858	154	3208
3208	152	279
3208	152	268
3208	154	3021
3208	152	278
3208	152	705
3208	152	872
3208	154	510
3208	152	1718
506	32	3208
872	154	3208
3208	152	1933
3180	32	3208
3208	154	705
3208	152	38
858	152	3208
3208	152	151
857	152	3208
1933	152	3208
3208	152	514
704	154	3208
701	152	3208
2990	32	3208
1969	32	3208
3208	152	510
1670	152	3208
151	152	3208
3208	152	928
3208	154	274
587	152	3208
3208	152	274
3208	154	872
705	154	3208
3208	154	858
3209	228	412
1042	14	3210
3210	96	9
79	16	3210
3210	234	1889
731	16	3210
3210	18	299
3210	62	16
3210	62	889
3083	144	3210
2	16	3210
3210	52	69
3210	18	876
1042	144	3210
386	16	3210
3084	16	3210
282	16	3210
3210	118	189
3211	214	513
749	278	3211
3211	354	1522
3211	290	1379
1379	278	3211
3211	214	796
3211	290	749
796	278	3211
3211	290	796
3212	346	189
865	276	3212
3212	150	189
1023	236	3212
1535	170	3212
3212	50	63
3212	166	3093
444	170	3212
3212	6	7
194	170	3212
344	170	3212
3212	300	3212
3212	6	286
21	60	3212
3212	72	126
3212	6	2237
3212	204	485
316	170	3212
3212	6	380
3212	218	3212
606	170	3212
252	92	3213
979	0	3213
1149	228	3213
151	92	3213
1007	228	3213
3213	50	63
509	92	3213
713	0	3213
787	0	3213
928	92	3213
3214	166	3215
459	60	3214
3215	78	138
285	170	3214
3215	144	2117
3214	346	189
606	170	3214
3184	170	3214
3214	300	3214
3215	70	106
3215	34	40
3214	410	189
316	170	3214
3214	72	459
3214	266	1333
21	60	3214
579	236	3214
3214	50	63
3215	298	189
444	170	3214
3214	6	7
3216	144	3217
322	54	3216
1031	16	3217
3216	148	716
3216	28	2279
3216	14	3217
322	16	3217
3216	148	69
2279	28	3216
737	16	3217
255	140	3216
1343	16	3217
3216	74	113
3216	28	3133
3217	126	3216
3217	18	1445
3216	12	3133
952	100	3217
2028	268	3217
391	16	3217
3217	18	34
3217	126	1644
833	140	3216
3216	12	2279
3217	62	322
1644	28	3216
1228	14	3217
3217	62	731
3216	74	452
3217	90	75
3217	40	232
3216	34	40
1644	144	3217
3153	54	3216
3216	28	1644
3217	18	1734
3217	90	121
3217	62	3153
34	30	3217
3217	126	2279
3217	62	392
3216	70	106
3217	52	2108
3217	52	215
1916	140	3216
3217	130	309
1228	144	3217
3133	14	3217
3217	324	1893
3217	40	48
3084	16	3217
3216	20	21
173	16	3217
3217	96	9
2280	250	3218
1959	140	3218
3218	70	376
3218	70	862
3218	70	106
3218	136	1284
3218	70	2378
3218	70	1201
3218	136	2731
3218	34	40
3218	70	535
3218	70	657
1204	140	3219
3219	24	94
206	244	3219
3219	24	25
3219	34	40
3219	70	106
3219	78	283
3219	28	758
3219	144	414
3220	50	63
3220	144	1723
2203	126	3220
2978	54	3220
3220	14	2203
3220	78	138
3220	70	88
3220	70	106
3220	34	40
3220	144	1773
3220	78	2978
3220	24	94
3220	298	189
1182	28	3220
3221	166	3222
3221	50	63
3221	204	485
3221	166	1551
3222	144	1003
592	60	3221
3221	6	19
3221	166	863
1921	280	3221
285	170	3221
3221	6	1617
3222	20	112
3221	6	605
1535	170	3221
3221	6	317
3221	234	568
3221	166	768
3221	166	2037
3221	6	286
3221	166	3161
3222	144	3039
3221	166	245
3222	24	94
3221	6	1695
3222	78	138
181	60	3221
3221	166	1698
3222	34	40
3221	166	1921
3221	218	3221
3221	6	142
3221	166	2669
579	236	3221
3221	6	1111
344	170	3221
3221	166	2434
444	170	3221
3221	44	213
3221	150	368
3223	140	3224
3223	172	1787
3223	140	1679
3224	24	94
2131	28	3224
968	54	3224
3223	140	318
3223	140	1172
3223	140	1096
3224	20	21
3223	140	1791
3223	140	468
3223	140	306
1276	28	3224
3223	140	3174
3224	28	2131
3224	12	2131
255	140	3224
2131	12	3224
2092	26	3224
3223	140	2229
1276	12	3224
3224	12	3020
3224	70	106
3223	140	2376
3224	12	1276
3225	144	3226
3226	52	69
3226	40	3065
3226	40	2425
3226	48	201
3226	40	48
3226	90	338
3225	28	1615
3226	18	299
3226	96	9
3225	74	2438
3226	48	112
3226	358	1743
3225	70	106
3225	34	40
3225	12	1615
3226	358	1729
3226	40	366
3226	18	179
3226	132	1359
1359	100	3226
3226	40	1148
3226	40	232
3227	74	3228
3227	144	941
2885	140	3227
2030	58	3228
3227	78	282
3227	70	416
3227	24	25
3227	94	3228
1948	74	3228
2932	54	3227
1227	74	3228
3227	298	189
3228	114	3228
3228	50	63
3228	128	21
3227	78	999
349	140	3227
3228	320	1045
3227	20	21
3227	70	1006
3227	34	40
3227	70	106
1394	166	3227
3227	78	322
1948	94	3228
3227	28	1203
3227	78	173
3227	144	171
3229	18	2029
3229	48	21
3229	18	2635
3229	18	7
3229	40	1222
2703	268	3229
3229	62	1680
886	16	3229
95	16	3229
805	100	3229
1680	16	3229
330	16	3229
3229	18	876
128	30	3229
869	30	3229
3229	46	21
3229	62	708
3229	132	805
3230	70	88
3230	50	63
3230	20	481
779	166	3230
3230	70	583
3231	126	1504
3023	16	3231
3231	52	558
2092	268	3231
3231	48	21
708	16	3231
3231	52	69
3231	46	21
3231	40	48
3231	18	876
3231	18	34
3231	40	366
34	30	3231
3231	40	1248
3231	118	189
3231	96	9
3232	126	3233
3232	96	9
3233	144	3232
3233	20	21
3233	28	261
3020	28	3233
3232	126	1979
546	28	3233
1586	30	3232
3232	18	1734
3233	74	75
3232	50	63
261	28	3233
3232	18	34
3233	14	365
3232	46	384
3232	46	822
3233	34	101
3232	40	1148
3233	28	809
1979	14	3232
3232	324	3137
3233	74	1449
1979	12	3233
3233	70	106
3233	28	546
3232	46	21
3233	24	94
237	42	3233
3232	18	3005
3233	78	950
3020	12	3233
3232	90	357
285	170	3234
316	170	3234
3234	6	175
3234	72	814
357	60	3234
3234	218	3234
3234	204	485
3234	6	19
742	276	3234
3234	300	3234
1023	236	3234
444	170	3234
3234	50	63
3234	346	189
2451	170	3234
886	16	3235
3235	40	366
1582	30	3235
3235	96	9
3235	48	21
1694	144	3235
3235	18	2701
3235	8	689
3235	46	112
3235	304	20
569	100	3235
2759	112	3235
3235	18	128
1887	94	3236
3236	320	1045
459	60	3236
1228	74	3236
3236	88	1308
1308	88	3236
3236	368	1763
3237	70	2330
1700	146	3237
3237	94	1902
263	146	3237
3237	70	862
3237	74	1902
3237	70	106
3107	376	3237
3107	318	3237
3237	318	3107
3237	24	94
3237	42	1062
3238	96	9
34	30	3238
1749	16	3238
3238	50	63
3238	40	366
2279	144	3238
1359	14	3238
3238	18	34
3238	18	1734
2031	16	3238
71	14	3238
3238	46	21
3238	18	7
2279	14	3238
1228	14	3238
322	16	3238
3239	130	231
173	16	3239
3150	16	3239
3239	46	426
3084	16	3239
3239	46	43
3239	282	2226
3239	46	112
3023	16	3239
3239	18	34
3239	138	754
3239	46	822
1529	112	3239
3239	46	617
3239	48	21
2379	144	3239
16	16	3239
3239	96	9
601	30	3239
3239	90	357
754	168	3239
3239	46	61
3239	46	134
3239	46	629
3239	46	21
3239	46	403
282	16	3239
3240	62	392
3240	126	2357
123	16	3240
2357	14	3240
1996	14	3240
3084	16	3240
566	16	3240
34	30	3240
3240	18	876
791	30	3240
601	30	3240
3023	16	3240
3240	62	3023
282	16	3240
3240	132	686
3240	96	9
1031	16	3240
3240	62	95
3240	304	1788
79	16	3240
3240	396	1996
95	16	3240
109	16	3240
3240	62	123
686	100	3240
754	144	3240
3240	126	1788
1759	184	3241
1174	28	3241
3241	144	1699
610	166	3241
3241	24	94
3241	70	106
285	104	3241
3241	20	21
3242	70	106
3242	28	1345
3242	78	322
3242	136	1621
3242	28	1620
3242	78	406
3242	436	69
3242	144	544
3242	24	94
3242	28	1060
3242	28	1073
3242	208	126
3242	70	88
1345	28	3242
3001	28	3242
3242	144	1799
3242	28	3001
3242	20	21
3242	70	416
249	0	3243
3243	78	1115
0	0	3243
3243	20	21
3243	50	63
244	0	3243
3243	34	101
959	0	3243
1004	248	3243
3243	174	227
3243	74	75
409	0	3243
3243	144	326
788	242	3243
3243	70	106
2979	0	3243
274	160	3243
3243	70	400
38	160	3243
3243	242	788
1634	14	3244
109	16	3244
1237	16	3244
889	16	3244
3244	18	34
793	144	3244
3244	62	1312
908	144	3244
3084	16	3244
601	30	3244
3244	62	566
112	30	3244
3244	62	889
3244	62	434
3244	62	109
3244	118	189
79	16	3244
392	16	3244
3244	40	48
1031	16	3244
2009	268	3244
3244	62	737
3244	132	569
3244	18	601
1153	16	3244
708	16	3244
3244	18	2029
3244	52	69
2183	54	3245
3245	58	338
595	26	3245
2846	0	3245
1123	54	3245
3245	12	3122
3245	78	495
3245	78	2076
3245	28	785
3245	78	1536
1004	248	3245
893	26	3245
1335	370	3245
872	92	3245
3245	28	1640
3245	78	2183
151	92	3245
290	92	3245
588	228	3245
801	228	3245
1206	92	3245
278	92	3245
53	26	3245
509	92	3245
687	92	3245
3246	152	268
1718	152	3246
38	152	3246
3246	152	858
3246	154	290
38	154	3246
3246	152	1206
3246	152	872
2030	32	3246
3246	152	252
514	152	3246
1933	152	3246
1265	32	3246
3246	154	509
3246	152	272
252	154	3246
3246	154	274
3246	154	252
3246	152	1718
3246	154	3021
278	152	3246
1279	152	3246
274	154	3246
928	152	3246
3176	152	3246
858	152	3246
872	154	3246
3246	152	38
272	152	3246
510	152	3246
169	152	3246
487	32	3246
1254	152	3246
274	152	3246
3246	152	928
3246	154	706
3246	152	510
3246	152	1446
3247	144	3248
3150	16	3248
434	16	3248
791	30	3248
306	144	3248
3247	70	106
3248	118	189
3248	18	791
562	54	3247
601	30	3248
3023	16	3248
123	16	3248
708	16	3248
3248	126	306
3247	78	562
3247	94	1308
3248	96	9
3248	18	983
3248	62	3084
3084	16	3248
3247	20	21
3247	208	2077
374	144	3248
3248	18	199
3248	48	21
3248	304	20
3248	18	34
3248	46	21
2932	16	3248
3248	62	1153
3249	46	134
3249	322	1982
3249	40	1222
3249	46	1844
1550	16	3249
3249	46	717
3249	46	384
3249	40	48
3249	48	61
3249	46	3054
3249	46	201
3249	46	494
3249	46	119
1982	14	3249
3249	46	691
3249	96	1424
3249	46	2483
3249	18	67
3249	46	1684
3249	46	2521
3249	46	822
1312	16	3249
3249	46	1207
3249	62	2058
3249	48	43
3249	46	548
3249	50	63
3249	46	629
3249	52	69
1708	16	3249
3249	46	388
2294	60	3250
3250	196	2294
112	356	3250
3251	28	32
3251	20	21
2166	244	3251
3251	78	322
3251	34	40
1930	28	3251
3251	28	1930
3251	144	1757
3251	28	3130
3251	70	106
272	160	3252
371	140	3252
3069	54	3252
3252	70	980
3252	70	400
3252	78	556
3252	34	40
3252	28	1228
3252	70	726
3252	32	169
3252	78	1100
3252	20	21
883	0	3252
556	54	3252
3252	78	1847
1431	54	3252
893	26	3252
3252	78	1431
1339	0	3252
3253	460	3254
1379	278	3254
3253	34	40
749	278	3254
3254	214	1379
3253	68	223
3254	290	513
3254	214	749
3253	70	2773
556	54	3255
3255	28	2133
3255	24	25
335	54	3255
3255	78	891
3255	78	3074
371	140	3255
2989	26	3255
3255	20	21
3255	28	3252
3255	70	980
3255	78	2807
883	0	3255
3255	78	1431
3185	166	3255
3255	34	101
3255	78	1100
1944	12	3255
2133	28	3255
3256	88	3257
3256	150	189
3256	44	3257
3257	88	3256
2427	280	3256
3256	50	63
94	190	3257
2640	330	3257
21	60	3256
3257	128	21
3256	6	1617
3256	364	1395
3257	284	126
3256	6	286
3256	6	1879
3256	300	3256
1535	170	3256
972	60	3256
579	236	3256
3256	410	189
3256	10	221
3256	6	142
3256	234	568
3256	6	2079
3256	56	3256
3256	204	485
285	170	3256
606	170	3256
1283	170	3256
3256	164	998
3258	16	3259
3225	78	3258
499	78	3258
306	78	3258
324	62	3258
3258	16	624
3258	16	2266
3258	16	2621
3118	78	3258
3258	16	165
3258	50	63
3258	54	653
1810	78	3258
794	78	3258
192	78	3258
3258	16	2644
3259	46	201
3258	16	2172
1586	30	3259
2026	78	3258
3258	16	3064
3259	40	48
3259	46	61
3258	54	270
353	78	3258
815	78	3258
1721	292	3259
3259	46	629
3259	46	403
3258	16	544
1359	100	3259
3259	46	112
3258	16	3134
3259	46	23
1261	168	3259
3258	54	415
3259	292	1721
3259	46	134
3258	16	186
754	78	3258
758	78	3258
3259	46	113
905	78	3258
3258	16	3164
3134	62	3258
3258	16	29
227	78	3258
3259	96	9
3259	46	3082
3260	16	953
3260	16	1411
2194	78	3260
1173	62	3260
953	62	3260
3260	16	230
2367	428	3261
3261	452	975
3261	452	3008
2441	416	3261
3007	416	3261
3261	452	3114
3261	202	2970
2969	452	3261
3261	202	1050
3261	452	2145
454	428	3261
3261	202	477
3261	202	625
2144	416	3261
3008	452	3261
3261	202	263
3261	202	1372
3261	202	424
975	452	3261
3262	198	1696
1378	324	3262
1068	324	3262
1379	278	3263
513	278	3263
3263	290	796
3263	214	513
3263	290	749
3253	460	3263
283	16	3264
3264	46	112
3264	126	1743
3264	62	886
3264	50	63
3264	46	201
330	16	3264
3264	46	629
3264	46	2292
3264	126	1637
1383	100	3264
3264	22	112
3264	46	157
1325	16	3264
3264	8	1424
3264	126	1292
1031	16	3264
3264	52	215
3264	46	23
3264	18	179
3264	18	299
3264	358	1637
3264	46	2984
3264	40	1222
3264	46	33
3264	304	20
3264	322	913
3264	46	134
1855	144	3264
3264	46	822
3264	62	330
1743	14	3264
3264	138	792
3264	126	792
3264	18	146
822	60	3265
3265	6	605
3265	300	3265
2763	170	3265
606	170	3265
3265	50	63
3265	6	286
1696	60	3265
3265	44	1696
344	170	3265
3265	346	2374
3266	214	796
3266	290	749
3266	214	513
3266	354	1333
1379	278	3266
637	250	3267
3267	78	16
3267	330	452
3267	78	582
3267	20	21
3267	74	357
3267	70	400
3185	166	3267
3267	70	106
3268	144	3269
2702	144	3269
3268	14	234
3268	144	1757
3269	18	34
3268	70	106
3269	132	1804
3268	70	132
3268	24	94
3268	78	1689
3268	50	63
3268	34	40
3268	78	1878
3269	18	128
3269	18	299
3269	46	21
3269	46	61
1662	144	3269
3269	18	67
3268	70	862
3270	28	2097
3270	28	2191
3270	12	2124
1005	12	3270
1782	12	3270
3270	14	746
2513	26	3270
3270	28	3102
3102	12	3270
3270	70	649
746	126	3270
1170	78	3271
3233	78	3271
1423	62	3271
3271	16	1236
3271	16	405
3271	16	1484
3271	16	2044
1510	78	3271
3271	16	149
3271	16	3124
1805	78	3271
3217	62	3271
762	78	3271
602	62	3271
3271	16	1049
1013	78	3271
2083	62	3271
3271	54	1013
1577	78	3271
3271	16	1985
3271	54	722
1214	78	3271
27	78	3271
3271	54	703
3271	16	1595
3271	16	1036
3080	78	3271
990	78	3271
65	78	3271
1054	78	3271
3271	16	824
1291	78	3271
92	78	3271
807	78	3271
3271	16	823
3271	16	3217
3271	16	1423
722	78	3271
3271	54	1314
1073	78	3271
2285	78	3271
951	62	3271
3271	2	110
1590	78	3271
1978	78	3271
3271	16	218
3174	78	3271
3271	54	3004
3272	172	3273
3273	230	112
3272	140	807
3273	230	1874
3272	172	2276
518	240	3273
3104	52	3273
3272	172	69
3274	290	513
796	278	3274
3274	290	1379
1379	278	3274
513	278	3274
3274	214	513
2673	460	3274
3275	152	1264
3275	154	252
1206	152	3275
1218	152	3275
3275	152	279
3275	152	1218
279	152	3275
1176	154	3275
3275	152	252
274	154	3275
3275	154	1176
3275	154	274
3276	16	3277
2986	112	3277
3277	96	9
948	78	3276
3276	16	1564
35	62	3276
3276	2	2564
3276	16	340
3276	16	1785
3276	16	2081
3276	54	565
758	144	3277
3276	2	2032
1621	78	3276
3276	2	2703
3276	16	1767
3276	2	2477
3276	16	262
758	14	3277
3276	54	1134
1203	78	3276
3276	16	2070
3276	16	414
3276	2	2608
3276	16	1374
114	78	3276
1928	62	3276
727	78	3276
2131	78	3276
3276	16	1516
3276	54	2630
3276	2	2009
3276	16	2189
3277	48	822
3276	2	387
3276	16	149
754	78	3276
3276	2	1900
3276	16	1814
2279	78	3276
3277	118	189
3276	54	415
3276	384	1790
3276	16	677
3276	16	2503
1274	78	3276
2754	78	3276
282	16	3277
3276	2	1733
2187	78	3276
758	78	3276
3276	2	1890
3276	2	1986
192	78	3276
3276	16	3147
32	78	3276
2031	16	3277
3276	54	908
3276	16	3238
3276	16	738
3276	2	1942
2630	78	3276
415	78	3276
3276	16	2544
50	78	3276
442	78	3276
3276	16	2403
3276	16	1742
3276	2	3041
3276	16	3109
1125	78	3276
3276	16	1442
3276	16	2382
653	78	3276
565	78	3276
3277	40	48
3276	2	732
172	78	3276
3277	48	21
3277	18	179
613	78	3276
3276	2	1828
173	16	3277
3277	40	232
3276	54	3020
3276	2	2200
306	78	3276
3276	54	442
3277	18	1445
3276	16	208
348	78	3276
3277	40	366
3276	16	2302
3276	16	2490
769	78	3276
149	62	3276
3277	40	1222
3276	16	2991
237	78	3276
2070	62	3276
1042	78	3276
3276	16	2154
3109	62	3276
3278	32	3279
857	154	3279
928	154	3279
3135	26	3278
3279	152	510
3279	152	701
1176	152	3279
3278	70	292
3176	152	3279
3279	152	279
3278	32	169
36	32	3279
728	32	3279
3279	212	272
872	154	3279
3278	246	252
3278	32	377
3279	152	1176
252	152	3279
1670	152	3279
947	152	3279
3278	78	335
3279	152	277
1001	152	3279
3278	70	400
3279	154	857
3279	152	3208
277	152	3279
701	152	3279
859	0	3278
3278	32	268
1259	0	3278
3279	152	858
3278	32	38
1126	152	3279
3279	154	928
3279	152	268
3278	32	1933
3021	152	3279
1206	152	3279
3278	32	272
3208	152	3279
3278	32	252
268	152	3279
3279	152	1670
510	152	3279
3278	32	857
3278	32	278
3201	152	3279
3279	152	377
2008	304	3278
1086	152	3279
3279	160	1517
3280	28	3281
1116	28	3280
996	28	3280
3280	12	3281
3280	14	1774
6	166	3280
3280	12	1643
3281	12	1116
3281	20	21
3281	28	1775
3280	70	292
1116	28	3281
3281	34	101
3280	70	400
996	28	3281
3280	12	2175
3281	12	2175
3280	70	106
3280	12	3121
3281	28	996
2175	28	3281
3280	28	3121
1116	12	3281
3281	12	3121
3280	34	40
406	54	3281
3280	28	1775
3121	12	3280
3281	144	2919
3281	14	1774
3121	28	3281
3121	28	3280
3281	28	3280
3280	28	2175
2919	348	3281
1613	26	3280
3281	28	3121
1120	166	3280
1774	244	3280
969	28	3281
3280	78	1820
3280	28	996
996	12	3280
3281	12	969
1774	126	3281
1643	28	3280
1359	100	3282
3282	18	759
3282	48	21
3282	40	48
3282	90	2292
3282	132	1359
3282	118	189
2704	144	3282
179	30	3282
1713	144	3282
3282	40	1222
3283	354	3284
1992	354	3284
698	266	3284
3283	214	749
2656	354	3284
2105	354	3284
3266	354	3284
1833	266	3284
2904	354	3284
865	266	3284
2951	354	3284
2633	266	3284
3283	214	1379
3182	354	3284
1215	266	3284
1987	266	3284
3283	214	513
3283	290	749
3283	362	4
1225	266	3284
3211	354	3284
928	154	3285
3285	152	1206
3285	154	274
1279	154	3285
3285	270	277
3285	154	252
3285	270	858
3285	152	928
274	152	3285
1176	154	3285
928	270	3285
252	154	3285
985	154	3285
3285	154	1670
928	152	3285
3285	152	274
3285	154	3021
1176	270	3285
3285	154	751
751	154	3285
3021	154	3285
3285	154	706
3285	154	496
3286	28	3287
2989	26	3286
3287	12	667
3286	12	667
3286	12	463
764	26	3286
1079	12	3287
3287	28	1079
667	28	3287
1977	228	3287
3286	78	2537
1112	12	3287
3287	20	21
3286	12	1112
3286	70	980
2572	228	3286
595	26	3286
252	160	3286
249	0	3286
3286	28	667
3287	12	1079
1079	12	3286
3286	78	2576
3287	24	94
462	12	3286
3286	74	497
3286	70	106
667	28	3286
3286	78	766
3286	24	94
3286	28	462
766	54	3286
667	12	3287
3286	28	1079
3287	28	3286
3287	28	667
3287	12	462
463	28	3286
3287	78	766
3286	70	400
3286	12	3287
3287	28	1112
1079	28	3286
463	12	3287
463	12	3286
766	54	3287
462	12	3287
3287	28	463
3287	50	63
3286	12	462
3288	78	1878
3288	78	282
234	244	3288
371	140	3288
3288	20	21
3288	34	40
6	166	3288
3288	70	88
3288	24	94
371	140	3289
3289	70	1099
553	26	3289
3289	70	400
2979	0	3289
3289	58	814
1230	0	3289
3289	70	1270
3289	94	161
3289	70	980
3289	70	292
278	160	3289
3289	50	63
1485	0	3289
3289	78	335
3289	78	1123
2815	228	3289
3290	26	3291
131	28	3291
3290	268	2956
3290	268	1303
3290	26	1106
2570	2	3290
3290	26	1367
3290	26	1796
131	12	3291
3291	70	649
1820	2	3290
2080	2	3290
3290	26	1624
3290	268	1506
3291	78	3117
3290	26	1877
2343	2	3290
1055	2	3290
562	2	3290
3290	26	1932
3290	268	3128
676	2	3290
3290	26	131
1878	2	3290
3290	268	137
3291	210	508
3290	26	20
3290	268	1309
3117	2	3290
3291	180	1764
1578	2	3290
3291	70	88
3291	20	21
3291	12	1765
3290	294	1821
3291	78	676
2107	2	3290
3292	28	3293
462	28	3292
3292	70	106
3292	28	1079
278	160	3292
3292	28	463
3293	12	1112
3292	20	21
2339	28	3292
3293	78	766
3292	70	1270
1482	228	3293
462	12	3292
3292	70	661
588	228	3293
3293	28	3287
2989	26	3292
3292	70	980
252	160	3292
1079	12	3292
272	160	3292
3292	12	462
3286	12	3292
2989	26	3293
3292	34	40
667	28	3292
3293	12	3287
3287	12	3293
3292	78	2296
463	28	3292
2320	228	3292
462	28	3293
3292	28	1112
3292	12	667
3293	12	3292
462	12	3293
766	54	3293
766	54	3292
3293	70	661
3293	12	462
3292	42	2920
3287	12	3292
290	160	3292
1079	12	3293
1112	12	3292
3292	28	3287
667	12	3292
667	28	3293
3292	70	400
463	12	3293
3293	70	980
3293	12	667
3293	70	106
3293	28	462
3293	34	40
249	0	3292
3286	28	3293
2572	228	3293
510	160	3292
1079	28	3292
3293	12	1256
3292	12	1112
3293	12	1079
2920	42	3292
3293	28	667
1194	12	3293
3292	24	94
3286	12	3293
3292	12	463
3294	376	3295
794	28	3295
754	12	3295
3295	148	882
3295	70	106
3295	12	754
2305	54	3295
1959	140	3295
794	12	3295
595	26	3295
3295	78	322
3295	12	794
3294	70	88
3295	74	75
1636	26	3295
3295	74	814
3295	34	101
2058	54	3295
2	54	3295
3295	12	2206
3294	24	94
3295	28	2206
3294	34	40
3295	24	94
3295	20	61
3296	118	189
28	16	3296
3296	48	21
34	30	3296
3258	16	3296
3296	8	9
3296	18	818
3296	46	61
3296	62	3051
3297	14	3298
3298	90	75
3297	70	292
3297	78	1783
3298	62	2932
620	168	3298
3298	18	179
3297	70	132
3297	14	1319
3298	52	69
2932	16	3298
3297	70	649
3297	20	21
764	26	3297
3297	70	106
3297	34	40
3297	28	722
1359	100	3298
283	16	3298
3297	70	400
1776	268	3298
1326	380	3298
3297	78	3074
3297	14	1326
173	16	3298
3297	42	306
3298	18	34
3297	28	1855
3298	132	185
1357	28	3297
3297	28	3098
737	16	3298
3297	78	1358
3297	12	3098
3297	14	1484
3297	174	374
3276	54	3297
3298	292	1326
3298	118	189
1783	54	3297
1326	292	3298
3297	78	999
3297	28	2279
3298	40	48
3297	78	2031
1431	54	3297
3297	144	1757
1343	16	3298
3297	144	3298
3297	78	556
1855	28	3297
3297	174	412
3298	130	309
179	30	3298
3297	78	1749
3297	78	904
3297	144	1484
1020	28	3297
3297	70	2890
3297	78	2932
3297	78	1867
2932	54	3297
412	174	3297
3298	132	1359
3297	28	1228
3297	28	1644
434	16	3299
123	16	3299
3276	16	3299
3299	18	2029
3299	48	21
3299	62	123
1359	100	3299
3299	18	791
3299	96	9
3299	48	112
2032	268	3299
3299	118	189
3299	132	1359
3300	70	106
3300	70	132
3300	78	79
3057	126	3300
3300	94	21
1140	396	3300
3301	32	252
3301	70	1224
3301	32	3208
3301	78	1876
3301	70	292
3301	70	726
3301	34	101
3301	78	1847
3301	78	1115
3301	74	196
274	160	3301
3301	32	38
3301	50	63
3301	32	872
3301	20	384
3301	70	661
2320	228	3301
3301	24	94
1457	228	3301
3302	68	191
3302	78	891
3302	70	980
1033	228	3302
2923	0	3302
1702	0	3302
509	160	3302
3302	148	215
3302	12	2954
678	0	3302
3302	58	2984
3302	24	25
1482	228	3302
3135	26	3302
3302	78	495
1640	28	3302
2954	28	3302
1327	26	3302
0	0	3302
3302	148	69
3302	34	101
3021	152	3303
3303	152	274
3303	152	3279
3303	152	857
872	270	3303
985	154	3303
3303	154	151
3303	154	1279
858	154	3303
3303	152	42
3303	92	3245
576	152	3303
3246	152	3303
3303	160	1949
3303	154	3275
947	152	3303
3303	152	1254
667	32	3303
3303	154	872
2299	246	3303
3303	270	274
278	152	3303
3303	160	2030
2030	32	3303
3303	154	3285
765	246	3303
3303	270	510
3303	154	3208
3303	160	924
704	154	3303
3018	246	3303
278	270	3303
3303	152	858
1220	246	3303
3303	152	277
765	32	3303
3303	154	985
1949	32	3303
909	152	3303
3208	152	3303
479	246	3303
3303	152	947
3303	152	909
857	152	3303
3303	152	509
272	152	3303
3275	152	3303
3303	152	377
377	152	3303
3303	154	1718
3303	154	38
268	152	3303
1277	32	3303
3303	152	1446
1718	152	3303
3303	152	1206
3303	152	279
38	152	3303
1086	152	3303
3303	270	278
514	154	3303
1670	152	3303
3303	160	2408
985	270	3303
3303	270	576
510	270	3303
1432	32	3303
872	152	3303
3303	152	252
1206	152	3303
3303	160	1961
1176	152	3303
705	152	3303
3303	154	2004
3303	154	704
3303	152	169
3303	160	714
928	152	3303
3278	32	3303
1279	154	3303
1933	152	3303
274	152	3303
496	154	3303
3303	160	1335
3303	152	929
1704	152	3303
3303	152	3208
3208	154	3303
587	152	3303
3303	212	1446
3303	92	2554
3303	154	3021
3303	154	377
252	154	3303
3303	154	587
542	152	3303
38	270	3303
3303	160	2339
151	154	3303
3303	154	1670
3303	152	576
277	152	3303
3303	160	1027
268	154	3303
3303	152	268
3303	270	272
3303	152	928
38	154	3303
3303	160	1112
3303	152	701
3303	152	872
3303	270	38
1264	152	3303
1432	246	3303
1670	154	3303
3303	160	1154
274	154	3303
2012	246	3303
554	32	3303
2299	32	3303
3304	46	629
3304	46	494
3304	282	2566
3304	46	426
3304	46	1207
3304	46	112
3304	96	9
3304	46	730
3304	46	61
3304	46	822
874	14	3304
809	144	3304
3304	48	426
3304	46	446
3304	46	519
3304	46	548
2238	144	3304
3304	46	384
3304	52	69
3304	40	1222
3304	46	1844
3305	144	3306
3223	140	3305
1903	140	3305
1564	304	3305
3305	78	2095
2111	54	3305
3002	144	3306
3305	34	40
3305	168	1564
3306	48	21
3305	78	1015
3305	14	3097
3305	70	535
3306	52	69
1564	126	3305
3305	208	1700
3305	70	657
3097	138	3305
1013	144	3306
2095	54	3305
3305	24	25
2540	144	3306
3305	24	94
3305	20	21
794	12	3305
1925	366	3305
653	144	3306
686	100	3306
3305	70	106
3305	168	3097
392	54	3305
3305	78	1312
2092	26	3305
3305	12	794
3305	78	322
3305	28	794
792	28	3305
3305	70	88
1146	144	3306
3305	78	3276
1153	54	3305
1649	26	3305
1564	138	3305
3305	298	189
413	112	3307
3307	126	1359
3307	18	179
3307	40	1222
3307	118	189
3307	358	1352
3307	50	63
3307	52	69
1582	30	3307
1359	100	3307
3307	358	2657
3307	328	14
3307	8	689
3307	126	696
696	14	3307
3307	304	20
3307	8	9
1650	144	3307
3307	40	366
3307	260	696
443	16	3307
2372	144	3307
721	144	3307
3307	260	1084
3308	48	21
179	30	3308
3308	40	3065
3308	40	2425
282	16	3308
3308	132	185
3308	118	189
3308	40	1222
3153	16	3308
3308	18	179
3308	46	21
3308	18	1445
16	16	3308
3308	324	1893
3308	40	48
3308	18	34
3308	40	1148
3308	96	9
